dep64 0 0 60
**************************************DATA
12 160 480 8 1.33
**************************************DISTANCE
       0   146036    48376   168735    72867   168735   170123    67005    77338    63998    69183    63099   159097    82745   165184    92635    63099    80854   172012    63099   105465    53790    94027   192870    92635    97075    62842    68612    59618    59618    70158    64662    55748   135701    62842   121292   154942    50393    70347    58269   100525    96439   159097    95695    64457    94876    31972    65078    58853    94876    81632    66004   119370    71758    53923   120475    59825    67005    55515    76397    55099    55099    45742   180711   100525   135701    69797    64662    66114    70158    67613   191582    80854   132102   162879    64457   130604    55179    61212   179579   171884    33345    64058   121292    84612    94876   113651    89114    68251   101564    44530    95695   133044    65139   119370   108016    65078   113651   105465    44530    53247    31972    58585   135701    65078    55748    70347    73312    38668    82745   120475    50096   100525   112463    77338    76397   191582    81632    68251    82745    80804    82745    79251    72716    65192    54544    55099    64457   168004    51744   101564   105465    55179    72716    50021   151376   100525    75059    53923   100525    86345    71580    50096    68251    65506   172012    31972    66114    70347    92832   101564   119957    71209    59618   191582    94876    94876   132102    68251   192870   100525 
  146036        0   126191    22429   120576    22429    26671   108986   114850   104419   106695    90903    14325   119582    21731    95567    90903    61935    28560    90903    29588   128247    61468    46727    95567    61981   112141   102486    88638    88638   106995   111437   100019    14975   112141    28936     9127   128759    86162   116839    66210    71053    14325    41772    92132    42445   123726   108574    98683    42445    69989   103516    56619    91198   104075    19956   106211   108986   123586    77717   103057   103057   126351    35939    66210    14975   108951   111437   102951   106995   102139    48130    61935    19947    15832    92132    25856    99287   103291    39096    27611   115541   101571    28936    65068    42445    44996   125951    99864    69760   105572    41772    39686   123702    56619    39372   108574    44996    29588   105572   104103   123726    95294    14975   108574   100019    86162    71728   135473   119582    19956   105197    66210    43199   114850    77717    48130    69989    99864   119582    63700   119582    64566    78476    84390   102804   103057    92132    24552   102718    69760    29588    99287    78476    97506     8377    66210    78022   104075    66210   126208    67148   105197    99864    85632    28560   123726   102951    86162    46670    69760    46353    82896    88638    48130    42445    42445    19947    99864    46727    66210 
   48376   126191        0   148890    25273   148890   150278    18091    43929    15187    32137    35171   138098    39612   145339    55354    35171    68783   152167    35171   109408    11129    76221   173025    55354    77230    15249    19698    31691    31691    27026    51297    19049   115856    15249   153272   134223     6671    64388    10675    80962    63227   138098   116519    42412   113247    27783    16164    26571   113247    63399    33872   113533    35124    41822   136961    12232    18091     7922    58527    18636    18636     6022   159712    80962   115856    27791    51297    21809    27026    26688   171737    68783   112257   141880    42412   150785    24798    17165   159734   152039    23641    31927   153272    67559   113247    92652    45171    64063    85644    40342   116519   163463    60951   113533    88171    16164    92652   109408    40342    16132    27783    25816   115856    16164    19049    64388    68074     8822    39612   136961    30909    80962   105011    43929    58527   171737    63399    64063    39612    79125    39612    67502    60637    33826    50356    18636    42412   148159    47556    85644   109408    24798    60637    25348   130377    80962    69629    41822    80962    53812    60724    30909    64063    33840   152167    27783    21809    64388    94327    85644   111080    40055    31691   171737   113247   113247   112257    64063   173025    80962 
  168735    22429   148890        0   142867        0    25751   131686   137550   127118   129395   113335    10133   142282    20812   117999   113335    62810    27640   113335    52772   150946    84168    48498   117999    83778   134433   125185   111070   111070   129695    88296   122451    37374   134433    31406    14097   153081   108861   139271    88909    93752    10133    42647   114832    44794   146158   131274   121382    44794    92689   126216    49000   113898   126774    19473   128643   131686   146018    79501   125756   125756   148783    15448    88909    37374   131009    88296   125651   129695   124839    47210    62810    42522     6968   114832    18391   121719   125990    35207    15718   137495   124270    31406    87500    44794    67695   148651   101647    92192    95224    42647    32067   117725    49000    61804   131274    67695    52772    95224   126802   146158   117994    37374   131274   122451   108861    94427   157600   142282    19473   127897    88909    46074   137550    79501    47210    92689   101647   142282    86400   142282    65441   101176   107089    92500   125756   114832    18784    92049    92192    52772   121719   101176   120206    20854    88909    78897   126774    88909   147776    69170   127897   101647   108331    27640   146158   125651   108861    69370    92192    43573   105596   111070    47210    44794    44794    42522   101647    48498    88909 
   72867   120576    25273   142867        0   142867   144663    15211    41511    25219    42061    45282   132724    31546   139723    60226    45282    88526   146552    45282   103792    21573    70847   165127    60226    71614    10310    23485    43017    43017    23463    75149    25643   110136    10310   147339   128570    21873    58295    23474    75588    80432   132724   111145    64265   107632    53707    13346    34049   107632    57349    38882   145604    40133    76208   131345    22327    15211    23033    91983    29126    29126    30541   154339    75588   110136    19665    75149    24464    23463    30898   166121    88526   106642   136507    64265   144259    35544    22126   154118   146423    48668    36936   147339    61944   107632    87279    28035    89987    80028    66265   111145   158089    86875   145604    82555    13346    87279   103792    66265    30863    53707    30660   110136    13346    25643    58295    62196    34745    31546   131345    47984    75588   137082    41511    91983   166121    57349    89987    31546    73079    31546    88838    68151    42643    76280    29126    64265   142543    73289    80028   103792    35544    68151    34032   125004    75588   104618    76208    75588    44249    90210    47984    89987    38850   146552    53707    24464    58295    88953    80028   143046    55029    43017   166121   107632   107632   106642    89987   165127    75588 
  168735    22429   148890        0   142867        0    25751   131686   137550   127118   129395   113335    10133   142282    20812   117999   113335    62810    27640   113335    52772   150946    84168    48498   117999    83778   134433   125185   111070   111070   129695    88296   122451    37374   134433    31406    14097   153081   108861   139271    88909    93752    10133    42647   114832    44794   146158   131274   121382    44794    92689   126216    49000   113898   126774    19473   128643   131686   146018    79501   125756   125756   148783    15448    88909    37374   131009    88296   125651   129695   124839    47210    62810    42522     6968   114832    18391   121719   125990    35207    15718   137495   124270    31406    87500    44794    67695   148651   101647    92192    95224    42647    32067   117725    49000    61804   131274    67695    52772    95224   126802   146158   117994    37374   131274   122451   108861    94427   157600   142282    19473   127897    88909    46074   137550    79501    47210    92689   101647   142282    86400   142282    65441   101176   107089    92500   125756   114832    18784    92049    92192    52772   121719   101176   120206    20854    88909    78897   126774    88909   147776    69170   127897   101647   108331    27640   146158   125651   108861    69370    92192    43573   105596   111070    47210    44794    44794    42522   101647    48498    88909 
  170123    26671   150278    25751   144663    25751        0   133073   138937   128506   130782   115597    15608   143669    27477   120261   115597    86331     4723   115597    53675   152334    85556    22561   120261    86068   136228   126573   113332   113332   131083   136131   124450    39062   136228    51182    18791   152846   110249   141298    90297    95140    15608    66168   116220    67281   148420   132662   122770    67281    94076   127603    63320   115285   128162    39838   130905   133073   148280   102554   127144   127144   151045    18759    90297    39062   133038   136131   127039   131083   126226    22877    86331    44784    19391   116220    32711   123418   127378    14929    26194   139628   125658    51182    89762    67281    69083   150038   148618    85260   129659    66168    46386   148395    63320    64066   132662    69083    53675   129659   128190   148420   119382    39062   132662   124450   110249    95815   159560   143669    39838   129284    90297    60393   138937   102554    22877    94076   148618   143669    87788   143669    88962   102563   108477   127498   127144   116220     8453   126805    85260    53675   123418   102563   121594    25500    90297   102418   128162    90297   150296   119868   129284   148618   109719     4723   148420   127039   110249    70757    85260    57804   106983   113332    22877    67281    67281    44784   148618    22561    90297 
   67005   108986    18091   131686    15211   131686   133073        0    32115    10930    30666    33693   120937    27798   128134    48637    33693    76738   134962    33693    92203    22898    59060   155820    48637    60025     6777    11026    31428    31428    15211    62240    12734    98651     6777   136067   117018    19890    47184     9121    63801    68644   120937    99357    53017    96042    46413     2651    23400    96042    46194    27094   133816    28346    63720   119756     7974        0    17967    80394    16331    16331    18634   142551    63801    98651    16194    62240    13121    15211    18015   154532    76738    95052   124719    53017   133580    23954     8415   142529   134834    36414    25149   136067    50354    96042    75491    34289    82692    68439    58971    99357   146302    79581   133816    70966     2651    75491    92203    58971    18585    46413    18873    98651     2651    12734    47184    50869    27451    27798   119756    35160    63801   125294    32115    80394   154532    46194    82692    27798    61920    27798    77876    56947    30856    52716    16331    53017   130954    51569    68439    92203    23954    56947    21294   113216    63801    92830    63720    63801    42930    78620    35160    82692    27062   134962    46413    13121    47184    77166    68439   132188    43242    31428   154532    96042    96042    95052    82692   155820    63801 
   77338   114850    43929   137550    41511   137550   138937    32115        0    34712     8986    29099   127407    10620   133998    12648    29099    69223   140826    29099    98067    51953    48528   161684    12648    43293    35832    22041    26834    26834    20255    69385    28085   104515    35832   141931   122882    45728    39126    34959    41724    37691   127407   106460    40735   101906    54257    32997    22504   101906    40729    13625   139344    15745    52677   125620    33812    32115    43804    87085    28038    28038    44254   147517    41724   104515    23066    69385    20019    20255    17110   160396    69223   100916   130247    40735   139444    23628    30053   148393   140698    47477    14740   141931    38721   101906    62679    26282    81872    51293    61994   106460   153320    80395   139344    76830    32997    62679    98067    61994    29010    54257    23007   104515    32997    28085    39126    48550    53289    10620   125620    42912    41724   132026        0    87085   160396    40729    81872    10620    43328    10620    79528    58600    26201    59861    28038    40735   136818    58714    51293    98067    23628    58600    29217   118744    41724    95012    52677    41724    12682    80273    42912    81872    22437   140826    54257    20019    39126    83921    51293   138051    35602    26834   160396   101906   101906   100916    81872   161684    41724 
   63998   104419    15187   127118    25219   127118   128506    10930    34712        0    23704    20621   116612    30396   123566    40513    20621    72414   130395    20621    87635    21718    54736   151253    40513    55457    16785    13283    17141    17141    17809    53029     4998    94083    16785   131500   112458    16883    42616     5230    59477    49142   116612    95033    32997    91475    35950    12702    12021    91475    41237    19786   129492    21038    37030   115188     2887    10930    17798    60259     7120     7120    12617   138227    59477    94083    19613    53029    13765    17809    18291   149965    72414    90485   120395    32997   129012    10248     8006   137961   130266    30397    17841   131500    45787    91475    71167    36721    65517    63872    48508    95033   141977    69118   129492    66399    12702    71167    87635    48508     8705    35950    11730    94083    12702     4998    42616    46302    24444    30396   115188    25949    59477   120970    34712    60259   149965    41237    65517    30396    57353    30396    73308    52039    19740    43505     7120    32997   126386    42358    63872    87635    10248    52039    12083   108892    59477    65071    37030    59477    45362    61309    25949    65517    19754   130395    35950    13765    42616    72841    63872   127620    28584    17141   149965    91475    91475    90485    65517   151253    59477 
   69183   106695    32137   129395    42061   129395   130782    30666     8986    23704        0    20944   118287    14345   125843    20916    20944    74089   132671    20944    89912    49748    56411   153529    20916    57734    33627    13564    18679    18679    13323    61230    19930    96360    33627   133776   114727    33900    33152    23131    42648    38562   118287    96708    32580    93751    46102    30254    14349    93751    43903     5479   131167    11475    44522   117465    25592    30666    31976    63395    19883    19883    36099   139902    42648    96360    16173    61230    11962    13323     5948   152241    74089    92761   122070    32580   131289    15473    19044   140238   132543    39322     5165   133776    39695    93751    72842    32403    73717    52267    53839    96708   143652    72240   131167    68675    30254    72842    89912    53839    20833    46102    14695    96360    30254    19930    33152    38555    41460    14345   117465    34757    42648   122645     8986    63395   152241    43903    73717    14345    59629    14345    65561    53714    18694    51706    19883    32580   128663    50558    52267    89912    15473    53714    21062   110567    42648    70501    44522    42648    20153    66306    34757    73717    14900   132671    46102    11962    33152    74516    52267   129896    27601    18679   152241    93751    93751    92761    73717   153529    42648 
   63099    90903    35171   113335    45282   113335   115597    33693    29099    20621    20944        0   103193    34458   116775    37932        0    47272   117438        0    74156    52954    41316   135595    37932    28445    36848    24914     4313     4313    29423    43394    17330    80604    36848   117808    99038    36846    16117    25278    44621    40535   103193    60750    13560    56679    36417    33281    12483    56679    20221    15474    93937    15854    25503   100953    22940    33693    37718    44926    16660    16660    32843   124807    44621    80604    31378    43394    25379    29423    21966   135911    47272    77004   106975    13560   114727    12832    25718   127963   116483    29524    18411   117808    24505    56679    57747    48379    57606    54209    38150    60750   128557    57106    93937    52682    33281    57747    74156    38150    17788    36417    17722    80604    33281    17330    16117    20943    40197    34458   100953    16921    44621    85414    29099    44926   135911    20221    57606    34458    24237    34458    47584    26898     9288    33870    16660    13560   114059    34844    54209    74156    12832    26898    14569    95472    44621    52048    25503    44621    40458    41507    16921    57606     9602   117438    36417    25379    16117    59421    54209    91379     9798     4313   135911    56679    56679    77004    57606   135595    44621 
  159097    14325   138098    10133   132724    10133    15608   120937   127407   116612   118287   103193        0   132139    10669   107857   103193    74801    17497   103193    42629   140412    73261    38355   107857    73635   124290   115043   100928   100928   118933   123726   112308    27232   124290    39367     5555   142938    98028   129128    78766    83610        0    51418   103861    54877   136015   121131   111021    54877    81781   116073    54525   103755   114564    27433   118500   120937   135875    87461   115020   115020   138641    19205    78766    27232   120867   123726   114613   118933   114034    37067    74801    32379     3773   103861    23701   111576   115228    25064    19125   127352   114127    39367    77357    54877    57386   137975   136214    82050   117817    51418    37331   135991    54525    51661   121131    57386    42629   117817   116659   136015   107231    27232   121131   112308    98028    83611   147457   132139    27433   117005    78766    53630   127407    87461    37067    81781   136214   132139    75531   132139    74844    90404    96946   115093   115020   103861    13489   114643    82050    42629   111576    90404   109244    12023    78766    90888   114564    78766   137633    77130   117005   136214    97527    17497   136015   114613    98028    59227    82050    48754    94604   100928    37067    54877    54877    32379   136214    38355    78766 
   82745   119582    39612   142282    31546   142282   143669    27798    10620    30396    14345    34458   132139        0   138730    22808    34458    83231   145558    34458   102799    47637    58688   166416    22808    53453    27171    18398    32193    32193    13637    74744    26452   109247    27171   146663   127614    41411    46666    30642    51884    47851   132139   111192    46094   106638    59664    28594    27863   106638    50890    18984   140309    25093    58036   130352    29495    27798    39488    76909    30833    30833    40155   149044    51884   109247    15238    74744    16376    13637    15079   165128    83231   105648   131212    46094   144176    28987    25736   153125   145430    52649    20099   146663    48881   106638    87287    17523    87231    61453    67353   111192   158052    85754   140309    81562    28594    87287   102799    67353    32549    59664    25705   109247    28594    26452    46666    58710    48972        0   130352    48271    51884   136759    10620    76909   165128    50890    87231        0    53488        0    88472    67543    32312    65220    30833    46094   141550    64072    61453   102799    28987    67543    34388   119709    51884    84119    58036    51884    13953    89216    48271    87231    29190   145558    59664    16376    46666    88653    61453   142784    40961    32193   165128   106638   106638   105648    87231   166416    51884 
  165184    21731   145339    20812   139723    20812    27477   128134   133998   123566   125843   116775    10669   138730        0   121440   116775    81392    29366   116775    48736   147395    80616    43301   121440    81128   131289   121634   114510   114510   126143   137309   125891    34123   131289    46243    13852   147907   105309   142711    85357    90201    10669    61229   111280    68460   149598   127722   117831    68460    89137   122664    63643   110346   123223    41016   132083   128134   149458   101044   122205   122205   152224    26612    85357    34123   128098   137309   122099   126143   121287    48936    81392    45962    14451   111280    33034   125159   122439    35669    28596   134688   120718    46243    90940    68460    64143   145099   149797    95632   124719    61229    46709   149574    63643    65244   127722    64143    48736   124719   123250   149598   114442    34123   127722   125891   105309    90875   154620   138730    41016   124345    85357    60717   133998   101044    48936    89137   149797   138730    82848   138730    84023    97624   103537   128676   122205   111280    14879   121865    95632    48736   125159    97624   116654    19004    85357    97479   123223    85357   145356   114929   124345   149797   104780    29366   149598   122099   105309    65818    95632    58128   102044   114510    48936    68460    68460    45962   149797    43301    85357 
   92635    95567    55354   117999    60226   117999   120261    48637    12648    40513    20916    37932   107857    22808   121440        0    37932    70558   122102    37932    78820    67898    39671   140259        0    34221    51792    34231    35667    35667    32433    79350    37222    85268    51792   122472   103702    57029    41598    46373    32589    28503   107857    73988    48256    70413    70755    48225    32285    70413    31557    23450   108447    27766    60198   105618    42832    48637    55218    79337    37675    37675    54018   129471    32589    85268    35164    79350    32209    32433    26864   140575    70558    81668   111639    48256   119391    33420    42317   132627   121147    62140    24710   122472    29573    70413    53646    38862    91838    42176    72846    73988   133222    91801   108447    57346    48225    53646    78820    72846    38804    70755    32666    85268    48225    37222    41598    39357    64635    22808   105618    51796    32589    99925    12648    79337   140575    31557    91838    22808    34256    22808    70870    50184    31419    69826    37675    48256   118094    69540    42176    78820    33420    50184    44105   100136    32589    86650    60198    32589    16954    71894    51796    91838    28768   122102    70755    32209    41598    55764    42176   105890    39020    35667   140575    70413    70413    81668    91838   140259    32589 
   63099    90903    35171   113335    45282   113335   115597    33693    29099    20621    20944        0   103193    34458   116775    37932        0    47272   117438        0    74156    52954    41316   135595    37932    28445    36848    24914     4313     4313    29423    43394    17330    80604    36848   117808    99038    36846    16117    25278    44621    40535   103193    60750    13560    56679    36417    33281    12483    56679    20221    15474    93937    15854    25503   100953    22940    33693    37718    44926    16660    16660    32843   124807    44621    80604    31378    43394    25379    29423    21966   135911    47272    77004   106975    13560   114727    12832    25718   127963   116483    29524    18411   117808    24505    56679    57747    48379    57606    54209    38150    60750   128557    57106    93937    52682    33281    57747    74156    38150    17788    36417    17722    80604    33281    17330    16117    20943    40197    34458   100953    16921    44621    85414    29099    44926   135911    20221    57606    34458    24237    34458    47584    26898     9288    33870    16660    13560   114059    34844    54209    74156    12832    26898    14569    95472    44621    52048    25503    44621    40458    41507    16921    57606     9602   117438    36417    25379    16117    59421    54209    91379     9798     4313   135911    56679    56679    77004    57606   135595    44621 
   80854    61935    68783    62810    88526    62810    86331    76738    69223    72414    74089    47272    74801    83231    81392    70558    47272        0    88220    47272    41368    96213    41657   109079    70558    44768    80092    70279    50514    50514    74734    27908    68110    53973    80092    45846    70276    98739    34732    84929    45742    50596    74801    23995    40842    23005    54847    76525    56761    23005    42741    59596    51760    56488    38507    49462    74302    76738    91676    19112    60952    60952    66181    70022    45742    53973    76668    27908    70414    74734    69836   107790        0    41849    69189    40842    58131    57076    71029    95787    66903    48628    68902    45846    42332    23005    43040    93776    43492    50445    39957    23995    51025    59569    51760    56425    76525    43040    41368    39957    62112    54847    63032    53973    76525    68110    34732    32796    63746    83231    49462    46941    45742    43232    69223    19112   107790    42741    43492    83231    39042    83231     6495    20375    49618    37233    60952    40842    84212    36783    50445    41368    57076    20375    58831    65607    45742    21592    38507    45742    83827     8781    46941    43492    50882    88220    54847    70414    34732    32997    50445    49257    37987    50514   107790    23005    23005    41849    43492   109079    45742 
  172012    28560   152167    27640   146552    27640     4723   134962   140826   130395   132671   117438    17497   145558    29366   122102   117438    88220        0   117438    55564   154223    87445    30191   122102    87957   138117   128462   115096   115096   132972   138503   126339    40951   138117    47320    20680   154735   112138   143187    92186    97029    17497    68057   118109    69654   150178   134551   124659    69654    95965   129492    63446   117175   130051    41069   132713   134962   150065   129200   129033   129033   145134    14433    92186    40951   134927   138503   128928   132972   128115    30507    88220    46372    21280   118109    32837   125307   129267    22559    21868   141517   127547    47320    91684    69654    70972   151927   149423    87149   131548    68057    46512   149599    63446    65906   134551    70972    55564   131548   130079   150178   121271    40951   134551   126339   112138    97704   161449   145558    41069   131174    92186    60520   140826   129200    30507    95965   149423   145558    89677   145558    90851   104452   110366   129870   129033   118109     3882   128694    87149    55564   125307   104452   123483    27389    92186   104307   130051    92186   152185   121757   131174   149423   111608        0   150178   128928   112138    72646    87149    57931   108872   115096    30507    69654    69654    46372   149423    30191    92186 
   63099    90903    35171   113335    45282   113335   115597    33693    29099    20621    20944        0   103193    34458   116775    37932        0    47272   117438        0    74156    52954    41316   135595    37932    28445    36848    24914     4313     4313    29423    43394    17330    80604    36848   117808    99038    36846    16117    25278    44621    40535   103193    60750    13560    56679    36417    33281    12483    56679    20221    15474    93937    15854    25503   100953    22940    33693    37718    44926    16660    16660    32843   124807    44621    80604    31378    43394    25379    29423    21966   135911    47272    77004   106975    13560   114727    12832    25718   127963   116483    29524    18411   117808    24505    56679    57747    48379    57606    54209    38150    60750   128557    57106    93937    52682    33281    57747    74156    38150    17788    36417    17722    80604    33281    17330    16117    20943    40197    34458   100953    16921    44621    85414    29099    44926   135911    20221    57606    34458    24237    34458    47584    26898     9288    33870    16660    13560   114059    34844    54209    74156    12832    26898    14569    95472    44621    52048    25503    44621    40458    41507    16921    57606     9602   117438    36417    25379    16117    59421    54209    91379     9798     4313   135911    56679    56679    77004    57606   135595    44621 
  105465    29588   109408    52772   103792    52772    53675    92203    98067    87635    89912    74156    42629   102799    48736    78820    74156    41368    55564    74156        0   111464    44685    75032    78820    45197    95358    85703    71891    71891    90212    66277    83272    15569    95358    46301    38475   111976    69378   100091    49426    54270    42629    26208    75349    20847    82249    91791    81900    20847    53206    86733    61810    74415    58922    28531    89464    92203   106838    57481    86273    86273   109604    64244    49426    15569    92167    66277    86168    90212    85356    75134    41368     7764    46412    75349    43674    82539    86507    67400    55920    76031    84787    46301    48321    20847    28212   109168    81729    53013    65473    26208    52994    85533    61810    22624    91791    28212        0    65473    87319    82249    78511    15569    91791    83272    69378    54944   118421   102799    28531    88414    49426    53288    98067    57481    75134    53206    81729   102799    46917   102799    43999    40261    67606    64636    86273    75349    51556    62619    53013        0    82539    40261    80723    27208    49426    59779    58922    49426   109425    46581    88414    81729    68849    55564    82249    86168    69378    18642    53013    59253    66113    71891    75134    20847    20847     7764    81729    75032    49426 
   53790   128247    11129   150946    21573   150946   152334    22898    51953    21718    49748    52954   140412    47637   147395    67898    52954    96213   154223    52954   111464        0    78535   175081    67898    79286    17789    31172    38222    38222    35050    65889    25580   117912    17789   155328   136257     9188    66444    17206    83276    88120   140412   118832    72277   115303    33198    20205    42661   115303    65455    46570   153291    47821    48550   139017    18763    22898    13556    77624    27702    27702    16368   162026    83276   117912    34392    65889    32151    35050    38585   173793    96213   114313   144194    72277   152841    31329    23696   161790   154095    34572    44624   155328    69615   115303    94966    44614    69477    87700    45756   118832   165777    66366   153291    90227    20205    94966   111464    45756    25910    33198    38348   117912    20205    25580    66444    70130    14236    47637   139017    39762    83276   144769    51953    77624   173793    65455    69477    47637    81181    47637    97137    75839    50331    55771    27702    72277   150215    52970    87700   111464    31329    75839    32666   132691    83276    75048    48550    83276    62465    69577    39762    69477    46537   154223    33198    32151    66444    96641    87700   151448    62717    38222   173793   115303   115303   114313    69477   175081    83276 
   94027    61468    76221    84168    70847    84168    85556    59060    48528    54736    56411    41316    73261    58688    80616    39671    41316    41657    87445    41316    44685    78535        0   108303    39671     6955    62414    53150    39051    39051    57659    59039    50432    51133    62414    59586    69500    81061    27723    67251     6804    11648    73261    40591    33217    33180    68020    59238    49144    33180    14322    54180    75050    41310    41779    72238    56623    59060    73998    49796    53143    53143    76764    94875     6804    51133    58990    59039    52736    57659    52803   107014    41657    47535    77043    33217    86062    49699    53351    95011    87316    61802    52235    59586     9898    33180    14652    76098    71527     8858    53130    40591    67995    71304    75050    23448    59238    14652    44685    53130    54767    68020    45958    51133    59238    50432    27723    19481    85581    58688    72238    55128     6804    66528    48528    49796   107014    14322    71527    58688    13243    58688    42239    25717    35054    50407    53143    33217    83436    49956     8858    44685    49699    25717    47367    65540     6804    57749    41779     6804    52940    42984    55128    71527    36296    87445    68020    52736    27723    18399     8858    69326    24880    39051   107014    33180    33180    47535    71527   108303     6804 
  192870    46727   173025    48498   165127    48498    22561   155820   161684   151253   153529   135595    38355   166416    43301   140259   135595   109079    30191   135595    75032   175081   108303        0   140259   106038   156693   149320   133330   133330   153830   156129   144711    59634   156693    73930    41538   175340   132996   161530   113044   117887    38355    88915   138967    87279   168418   155409   145517    87279   116824   150350    86067   138033   150909    59836   150903   155820   168277   119864   149891   149891   171043    33275   113044    59634   153269   156129   149786   153830   148973     7271   109079    64782    42138   138967    55458   143978   150125    11992    47974   159755   148405    73930   109760    87279    91830   172785   168616   114452   150220    88915    69133   168393    86067    84063   155409    91830    75032   150220   150937   168418   142129    59634   155409   144711   132996   118562   179860   166416    59836   152032   113044    83141   161684   119864     7271   116824   168616   166416   110535   166416   111709   125310   131224   147496   149891   138967    35247   147045   114452    75032   143978   125310   144341    48247   113044   125165   150909   113044   170035   109533   152032   168616   132466    30191   168418   149786   132996    93504   114452    80552   129730   133330     7271    87279    87279    64782   168616        0   113044 
   92635    95567    55354   117999    60226   117999   120261    48637    12648    40513    20916    37932   107857    22808   121440        0    37932    70558   122102    37932    78820    67898    39671   140259        0    34221    51792    34231    35667    35667    32433    79350    37222    85268    51792   122472   103702    57029    41598    46373    32589    28503   107857    73988    48256    70413    70755    48225    32285    70413    31557    23450   108447    27766    60198   105618    42832    48637    55218    79337    37675    37675    54018   129471    32589    85268    35164    79350    32209    32433    26864   140575    70558    81668   111639    48256   119391    33420    42317   132627   121147    62140    24710   122472    29573    70413    53646    38862    91838    42176    72846    73988   133222    91801   108447    57346    48225    53646    78820    72846    38804    70755    32666    85268    48225    37222    41598    39357    64635    22808   105618    51796    32589    99925    12648    79337   140575    31557    91838    22808    34256    22808    70870    50184    31419    69826    37675    48256   118094    69540    42176    78820    33420    50184    44105   100136    32589    86650    60198    32589    16954    71894    51796    91838    28768   122102    70755    32209    41598    55764    42176   105890    39020    35667   140575    70413    70413    81668    91838   140259    32589 
   97075    61981    77230    83778    71614    83778    86068    60025    43293    55457    57734    28445    73635    53453    81128    34221    28445    44768    87957    28445    45197    79286     6955   106038    34221        0    63180    53525    39563    39563    58034    62189    50944    51047    63180    88250    69481    79798    20880    67763    10026    12315    73635    52056    28522    36330    60871    59613    49722    36330     9361    41968    86515    36075    38461    72750    57135    60025    74510    52946    54095    54095    77276    95250    10026    51047    59989    62189    53990    58034    53178   107527    44768    48047    77418    28522    85170    50211    54329    98406    86926    54652    52609    88250     5097    36330    20083    76990    74677    14561    55894    52056    99000    74454    86515    23960    59613    20083    45197    55894    55141    60871    46333    51047    59613    50944    20880    16340    86093    53453    72750    42070    10026    77993    43293    52946   107527     9361    74677    53453     8422    53453    45079    28799    35428    53556    54095    28522    83948    53040    14561    45197    50211    28799    48545    65915    10026    60860    38461    10026    47599    46103    42070    74677    36671    87957    60871    53990    20880    29864    14561    83957    19286    39563   107527    36330    36330    48047    74677   106038    10026 
   62842   112141    15249   134433    10310   134433   136228     6777    35832    16785    33627    36848   124290    27171   131289    51792    36848    80092   138117    36848    95358    17789    62414   156693    51792    63180        0    15051    34583    34583    18928    66715    17208   101702        0   138905   120136    20366    49861    15942    67155    71998   124290   102711    55832    99197    43729     4341    25615    99197    48915    30448   137170    31700    67774   122911    13892     6777    13798    83549    20692    20692    20563   145905    67155   101702    15318    66715    16030    18928    22464   157687    80092    98207   128073    55832   135825    27109    13693   145684   137989    38690    28502   138905    53509    99197    78845    28346    80008    71594    56051   102711   149655    76896   137170    74121     4341    78845    95358    56051    22429    43729    22226   101702     4341    17208    49861    53762    24767    27171   122911    39551    67155   128648    35832    83549   157687    48915    80008    27171    64646    27171    80404    59717    34209    66301    20692    55832   134109    63265    71594    95358    27109    59717    25598   116570    67155    96184    67774    67155    46656    81775    39551    80008    30416   138117    43729    16030    49861    80519    71594   134612    46595    34583   157687    99197    99197    98207    80008   156693    67155 
