dep44 0 0 60
**************************************DATA
11 172 480 8 1.33
**************************************DISTANCE
       0    41148    51416    60238    70810    71512    48929    97261    41148    74168    12118    72825    12994    84680    19215    25010    58490    84307    90230    92634    78686    65387    90230    12118    25572    61257    65606    12994    53574    17328    66329    90145    51981    31957    70019    19215    81546    66083    62473    65606    74018    12118    53284    42227    33369    51257    69325    28134    38595    69325    60320    41543    93947    12118    80670    46466    91860    90230    16804    33369    28134    33850    69303    53574    65387    83361    32435    62732    61257    17328    57116    40449    41366    69303    80098    66329    94651    13249    64840    37696    30676    80281    69773    80098    84866    89080    58302    63596    64658    10163    33850    66083    30109    55055   102825    57116    61257    61257    25093    93947    75476    39962    28134    66083    38450    45428    63924    74773    74168    57625    43690    48378    23470    57625    63351    48378    90230    41697    78190    93947    59113    41148    90145    24259    75303    46513    69400   102825    25010    28134    74693    84866    48378    25572    33369    16804    10163    45428    74693    37769    77324    87091    71512    54469    32435    51795    53574    94651    63576    39770    94651    94651    62612    83361    83391    51416    69400    28134     6141    87091    69278    46466    70810    59102    48929    28569     6557    90145    45428    94909    24833    75303    53284 
   41148        0    16838    25330    35901    41728    77740    67477        0    78183    49265    76841    26236    92233    24472    50580    63254    49399    60446    63178    43777    35602    60446    49265    62719    31473    30697    26236    60624    54475    70345    60361    43819    43047    40235    24472    46638    53645    27895    30697    39440    49265    49170    79374    51100    40332    39541    14101    75256    39541    25412    37086    64163    49265    45762    13589    62404    60446    34699    51100    14101    21580    39519    60624    35602    53905    29961    29518    31473    54475    22208    77596    78513    39519    44880    70345    59742    50396    35056    48786    56245    50497    35195    44880    55082    59296    23724    49108    34873    35044    21580    53645    67256    25271    73369    22208    31473    31473    62240    64163    71971    46388    14101    53645    18372    22421    29015    39555    78183    28169    54370     7446    19440    28169    28443     7446    60446     9612    43281    64163    44769        0    60361    34707    41731    83660    39616    73369    50580    14101    39784    55082     7446    62719    51100    34699    35044    22421    39784    74916    47865    52513    41728    18642    29961    55811    60624    59742    53407    63261    59742    59742    27703    53905    87406    16838    39616    14101    38368    52513    54790    13589    35901    24194    77740    66238    43704    60361    22421    60000    12070    41731    49170 
   51416    16838        0    10492    19613    31161    91540    63532    16838    74238    59533    72895    42926    88287    34740    60848    62881    34561    56501    47394    28940    31657    56501    59533    72987    27527    15860    42926    56679    64743    66399    43491    28663    53315    36290    34740    31800    49700    10890    15860    27540    59533    45225    89642    34812    24044    30247    24297    89056    30247     9124    33141    60218    59533    30924    13042    62031    56501    45308    34812    24297    31776    20388    56679    31657    53532    43761    14680    27527    64743     7370    87864    88781    20388    30043    66399    44904    60664    23446    59054    66513    46552    21289    30043    44515    55351     6886    32820    30928    45312    31776    49700    40229    21326    72996     7370    27527    27527    72508    60218    68025    29550    24297    49700    29805    32621    12727    24718    74238    24279    38082     9531    29708    24279    12155     9531    56501    16219    28443    60218    28481    16838    43491    45712    26893    93927    35671    72996    60848    24297    24947    44515     9531    72987    34812    45308    45312    32621    24947    85184    43920    38766    31161    11141    43761    51866    56679    44904    49462    73529    44904    44904    12866    53532    83461        0    35671    24297    52168    38766    38502    13042    19613     9356    91540    76506    53971    43491    32621    45163    25487    26893    45225 
   60238    25330    10492        0    27482    22032    96179    63152    25330    63388    66866    80229    49754    87908    42073    68181    67519    21216    56122    34248    15594    31266    56122    66866    80320    34861     6343    49754    64013    72076    74508    30360    37474    60749    35898    42073    18454    49308    21549     6343    12330    66866    52559    96961    42680    31913    25807    32409    93694    25807    17465    41297    59839    66866    19143    20376    56464    56122    53137    42680    32409    39878    11519    64013    31266    47964    48399    11492    34861    72076     5385    95197    96114    11519    20388    74508    31625    67997    20257    66388    73847    38408     8086    20388    39623    54972    17378    32887    30295    52645    39878    49308    48097    28349    67428     5385    34861    34861    80550    59839    67646    40042    32409    49308    37138    40444    20596    15040    63388    22123    46897    17327    37041    22123    20023    17327    56122    23553    15021    59839    36350    25330    30360    53145    17329   101261    30156    67428    68181    32409    11601    39623    17327    80320    42680    53137    52645    40444    11601    93109    38414    25591    22032    14656    48399    59199    64013    31625    46854    80863    31625    31625     5573    47964    90794    10492    30156    32409    56806    25591    34545    20376    27482    11311    96179    85214    61305    30360    40444    31585    34007    17329    52559 
   70810    35901    19613    27482        0    48749    96423    84844    35901    81910    63813    94208    60325   109600    56052    78818    78090    49919    74273    70051    43664    52969    74273    63813    74789    48840    29627    60325    75281    73101    85079    66163    21019    71320    54731    56052    46508    67977    13737    29627    37190    63813    61753    89356    35212    21841    47659    42981    86089    47659    16690    51868    81530    63813    36711    31722    77241    74273    63708    35212    42981    50449    37683    75281    52969    68741    58970    35993    48840    73101    24772    87717    88474    37683    47289    85079    37698    68879    40850    77066    87825    62898    36044    47289    61475    72625    12523    12528    49849    63014    50449    67977    40215    40273    88205    24772    48840    48840    72944    81530    76750    23129    42981    67977    47941    51015    11549    41964    81910    43006    29627    27898    48647    43006    17369    27898    74273    37531    22700    81530    15736    35901    66163    63717    44140    89766    52008    88205    78818    42981    32473    61475    27898    74789    35212    63708    63014    51015    32473    85503    60266    29238    48749    29011    58970    70169    75281    37698    67737    94841    37698    37698    21643    68741   102201    19613    52008    42981    67377    29238    18246    31722        0    16933    96423    95785    64714    66163    51015    36857    44578    44140    61753 
   71512    41728    31161    22032    48749        0   107452    44507    41728    56120    79268    85015    61028    69263    54475    80583    70305    24745    31394    28365    25920    23997    31394    79268    92722    35519    32714    61028    68799    84478    77293    24477    58142    72022    28630    54475    33157    39265    42218    32714    30027    79268    57345   108235    63948    53180     6597    44032   104968     6597    38134    44083    39741    79268    37521    29955    30869    31394    64411    63948    44032    51151    13894    68799    23997    26701    56419    17431    35519    84478    27000   107599   108516    13894    19391    77293    42577    80399     7998    78789    86248    26126    25256    19391    17142    33409    38047    57403    16276    65047    51151    39265    69365    28879    46787    27000    35519    35519    91823    39741    47549    60711    44032    39265    49540    43229    41863    18933    56120    16182    67566    38281    49443    16182    41291    38281    31394    35035    39538    39741    57617    41728    24477    64419    16743   113663    17454    46787    80583    44032    36041    17142    38281    92722    63948    64411    65047    43229    36041   104383    24415    50315        0    22583    56419    63985    68799    42577    41359    93264    42577    42577    29270    26701    74066    31161    17454    44032    68080    50315    59061    29955    48749    33363   107452    96488    73707    24477    43229    56257    47270    16743    57345 
   48929    77740    91540    96179    96423   107452        0   133201    77740   106656    37696    92166    53087   117168    58023    40488    92759   120248   126170   129988   114626   101327   126170    37696    20409    97197   101546    53087    71996    24176    98817   126085    79285    53090   105959    58023   117486   119370    98027   101546   107522    37696    85772    31459    58521    76410   105266    64074    28125   105266    96261    74031   129887    37696   116611    82406   125364   126170    47917    58521    64074    69790   105243    71996   101327   116865    65667    98673    97197    24176    93056     9263    11389   105243   116038    98817   130591    26520   100780    55512    42093   116222   106975   116038   120807   125021    95459    88749   100598    50453    69790   119370    55262    90996   139147    93056    97197    97197    26686   129887   137695    67752    64074   119370    74390    81369    99864   110713   106656    93948    68843    84318    59411    93948    99292    84318   126170    77637   114130   129887    84266    77740   126085    54746   111244    16535   105340   139147    40488    64074   110633   120807    84318    20409    58521    47917    50453    81369   110633    14541   113589   124452   107452    90409    65667    84284    71996   130591    96064    52698   130591   130591    98552   116865   115879    91540   105340    64074    46941   124452    94430    82406    96423    95043        0     9102    45229   126085    81369   112894    66026   111244    85772 
   97261    67477    63532    63152    84844    44507   133201        0    67477    20799   104948    45766    86776    25622    80155   105269    25976    80889    18290    84621    71824    36546    18290   104948   119418    40745    67894    86776    43902   109069    27516    80733    90513    65889    30872    80155    78641    22601    74589    67894    72422   104948    33670   133984    97410    86077    38974    69432   130717    38974    70504    39985    15519   104948    79048    54273    26071    18290    90160    97410    69432    54890    59293    43902    36546    17572    51693    53185    40745   109069    61280   133279   133103    59293    70972    27516    90536   104846    50113    59216    75752    26314    68178    70972    45600    15530    70418    92007    37124    89465    54890    22601   102828    51842    22038    61280    40745    40745   117572    15519    10753    93082    69432    22601    51560    42715    74374    65647    20799    42088    99937    64030    75098    42088    73608    64030    18290    60715    75161    15519    90363    67477    80733    58489    66138   134394    30148    22038   105269    69432    71788    45600    64030   119418    97410    90160    89465    42715    71788   130132    21677    85496    44507    50496    51693    35444    43902    90536    21721    74124    90536    90536    64905    17572    37980    63532    30148    69432    93829    85496    94373    54273    84844    69789   133201   122237   102401    80733    42715    91489    73019    66138    33670 
   41148        0    16838    25330    35901    41728    77740    67477        0    78183    49265    76841    26236    92233    24472    50580    63254    49399    60446    63178    43777    35602    60446    49265    62719    31473    30697    26236    60624    54475    70345    60361    43819    43047    40235    24472    46638    53645    27895    30697    39440    49265    49170    79374    51100    40332    39541    14101    75256    39541    25412    37086    64163    49265    45762    13589    62404    60446    34699    51100    14101    21580    39519    60624    35602    53905    29961    29518    31473    54475    22208    77596    78513    39519    44880    70345    59742    50396    35056    48786    56245    50497    35195    44880    55082    59296    23724    49108    34873    35044    21580    53645    67256    25271    73369    22208    31473    31473    62240    64163    71971    46388    14101    53645    18372    22421    29015    39555    78183    28169    54370     7446    19440    28169    28443     7446    60446     9612    43281    64163    44769        0    60361    34707    41731    83660    39616    73369    50580    14101    39784    55082     7446    62719    51100    34699    35044    22421    39784    74916    47865    52513    41728    18642    29961    55811    60624    59742    53407    63261    59742    59742    27703    53905    87406    16838    39616    14101    38368    52513    54790    13589    35901    24194    77740    66238    43704    60361    22421    60000    12070    41731    49170 
   74168    78183    74238    63388    81910    56120   106656    20799    78183        0    79126    25208    63683    15152    57422    61754    14588    80565    38794    84857    74164    33614    38794    79126    92580    38026    68130    63683    32514    84335     7085    80969   101219    54501    30269    57422    77024    26809    85295    68130    72658    79126    27185   110891    97109    86341    49630    63825   107624    49630    81211    37373    24752    79126    79283    59774    44981    38794    59564    97109    63825    56840    59529    32514    33614    36980    42106    52777    38026    84335    61130   107456   110009    59529    71208     7085    90129    80257    54884    47673    64161    44087    68413    71208    64510    30403    81124    92243    42196    64109    56840    26809    97117    46594    39266    61130    38026    38026    94479    24752    16399   103788    63825    26809    48867    40103    75024    65883        0    41012   110643    74736    59648    41012    74452    74736    38794    65900    73668    24752    90778    78183    80969    51910    65348   113520    38918    39266    61754    63825    70171    64510    74736    92580    97109    59564    64109    40103    70171   107038    37028    85731    56120    50547    42106    23911    32514    90129    15240    60189    90129    90129    63400    36980    18883    74238    38918    63825    70735    85731    93191    59774    81910    67493   106656    95691    73564    80969    40103    91724    69299    65348    27185 
   12118    49265    59533    66866    63813    79268    37696   104948    49265    79126        0    80710    22460    91742    24719    33323    66606    91765    97010   100751    85509    72845    97010        0    11737    68843    72196    22460    58761    11992    73595    96863    47716    39613    77467    24719    88354    73355    52266    72196    82135        0    60634    30629    26121    43643    78581    35196    27361    78581    66506    48923   101904        0    88760    53804    99977    97010    24921    26121    35196    41472    75422    58761    72845    91478    40552    69765    68843    11992    64157    28794    29747    75422    87102    73595   101956     7769    72570    45359    38956    88073    77890    87102    92175    95361    66419    55528    72392    17853    41472    73355    23146    63010   110942    64157    68843    68843    14217   101904    82503    35697    35196    73355    42833    56184    70375    81776    79126    65742    35548    55424    30099    65742    69609    55424    97010    49174    84874   101904    51638    49265    96863    32376    82267    31039    77183   110942    33323    35196    81501    92175    55424    11737    26121    24921    17853    56184    81501    26776    85441    74687    79268    64539    40552    58685    58761   101956    71030    48116   101956   101956    69164    91478    90717    59533    77183    35196    17064    74687    61744    53804    63813    65791    37696    36342     5562    96863    56184    80355    32950    82267    60634 
   72825    76841    72895    80229    94208    85015    92166    45766    76841    25208    80710        0    62341    27234    58552    51583    25820   102765    63189   106497    98872    58205    63189    80710    94982    55317    85558    62341    23317    84633    21996   102609    99877    44552    48866    58552   101716    51278    83953    85558    95497    80710    35212   109549   105894    95441    84328    62482   106281    84328    79868    42225    49174    80710   102122    61339    69252    63189    55282   105894    62482    55498    81169    23317    58205    61251    40764    75512    55317    84633    77519   107714   108667    81169    92848    21996   112980    80411    78317    34986    50975    65935    91253    92848    97922    54674    79781   104029    78138    65030    55498    51278    99336    56902    59173    77519    55317    55317    93137    49174    40812   102445    62482    51278    52168    50195    83738    87523    25208    71489   109301    73394    58305    71489    82972    73394    63189    68332    98236    49174    99726    76841   102609    50568    88014   109959    63189    59173    51583    62482    94863    97922    73394    94982   105894    55282    65030    50195    94863   105696    61298   108570    85015    66820    40764    23130    23317   112980    33382    43371   112980   112980    82527    61251    15047    72895    63189    62482    69393   108570   109747    61339    94208    79153    92166    81202    77965   102609    50195   114564    67957    88014    35212 
   12994    26236    42926    49754    60325    61028    53087    86776    26236    63683    22460    62341        0    74195     6669    25543    48082    73823    79746    84143    68202    54902    79746    22460    35914    50772    55122        0    43089    27670    55071    80255    64076    19331    59535     6669    71062    55599    53983    55122    65528    22460    42799    52569    43711    64757    61974    17650    46450    61974    49836    30399    83463    22460    70186    35982    83370    79746     8300    43711    17650    24865    58818    43089    54902    74871    22027    52248    50772    27670    46632    50791    51708    58818    70494    55071    84166    23591    54355    27212    31209    69797    61283    70494    74382    78596    49812    73533    54173     5510    24865    55599    40452    44571    94335    46632    50772    50772    33306    83463    64992    52057    17650    55599    27965    39576    53439    64288    63683    49135    51908    38817    12986    49135    52867    38817    79746    31212    67705    83463    69456    26236    80255    13523    64819    56855    58916    94335    25543    17650    64208    74382    38817    35914    43711     8300     5510    39576    64208    48111    68834    78601    61028    43984    22027    41311    43089    84166    52506    41687    84166    84166    52127    74871    72906    42926    58916    17650    10205    78601    79214    35982    60325    48618    53087    42123    16899    80255    39576    84425    14461    64819    42799 
   84680    92233    88287    87908   109600    69263   117168    25622    92233    15152    91742    27234    74195        0    70407    72588    33823   105645    43046   109377    96580    53170    43046    91742   106837    57157    92650    74195    42893    96488    21840   105489   115269    65557    47495    70407   103397    41494    99345    92650    97178    91742    47564   121403   121286   110833    63730    74337   118136    63730    95260    54079    41509    91742   103803    73193    50827    43046    70076   121286    74337    67353    84049    42893    53170    42328    52619    78392    57157    96488    86036   119568   120521    84049    95728    21840   116092    92265    74869    55991    71980    51070    92934    95728    70356    40285    95173   116763    61879    76884    67353    41494   111191    76597    39030    86036    57157    57157   104991    41509    29954   117837    74337    41494    64022    62049    99130    90403    15152    66844   124692    88786    70160    66844    98364    88786    43046    84733    99917    41509   115118    92233   105489    62422    90894   121813    54903    39030    72588    74337    96544    70356    88786   106837   121286    70076    76884    62049    96544   117551    46433   110251    69263    75251    52619    33691    42893   116092    34476    64376   116092   116092    89661    42328    16712    88287    54903    74337    81247   110251   119128    73193   109600    94545   117168   106203    89819   105489    62049   116245    79811    90894    47564 
   19215    24472    34740    42073    56052    54475    58023    80155    24472    57422    24719    58552     6669    70407        0    30091    44903    66971    72216    75957    60716    48051    72216    24719    41372    43890    47402     6669    37057    31023    51891    72069    61721    20544    52674        0    63560    65920    45797    47402    57341    24719    38930    55938    48701    57285    53788    10403    52671    53788    41712    27219    76580    24719    63967    29010    75184    72216    14982    48701    10403    16679    50629    37057    48051    66685    18848    44972    43890    31023    39363    54103    55057    50629    62308    51891    77284    26800    47777    26290    34166    63280    53097    62308    67381    70568    41625    65873    47598    11419    16679    65920    45726    38216    86148    39363    43890    43890    39526    76580    60799    58277    10403    65920    18039    31390    45582    56983    57422    40949    58128    30630     5305    40949    44816    30630    72216    24381    60080    76580    61571    24472    72069    10673    57474    56348    52390    86148    30091    10403    56707    67381    30630    41372    48701    14982    11419    31390    56707    52086    60648    70415    54475    39745    18848    36981    37057    77284    49326    40754    77284    77284    44371    66685    69014    34740    52390    10403    15783    70415    71591    29010    56052    40997    58023    47058    24355    72069    31390    76408    10549    57474    38930 
   25010    50580    60848    68181    78818    80583    40488   105269    50580    61754    33323    51583    25543    72588    30091        0    47308    92316    98238   102065    86694    73395    98238    33323    36053    69265    73510    25543    33544    28332    53838    98177    87829    11085    78782    30091    89668    63607    71905    73510    83450    33323    47479    62110    54573    83393    79896    36511    58843    79896    67820    42534   101955    33323    90075    55118   101292    98238    16480    54573    36511    42787    76737    33544    73395    92793    31670    70741    69265    28332    65471    36728    44856    76737    88416    53838   102659    30677    72848    17060     8216    89388    79205    88416    93490    96676    67734    91981    73706    22669    42787    63607    51314    64324   112257    65471    69265    69265    45698   101955    63205    64449    36511    63607    44147    57498    71932    83091    61754    67057    64300    56739    31414    67057    71360    56739    98238    49705    86188   101955    87686    50580    98177    22845    83582    50009    78498   112257        0    36511    82815    93490    56739    36053    54573    16480    22669    57498    82815    48920    86756    96523    80583    65853    31670    39387    33544   102659    54870    17310   102659   102659    70479    92793    71670    60848    78498    36511    18943    96523    97699    55118    78818    67105    40488    29524    30527    98177    57498   102516    38258    83582    47479 
   58490    63254    62881    67519    78090    70305    92759    25976    63254    14588    66606    25820    48082    33823    44903    47308        0    89313    38291    92840    82912    28518    38291    66606    80060    30081    75487    48082    17940    71816     9909    88938    87140    39888    24931    44903    85772    26306    69367    75487    79553    66606    12739    96716    93289    82521    44034    42796    93381    44034    67601    28269    24249    66606    84896    47255    44352    38291    44601    93289    42796    35823    68095    17940    28518    36374    27025    61525    30081    71816    64397    94937    95854    68095    78891     9909    98877    67737    63633    33228    49716    38991    75261    78891    83659    29716    66800    91297    36779    51590    35823    26306    84598    50083    42934    64397    30081    30081    79581    24249    15897    89780    42796    26306    38523    36319    71204    73565    14588    35593    96559    60009    44513    35593    70632    60009    38291    53381    82416    24249    86958    63254    88938    36958    74096   101001    33342    42934    47308    42796    78919    83659    60009    80060    93289    44601    51590    36319    78919    92257    34354    92738    70305    53027    27025     9466    17940    98877     9840    48088    98877    98877    69892    36374    32534    62881    33342    42796    55947    92738    96979    47255    78090    66383    92759    84345    61045    88938    36319    99135    48135    74096    12739 
   84307    49399    34561    21216    49919    24745   120248    80889    49399    80565    91765   102765    73823   105645    66971    92316    89313        0    48396    15591     7074    49002    48396    91765   106464    53269    18762    73823    86504    96974    96302    11703    61543    84818    53385    66971     9456    66632    45619    18762    10678    91765    72975   121031    67579    57107    30751    56479   117763    30751    41534    63091    77575    91765    13942    45220    47753    48396    77206    67579    56479    63947    17307    86504    49002    43585    72468    30392    53269    96974    29500   120096   120149    17307     6579    96302    16287    92896    35845    90564    98745    42944    14060     6579    22154    71386    41447    45979    47535    76512    63947    66632    72996    47887    63671    29500    53269    53269   104619    77575    75405    64111    56479    66632    61439    62238    45494    11118    80565    41660    70967    41396    62145    41660    44921    41396    48396    48451    25544    77575    61392    49399    11703    77214    10782   121441    49694    63671    92316    56479    16122    22154    41396   106464    67579    77206    76512    62238    16122   117178    46912    32454    24745    40983    72468    81391    86504    16287    66392   105761    16287    16287    26401    43585    98671    34561    49694    56479    80875    32454    48344    45220    49919    31991   120248   109283    89447    11703    62238    29408    58076    10782    72975 
   90230    60446    56501    56122    74273    31394   126170    18290    60446    38794    97010    63189    79746    43046    72216    98238    38291    48396        0    51898    66633    42571        0    97010   112387    50527    60863    79746    56217   102219    39831    48011    83482    90740    34710    72216    71611    22570    67558    60863    65392    97010    44351   126953    89472    79046    27743    62401   123686    27743    63474    62801    18875    97010    72017    47242     5796        0    83129    89472    62401    69869    52262    56217    42571     8649    75137    45246    50527   102219    54249   125340   126072    52262    42925    39831    82598    98141    47354    96486   103990    15670    61147    42925    32487    12915    63387    84977    30910    82434    69869    22570    94889    44811    11598    54249    50527    50527   110541    18875    23069    86051    62401    22570    67362    61948    67387    58616    38794    35057    92906    56999    68068    35057    66815    56999        0    52777    68131    18875    83141    60446    48011    83137    59107   127363    23934    11598    98238    62401    64758    32487    56999   112387    89472    83129    82434    61948    64758   123101    16637    78465    31394    43465    75137    47759    56217    82598    37535   111006    82598    82598    57874     8649    55851    56501    23934    62401    86798    78465    87342    47242    74273    62759   126170   115206    95370    48011    61948    84458    65988    59107    44351 
   92634    63178    47394    34248    70051    28365   129988    84621    63178    84857   100751   106497    84143   109377    75957   102065    92840    15591    51898        0    19362    52735    51898   100751   114205    57001    31690    84143    90281   105960   100001     5862    79101    94533    57367    75957    26600    70777    61328    31690    23511   100751    78827   130860    85250    74482    35924    65515   127504    35924    59562    66743    81308   100751    31086    51437    51280    51898    86526    85250    65515    72994    29224    90281    52735    47113    78955    36917    57001   105960    48301   129081   129998    29224    13590   100001    28347   101882    39578   100272   107731    46631    26290    13590    20565    76441    54280    64725    51764    86529    72994    70777    90667    50800    59746    48301    57001    57001   113725    81308    89115    76944    65515    70777    71022    66223    63165    20371    84857    45716    88520    59434    70925    45716    62592    59434    51898    56518    38424    81308    78919    63178     5862    86929    19504   135145    53986    59746   102065    65515    29031    20565    59434   114205    85250    86526    86529    66223    29031   126401    50599    46878    28365    44065    78955    85468    90281    28347    70539   114747    28347    28347    39517    47113   102803    47394    53986    65515    90615    46878    66383    51437    70051    54664   129988   117724    95189     5862    66223    44088    67975    19504    78827 
   78686    43777    28940    15594    43664    25920   114626    71824    43777    74164    85509    98872    68202    96580    60716    86694    82912     7074    66633    19362        0    39937    66633    85509   100843    44204    13140    68202    80103    90494    89901    15474    55921    79196    46985    60716     8064    60231    39997    13140     5056    85509    66575   115409    61323    51485    27438    50857   112142    27438    35913    56690    68510    85509    12551    39598    48928    66633    71585    61323    50857    58325    12729    80103    39937    61101    66847    24136    44204    90494    23879   113840   114528    12729     6332    89901    20127    86640    26534    84942    92490    44119     8687     6332    23329    64985    35826    40358    41134    70890    58325    60231    66740    41486    80565    23879    44204    44204    98997    68510    69004    58490    50857    60231    55818    55837    39782     5745    74164    35260    65345    35774    56523    35260    39016    35774    66633    42195    19922    68510    55771    43777    15474    71593     6204   115819    43293    80565    86694    50857    10501    23329    35774   100843    61323    71585    70890    55837    10501   111557    51551    28388    25920    26968    66847    74991    80103    20127    59991    99506    20127    20127    20779    61101    92270    28940    43293    50857    75254    28388    42723    39598    43664    26369   114626   103662    83826    15474    55837    33018    52454     6204    66575 
   65387    35602    31657    31266    52969    23997   101327    36546    35602    33614    72845    58205    54902    53170    48051    73395    28518    49002    42571    52735    39937        0    42571    72845    87543    12087    36007    54902    38609    77194    34651    48847    58639    65897     6435    48051    46754    14324    42714    36007    40536    72845    22489   102110    65307    54203    15900    37558    98842    15900    38630    23988    20135    72845    47161    22398    45539    42571    58285    65307    37558    45026    27406    38609        0    37039    35696    20975    12087    77194    29393   101176   101228    27406    39086    34651    58327    72972    17792    49851    79825    19068    36291    39086    44159    23560    38543    60121     8466    57591    45026    14324    70724    19967    56503    29393    12087    12087    85698    20135    28454    61207    37558    14324    42518    18707    42500    33760    33614     8890    68062    32156    43224     8890    41733    32156    42571    28612    43275    20135    58488    35602    48847    58293    34251   102520     9230    56503    73395    37558    39902    44159    32156    87543    65307    58285    57591    18707    39902    98257    16436    53609    23997    18609    35696    35707    38609    58327    19441    86841    58327    58327    33018    37039    51720    31657     9230    37558    61954    53609    62486    22398    52969    37915   101327    90362    70526    48847    18707    59602    41145    34251    22489 
   90230    60446    56501    56122    74273    31394   126170    18290    60446    38794    97010    63189    79746    43046    72216    98238    38291    48396        0    51898    66633    42571        0    97010   112387    50527    60863    79746    56217   102219    39831    48011    83482    90740    34710    72216    71611    22570    67558    60863    65392    97010    44351   126953    89472    79046    27743    62401   123686    27743    63474    62801    18875    97010    72017    47242     5796        0    83129    89472    62401    69869    52262    56217    42571     8649    75137    45246    50527   102219    54249   125340   126072    52262    42925    39831    82598    98141    47354    96486   103990    15670    61147    42925    32487    12915    63387    84977    30910    82434    69869    22570    94889    44811    11598    54249    50527    50527   110541    18875    23069    86051    62401    22570    67362    61948    67387    58616    38794    35057    92906    56999    68068    35057    66815    56999        0    52777    68131    18875    83141    60446    48011    83137    59107   127363    23934    11598    98238    62401    64758    32487    56999   112387    89472    83129    82434    61948    64758   123101    16637    78465    31394    43465    75137    47759    56217    82598    37535   111006    82598    82598    57874     8649    55851    56501    23934    62401    86798    78465    87342    47242    74273    62759   126170   115206    95370    48011    61948    84458    65988    59107    44351 
   12118    49265    59533    66866    63813    79268    37696   104948    49265    79126        0    80710    22460    91742    24719    33323    66606    91765    97010   100751    85509    72845    97010        0    11737    68843    72196    22460    58761    11992    73595    96863    47716    39613    77467    24719    88354    73355    52266    72196    82135        0    60634    30629    26121    43643    78581    35196    27361    78581    66506    48923   101904        0    88760    53804    99977    97010    24921    26121    35196    41472    75422    58761    72845    91478    40552    69765    68843    11992    64157    28794    29747    75422    87102    73595   101956     7769    72570    45359    38956    88073    77890    87102    92175    95361    66419    55528    72392    17853    41472    73355    23146    63010   110942    64157    68843    68843    14217   101904    82503    35697    35196    73355    42833    56184    70375    81776    79126    65742    35548    55424    30099    65742    69609    55424    97010    49174    84874   101904    51638    49265    96863    32376    82267    31039    77183   110942    33323    35196    81501    92175    55424    11737    26121    24921    17853    56184    81501    26776    85441    74687    79268    64539    40552    58685    58761   101956    71030    48116   101956   101956    69164    91478    90717    59533    77183    35196    17064    74687    61744    53804    63813    65791    37696    36342     5562    96863    56184    80355    32950    82267    60634 
   25572    62719    72987    80320    74789    92722    20409   119418    62719    92580    11737    94982    35914   106837    41372    36053    80060   106464   112387   114205   100843    87543   112387    11737        0    83413    85650    35914    72215    28244    87049   110317    56744    45027    90921    41372   101808    86809    61294    85650    95589    11737    74088    20957    36887    52671    92035    48650    17690    92035    79960    62377   116104    11737   102214    67258   113431   112387    38375    36887    48650    54926    88876    72215    87543   104932    54006    84889    83413    28244    77611    13022    15978    88876   100556    87049   116807    24017    86997    58813    37658   101527    91344   100556   105629   108815    79873    64555    85846    31307    54926    86809    33628    76464   124396    77611    83413    83413     5913   116104    95957    44725    48650    86809    56287    69638    70249    95230    92580    79196    44576    68878    43553    79196    62886    68878   112387    63853   100346   116104    62632    62719   110317    45830    95721    21132    90637   124396    36053    48650    94955   105629    68878        0    36887    38375    31307    69638    94955    15541    98895    83714    92722    77993    54006    72139    72215   116807    84484    48262   116807   116807    82618   104932   104171    72987    90637    48650    30518    83714    70772    67258    74789    79245    20409    16685    19016   110317    69638    89383    46404    95721    74088 
