dep68 0 0 60
**************************************DATA
10 124 480 8 1.33
**************************************DISTANCE
       0    14089    22810    24466    32483    29793    55819    21155    36433    18154    32766    11183    23525    71120    46201    15751    40454    55819    14089    30363    10570    20234    26902    20804    35817    48798    36433    11183    18807    47332     6141     6726    73501    24466    32743    20444    27841    23525    26902    15751     6527     6422    26674    29793     9680    36599    28489    34309    13532    21103    38159    20804    56365    50880    22867    40767    15882    56641    20804    14229    40454    11060    22810    41850    34960    41858    23444    46881    21103    23857    37967    33844     6726    48798    30363    56365    21103    64351    18242    17532    73501    24294    29923    42113    23525    40905    64351    22106    43802    21155    46881    19154    56365    22221    64351    22106    18285    73501    54342    21103    67851    39033    67851    20539    57410    21901    36121     6726    19522    36829    42113    71120    21901    24814    15882    23525    27841    11060    36829    73501    23444    73501    27021    32743    55819 
   14089        0    11574    14633    51625    19960    66799    13710    51205     7341    18536     7418    12712    83214    47885    21105    55226    66799        0    38897     2651    16864    33817    26194    50589    63569    51205     7418    24646    33102     9395    29354    85595    14633    44265    13012    39935    12712    33817    21105     6765    17430     7683    19960    17986    41953    21044    37084    11948    31909    28379    26194    66249    58005    13631    48028    15925    68735    26194    13108    55226     3824    11574    51734    61255    56629    26218    56765    31909    34738    24326    26399    29354    63569    38897    66249    31909    76241    23596    22340    85595    10065    32393    54207    12712    55676    76241    27873    54636    13710    56765    14744    66249     7414    76241    27873    23640    85595    30768    31909    82623    65328    82623    40243    67294    18022    41476    29354    24978    23923    54207    83214    18022    30169    15925    12712    39935     3824    23923    85595    26218    85595    32375    44265    66799 
   22810    11574        0    16626    52902    25621    76441    22968    57055     5615    28391    18251     3102    92888    54318    16828    61077    76441    11574    48751    13620    25818    43672    35094    56439    69420    57055    18251    34500    42957    21016    35205    94498    16626    53096    22866    47855     3102    43672    16828    18641    17739    13732    25621    29710    38633    30296    36838     9763    32052    33986    35094    75097    71502    23485    57341    25780    77309    35094    13457    61077    14794        0    60419    67106    62480    22458    65585    32052    34882    33592    35618    35205    69420    48751    75097    32052    84974    16270    29845    94498    19919    31957    62457     3102    61527    84974    37727    64424    22968    65585    26118    75097    17846    84974    37727    13026    94498    23153    32052    88474    71179    88474    49177    76142    12899    32667    35205    25121    16093    62457    92888    12899    23998    25780     3102    47855    14794    16093    94498    22458    94498    29055    53096    76441 
   24466    14633    16626        0    62002     7905    77176    14279    58268    16094    17966    17248    17868    93591    48893    29372    63630    77176    14633    41315    14729    17872    35555    27202    58370    71449    58268    17248    27647    34296    22499    36700    95972        0    45273     7847    50312    17868    35555    29372    20023    24493     5943     7905    27961    49338    21613    47461    20668    38971    16288    27202    67257    60057     9961    49036    18157    79112    27202    23484    63630    17078    16626    52742    68318    63692    36595    57773    38971    42126    24895    26968    36700    71449    41315    67257    38971    73414    31811    32717    95972    11328    42769    64583    17868    63416    73414    30105    65013    14279    57773    15313    67257    10078    73414    30105    31857    95972    27898    38971    89904    68896    89904    41058    68302    26240    48880    36700    32041    13413    64583    93591    26240    37710    18157    17868    50312    17078    13413    95972    36595    95972    39438    45273    77176 
   32483    51625    52902    62002        0    57860    40095    51557    12589    55690    56980    38293    61061    56543    63181    48392    21990    40095    51625    22341    51645    48078    41724    41800    15638    29244    12589    38293    35787    71546    34562    27574    58152    62002    25931    51244    16327    61061    41724    48392    45352    42129    64210    57860    30665    59950    58851    67445    51339    18756    66226    41800    49288    35157    53668    34012    42112    40964    41800    46870    21990    52673    52902    29931     5114    26134    55914    40068    18756    15523    62182    64208    27574    29244    22341    49288    18756    48628    50883    33887    58152    48509    62564     9650    61061    19936    48628    39086    28078    51557    40068    48450    49288    59757    48628    39086    50926    58152    79607    18756    52128     8772    52128    16338    50333    54542    68762    27574    25971    74365     9650    56543    54542    57455    42112    61061    16327    52673    74365    58152    55914    58152    59662    25931    40095 
   29793    19960    25621     7905    57860        0    82503     9055    64221    20653    13296    18008    26023    85087    49653    34700    68958    82503    19960    42075    20057    18631    36315    27962    63697    76586    64221    18008    27738    27862    27827    35757   101299     7905    46033     8707    44864    26023    36315    34700    25350    30447    12112        0    28720    54666    14343    52788    25995    44925     9106    27962    68016    60817     6213    49796    19017    84439    27962    28812    68958    22405    25621    53502    60258    57517    41923    58533    44925    47755    17625    19698    35757    76586    42075    68016    44925    74173    36613    38044   101299    13343    48097    69911    26023    68743    74173    30965    70340     9055    58533    12495    68016    12129    74173    30965    36656   101299    34144    44925    95231    64755    95231    41817    69061    31567    54207    35757    37994    19657    69911    85087    31567    43037    19017    26023    44864    22405    19657   101299    41923   101299    45392    46033    82503 
   55819    66799    76441    77176    40095    82503        0    68345    28182    70864    73378    61801    76235    20311    74970    63566    17274        0    66799    33477    66820    64906    58121    58353    27566    14073    28182    61801    52184    87944    68787    49796    19706    77176    24471    67642    32335    76235    58121    63566    60527    57303    79384    82503    49543    84414    75679    83113    68094    56717    90869    58353    39823    18664    70065    34644    58509    16150    58353    63567    17274    69488    76441    22968    33990    14143    72248    30339    56717    49940    78579    81034    49796    14073    33477    39823    56717    31328    66057    66622    19706    64906    78422    34179    76235    20615    31328    55483    12398    68345    30339    65364    39823    74931    31328    55483    66100    19706   103146    56717    22185    31784    22185    37078    36521    69717    83936    49796    67605    89539    34179    20311    69717    72629    58509    76235    32335    69488    89539    19706    72248    19706    74836    24471        0 
   21155    13710    22968    14279    51557     9055    68345        0    48959    18427     6244    13101    23798    79216    24344    32191    52981    68345    13710    35896    15757     8632    30817    17737    48343    61324    48959    13101    21646    20810    17547    29664    86402    14279    39730     6931    38849    23798    30817    32191    23876    28516    16487     9055    22219    53039     7969    51245    23440    42995    20492    17737    62242    55005     4191    43493    12925    69213    17737    26364    52981    16930    22968    47564    54166    51425    39714    52230    42995    45824    11445    13471    29664    61324    35896    62242    42995    72252    34682    35080    86402     5239    46363    55362    23798    53431    72252    24873    56328        0    52230     4059    62242    12246    72252    24873    34726    86402    42162    42995    80378    58238    80378    35528    63287    29108    52562    29664    36064    26642    55362    79216    29108    41255    12925    23798    38849    16930    26642    86402    39714    86402    43462    39730    68345 
   36433    51205    57055    58268    12589    64221    28182    48959        0    52856    54374    42415    58297    44597    60625    45639    14637    28182    51205    15965    48468    45520    39113    38968     4843    22455        0    42415    33423    68976    49402    31560    46978    58268    12617    48045     9600    58297    39113    45639    46925    38750    60292    64221    30158    65605    56293    63727    48708    26231    72604    38968    33248    21618    50686    27066    39447    30118    38968    44181    14637    50103    57055    15956    10669    15390    52862    23764    26231    22998    59575    61648    31560    22455    15965    33248    26231    34974    48078    46862    46978    46009    59036     4979    58297     9422    34974    36695    16019    48959    23764    45978    33248    55995    34974    36695    48123    46978    83760    26231    40910    15025    40910    18070    34293    51744    65146    31560    47905    70523     4979    44597    51744    53976    39447    58297     9600    50103    70523    46978    52862    46978    56695    12617    28182 
   18154     7341     5615    16094    55690    20653    70864    18427    52856        0    24192    13853     6857    87279    52602    23061    57319    70864     7341    45171     8418    21581    39264    30911    52058    65137    52856    13853    31356    38444    16187    30389    89660    16094    48982    18667    44000     6857    39264    23061    13711    19082     9075    20653    24778    43026    25761    41149     7418    33560    29036    30911    70966    66950    19286    52745    21581    72800    30911    11063    57319    10554     5615    56452    62907    58281    30283    61482    33560    35814    29043    31117    30389    65137    45171    70966    33560    80306    25500    26405    89660    15721    36458    58272     6857    57104    80306    33529    58701    18427    61482    19461    70966    12131    80306    33529    10652    89660    24809    33560    83592    62585    83592    44308    72011    10776    42568    30389    26629    18175    58272    87279    10776    31398    21581     6857    44000    10554    18175    89660    30283    89660    34027    48982    70864 
   32766    18536    28391    17966    56980    13296    73378     6244    54374    24192        0    18524    29633    83190    20079    37672    59832    73378    18536    41195    20575    14257    35435    20297    54572    67650    54374    18524    27527    16545    22970    45000    92173    17966    45153    11145    43984    29633    35435    37672    28322    33930    19990    13296    27841    57638     3862    55760    28766    47596    14972    20297    54765    59937     8404    48916    18339    75313    20297    31784    59832    21749    28391    52622    59580    56839    44895    57653    47596    50425     7143     9217    45000    67650    41195    54765    47596    68508    40111    41017    92173    10567    51069    60785    29633    59617    68508    30799    61214     6244    57653     9683    54765    18309    68508    30799    40157    92173    47585    47596    86106    63875    86106    40938    60654    34338    57179    45000    41478    30221    60785    83190    34338    46010    18339    29633    43984    21749    30221    92173    44895    92173    48876    45153    73378 
   11183     7418    18251    17248    38293    18008    61801    13101    42415    13853    18524        0    19224    74156    39627    22968    46437    61801     7418    30836     6585    11127    25757    17179    41799    54780    42415        0    16586    33090     8554    16108    79858    17248    35181    11392    33789    19224    25757    22968     7703    14927    10680    18008    12335    43816    20429    42021    15231    27085    26374    17179    57182    49945    13618    39426     7783    62669    17179    17141    46437     5218    18251    42504    40942    47840    30490    47670    27085    29839    23725    25751    16108    54780    30836    57182    27085    67192    25459    25857    79858    10052    37140    47817    19224    46887    67192    19813    49784    13101    47670    10427    57182     7559    67192    19813    25502    79858    37598    27085    73834    53178    73834    30468    58227    24534    43338    16108    26840    29612    47817    74156    24534    32031     7783    19224    33789     5218    29612    79858    30490    79858    34238    35181    61801 
   23525    12712     3102    17868    61061    26023    76235    23798    58297     6857    29633    19224        0    92650    57973    13178    62689    76235    12712    50541    13788    26952    44635    36282    57429    70508    58297    19224    36727    44199    21558    22528    95030    17868    54353    24108    49371        0    44635    13178    19081    17886    14446    26023    30149    37721    31132    35844     9911    32200    34406    36282    76337    72320    24727    58116    27022    78171    36282    12723    62689    15924     3102    61822    68348    63722    19935    66853    32200    35029    34414    36487    22528    70508    50541    76337    32200    85677    13755    22235    95030    21161    31153    63642        0    62474    85677    38969    64072    23798    66853    24832    76337    17502    85677    38969    10510    95030    24013    32200    88963    67955    88963    49679    77382    10419    33531    22528    25269    17335    63642    92650    10419    21419    27022        0    49371    15924    17335    95030    19935    95030    23748    54353    76235 
   71120    83214    92888    93591    56543    85087    20311    79216    44597    87279    83190    74156    92650        0    63410    79981    33689    20311    83214    49892    83235    75777    78619    69225    43981    30488    44597    74156    63014    67759    85235    66211     8490    93591    40782    78472    47771    92650    78619    79981    76942    73718    95799    85087    65991   100829    79436    99034    82928    73132    93453    69225    45443    26491    80895    50955    69340    21121    69225    78459    33689    84263    92888    43515    52102    30558    88695    40163    73132    66356    76624    72985    66211    30488    49892    45443    73132    32235    82472    83037     8490    75736    94153    50626    92650    37030    32235    66313    28813    79216    40163    76235    45443    91346    32235    66313    82515     8490   119593    73132    11036    49897    11036    53494    39488    86132   100351    66211    84020   105954    50626        0    86132    89044    69340    92650    47771    84263   105954     8490    88695     8490    91251    40782    20311 
   46201    47885    54318    48893    63181    49653    74970    24344    60625    52602    20079    39627    57973    63410        0    66366    64646    74970    47885    47562    46502    28763    26350    25744    60009    72989    60625    39627    27908    11599    43302    44593    70475    48893    51353    43037    50184    57973    26350    66366    45726    52949    51102    49653    36469    87214    27166    81688    54693    53832    34327    25744    34986    59227    26541    55116    33461    83334    25744    57712    64646    47676    54318    43375    65831    51349    70822    36538    53832    54758    16954    20694    44593    72989    47562    34986    53832    48729    68857    66944    70475    38164    76997    66985    57973    65097    48729    25542    67415    24344    36538    35174    34986    44237    48729    25542    68901    70475    73441    53832    72981    69904    72981    47194    40875    63283    86737    44593    70239    61256    66985    63410    63283    75430    33461    57973    50184    47676    61256    70475    70822    70475    77637    51353    74970 
   15751    21105    16828    29372    48392    34700    63566    32191    45639    23061    37672    22968    13178    79981    66366        0    50020    63566    21105    37873    18369    35345    41676    35443    44760    58004    45639    22968    33461    52238    19302    17251    82362    29372    41604    32459    36702    13178    41676        0    16826    11915    30192    34700    26207    26651    39525    24773     8136    30277    42505    35443    65226    59652    34573    49686    35061    65502    35443     3609    50020    20003    16828    50711    55690    51064    13908    55742    30277    33031    42807    44881    17251    58004    37873    65226    30277    73008     4811    13037    82362    29201    14565    50973    13178    49806    73008    36760    51403    32191    55742    33226    65226    25895    73008    36760     4641    82362    31313    30277    76294    55287    76294    37010    66271     8478    26192    17251    18067    28625    50973    79981     8478     8620    35061    13178    36702    20003    28625    82362    13908    82362    17294    41604    63566 
   40454    55226    61077    63630    21990    68958    17274    52981    14637    57319    59832    46437    62689    33689    64646    50020        0    17274    55226    19931    52489    49541    43134    42989     9433    10542    14637    46437    38639    74398    53423    36250    33084    63630    16421    54096    16971    62689    43134    50020    50946    43757    65839    68958    34179    69626    60314    67749    52730    43171    76626    42989    31772    13858    56520    31088    44964    19039    42989    48203        0    54124    61077    14918    18768     4393    56883    22288    43171    36395    63596    65670    36250    10542    19931    31772    43171    27214    52511    50884    33084    51360    63058    15797    62689     6484    27214    41937     5249    52981    22288    49999    31772    60016    27214    41937    52555    33084    87782    43171    29831    20329    29831    22091    36505    55765    70391    36250    54060    75994    15797    33689    55765    57998    44964    62689    16971    54124    75994    33084    56883    33084    61290    16421    17274 
   55819    66799    76441    77176    40095    82503        0    68345    28182    70864    73378    61801    76235    20311    74970    63566    17274        0    66799    33477    66820    64906    58121    58353    27566    14073    28182    61801    52184    87944    68787    49796    19706    77176    24471    67642    32335    76235    58121    63566    60527    57303    79384    82503    49543    84414    75679    83113    68094    56717    90869    58353    39823    18664    70065    34644    58509    16150    58353    63567    17274    69488    76441    22968    33990    14143    72248    30339    56717    49940    78579    81034    49796    14073    33477    39823    56717    31328    66057    66622    19706    64906    78422    34179    76235    20615    31328    55483    12398    68345    30339    65364    39823    74931    31328    55483    66100    19706   103146    56717    22185    31784    22185    37078    36521    69717    83936    49796    67605    89539    34179    20311    69717    72629    58509    76235    32335    69488    89539    19706    72248    19706    74836    24471        0 
   14089        0    11574    14633    51625    19960    66799    13710    51205     7341    18536     7418    12712    83214    47885    21105    55226    66799        0    38897     2651    16864    33817    26194    50589    63569    51205     7418    24646    33102     9395    29354    85595    14633    44265    13012    39935    12712    33817    21105     6765    17430     7683    19960    17986    41953    21044    37084    11948    31909    28379    26194    66249    58005    13631    48028    15925    68735    26194    13108    55226     3824    11574    51734    61255    56629    26218    56765    31909    34738    24326    26399    29354    63569    38897    66249    31909    76241    23596    22340    85595    10065    32393    54207    12712    55676    76241    27873    54636    13710    56765    14744    66249     7414    76241    27873    23640    85595    30768    31909    82623    65328    82623    40243    67294    18022    41476    29354    24978    23923    54207    83214    18022    30169    15925    12712    39935     3824    23923    85595    26218    85595    32375    44265    66799 
   30363    38897    48751    41315    22341    42075    33477    35896    15965    45171    41195    30836    50541    49892    47562    37873    19931    33477    38897        0    40935    32457    26050    25905    14671    28329    15965    30836    20002    55761    29352    24103    52273    41315     4691    35459     6328    50541    26050    37873    31676    31609    43524    42075    22518    59535    43230    57657    42639    31023    50372    25905    28313    21113    37883    11377    26327    35413    25905    38111    19931    35143    48751    13798    26016    21389    46792    18829    31023    26558    46512    48586    24103    28329        0    28313    31023    34469    40363    40792    52273    32724    52966    20884    50541    19716    34469    23301    21314    35896    18829    32915    28313    38670    34469    23301    40407    52273    77690    31023    46205    29904    46205    10959    29358    45674    59076    24103    41912    53679    20884    49892    45674    47907    26327    50541     6328    35143    53679    52273    46792    52273    49143     4691    33477 
   10570     2651    13620    14729    51645    20057    66820    15757    48468     8418    20575     6585    13788    83235    46502    18369    52489    66820     2651    40935        0    18910    30366    28241    47852    60832    48468     6585    26685    35141     7822    17176    85615    14729    40163    15050    39956    13788    30366    18369     5311    12535     9722    20057    16413    39217    23090    37104     8440    29172    28422    28241    62147    62915    15669    43926    17964    68756    28241    13128    52489     2696    13620    47632    58519    53892    26239    52663    29172    32001    25776    28446    17176    60832    40935    62147    29172    76386    20859    21257    85615    12104    32413    54227    13788    52940    76386    25570    55836    15757    52663    16791    62147     9461    76386    25570    20903    85615    32814    29172    79886    62591    79886    40589    63192    19098    38739    17176    22241    27093    54227    83235    19098    27432    17964    13788    39956     2696    27093    85615    26239    85615    29639    40163    66820 
   20234    16864    25818    17872    48078    18631    64906     8632    45520    21581    14257    11127    26952    75777    28763    35345    49541    64906    16864    32457    18910        0    20393    11814    44904    57885    45520    11127    11764    28823    17496    26225    82963    17872    36150    12016    35410    26952    20393    35345    19611    31670    20080    18631    18780    56193    17597    54398    26593    37202    26997    11814    58803    51566    14439    39913     5582    65774    11814    29518    49541    20084    25818    44125    50726    47986    42867    48650    37202    39956    19458    27175    26225    57885    32457    58803    37202    66344    37836    38234    82963     9280    49517    51782    26952    49992    66344    14991    52889     8632    48650     7003    58803    15400    66344    14991    37880    82963    44672    37202    76938    54799    76938    32089    58498    32262    55715    26225    39217    30235    51782    75777    32262    44408     5582    26952    35410    20084    30235    82963    42867    82963    46615    36150    64906 
   26902    33817    43672    35555    41724    36315    58121    30817    39113    39264    35435    25757    44635    78619    26350    41676    43134    58121    33817    26050    30366    20393        0    16384    38497    51478    39113    25757     8614    44208    24003    25299    76917    35555    29896    29699    28727    44635        0    41676    26432    33655    37763    36315    17170    62524    34029    59644    34120    34971    45292    16384    35953    45159    32122    30883    20567    60057    16384    35667    43134    29794    43672    33217    44319    41579    48778    27599    34971    35898    31218    27556    25299    51478    26050    35953    34971    45687    44167    44900    76917    26963    54952    45528    44635    43585    45687     6248    45958    30817    27599    27836    35953    33590    45687     6248    44211    76917    62794    34971    70849    48392    70849    25681    36998    47827    62047    25299    45548    47918    45528    78619    47827    50739    20567    44635    28727    29794    47918    76917    48778    76917    52946    29896    58121 
   20804    26194    35094    27202    41800    27962    58353    17737    38968    30911    20297    17179    36282    69225    25744    35443    42989    58353    26194    25905    28241    11814    16384        0    38352    51332    38968    17179     7755    31330    17887    18701    76410    27202    29973    21346    28857    36282    16384    35443    20199    27422    29411    27962    11053    56291    16543    54496    27706    29678    36327        0    51957    45013    23770    33736    10079    59221        0    29616    42989    23435    35094    37442    44174    41433    42965    42473    29678    32432    21965    24156    18701    51332    25905    51957    29678    63325    37934    38332    76410    18611    49615    45605    36282    43439    63325    10982    46336    17737    42473    15654    51957    24730    63325    10982    37977    76410    54216    29678    70386    48247    70386    25536    55478    41592    55813    18701    29252    39566    45605    69225    41592    44506    10079    36282    28857    23435    39566    76410    42965    76410    46713    29973    58353 
   35817    50589    56439    58370    15638    63697    27566    48343     4843    52058    54572    41799    57429    43981    60009    44760     9433    27566    50589    14671    47852    44904    38497    38352        0    20944     4843    41799    33378    69138    48786    30990    46362    58370    11022    48836    10592    57429    38497    44760    46309    38497    60579    63697    29542    64989    55677    63111    48092    29325    71988    38352    30299    18668    51259    20428    39704    29502    38352    43565     9433    49487    56439    13007    14385    12300    52246    20815    29325    26092    58959    61033    30990    20944    14671    30299    29325    32025    47251    46246    46362    46100    58420     9721    57429     4619    32025    36677    15403    48343    20815    45362    30299    55379    32025    36677    47295    46362    83144    29325    40294    16487    40294    17454    31344    51128    65130    30990    48799    70733     9721    43981    51128    53360    39704    57429    10592    49487    70733    46362    52246    46362    56030    11022    27566 
   48798    63569    69420    71449    29244    76586    14073    61324    22455    65137    67650    54780    70508    30488    72989    58004    10542    14073    63569    28329    60832    57885    51478    51332    20944        0    22455    54780    46457    82216    61766    44069    29794    71449    22338    61914    25314    70508    51478    58004    59290    51576    72656    76586    42522    77970    68658    76092    61073    50990    84969    51332    40260    24141    64338    39431    52782    12935    51332    56546    10542    62467    69420    22968    24121    14425    65227    30776    50990    44213    71940    74013    44069        0    28329    40260    50990    37498    60330    59227    29794    59179    71401    27158    70508    13882    37498    49756     6686    61324    30776    58343    40260    68359    37498    49756    60373    29794    96125    50990    23727    21924    23727    30434    41305    64109    77511    44069    61878    83812    27158    30488    64109    66341    52782    70508    25314    62467    83812    29794    65227    29794    69109    22338    14073 
   36433    51205    57055    58268    12589    64221    28182    48959        0    52856    54374    42415    58297    44597    60625    45639    14637    28182    51205    15965    48468    45520    39113    38968     4843    22455        0    42415    33423    68976    49402    31560    46978    58268    12617    48045     9600    58297    39113    45639    46925    38750    60292    64221    30158    65605    56293    63727    48708    26231    72604    38968    33248    21618    50686    27066    39447    30118    38968    44181    14637    50103    57055    15956    10669    15390    52862    23764    26231    22998    59575    61648    31560    22455    15965    33248    26231    34974    48078    46862    46978    46009    59036     4979    58297     9422    34974    36695    16019    48959    23764    45978    33248    55995    34974    36695    48123    46978    83760    26231    40910    15025    40910    18070    34293    51744    65146    31560    47905    70523     4979    44597    51744    53976    39447    58297     9600    50103    70523    46978    52862    46978    56695    12617    28182 
   11183     7418    18251    17248    38293    18008    61801    13101    42415    13853    18524        0    19224    74156    39627    22968    46437    61801     7418    30836     6585    11127    25757    17179    41799    54780    42415        0    16586    33090     8554    16108    79858    17248    35181    11392    33789    19224    25757    22968     7703    14927    10680    18008    12335    43816    20429    42021    15231    27085    26374    17179    57182    49945    13618    39426     7783    62669    17179    17141    46437     5218    18251    42504    40942    47840    30490    47670    27085    29839    23725    25751    16108    54780    30836    57182    27085    67192    25459    25857    79858    10052    37140    47817    19224    46887    67192    19813    49784    13101    47670    10427    57182     7559    67192    19813    25502    79858    37598    27085    73834    53178    73834    30468    58227    24534    43338    16108    26840    29612    47817    74156    24534    32031     7783    19224    33789     5218    29612    79858    30490    79858    34238    35181    61801 
   18807    24646    34500    27647    35787    27738    52184    21646    33423    31356    27527    16586    36727    63014    27908    33461    38639    52184    24646    20002    26685    11764     8614     7755    33378    46457    33423    16586        0    42093    15909    17391    70980    27647    23960    21791    22791    36727     8614    33461    18233    25748    28902    27738     9075    53427    28979    51549    26026    26630    36121     7755    45943    38744    24215    27723    12659    54120     7755    27573    38639    21699    34500    31429    38629    35889    40684    36460    26630    27556    32261    29114    17391    46457    20002    45943    26630    52100    36260    36805    70980    19056    46858    39592    36727    38424    52100     3548    40021    21646    36460    18664    45943    24419    52100     3548    36303    70980    53623    26630    64912    42682    64912    19744    46988    39566    52968    17391    37641    40011    39592    63014    39566    41798    12659    36727    22791    21699    40011    70980    40684    70980    45039    23960    52184 
   47332    33102    42957    34296    71546    27862    87944    20810    68976    38444    16545    33090    44199    67759    11599    52238    74398    87944    33102    55761    35141    28823    44208    31330    69138    82216    68976    33090    42093        0    37536    49681    74824    34296    59719    25747    58550    44199    44208    52238    42888    48533    34556    27862    42407    72204    14894    70326    43332    63011    30756    31330    49942    63682    23007    63482    32942    89880    31330    46350    74398    36315    42957    67188    74182    71442    59461    54396    63011    64991    13383    11077    49681    82216    55761    49942    63011    53078    54699    55583    74824    25255    65635    75351    44199    74183    53078    43400    75780    20810    54396    24249    49942    32875    53078    43400    54743    74824    62151    63011    77587    78441    77587    55504    45224    48904    71745    49681    56080    46659    75351    67759    48904    60576    32942    44199    58550    36315    46659    74824    59461    74824    63478    59719    87944 
    6141     9395    21016    22499    34562    27827    68787    17547    49402    16187    22970     8554    21558    85235    43302    19302    53423    68787     9395    29352     7822    17496    24003    17887    48786    61766    49402     8554    15909    37536        0    12377    86844    22499    33697    17761    40202    21558    24003    19302     4058     9633    24708    27827    10035    40150    24875    38355    11566    23354    36192    17887    55697    48460    20185    37942    19806    69656    17887    13475    53423     7295    21016    41020    37211    54826    26825    46185    23354    26108    28171    30197    12377    61766    29352    55697    23354    65708    21793    22191    86844    14685    33474    54803    21558    53873    65708    19208    56770    17547    46185    16796    55697    20254    65708    19208    21837    86844    39933    23354    80820    41284    80820    28984    56742    25453    39673    12377    23175    34863    54803    85235    25453    28366    19806    21558    40202     7295    34863    86844    26825    86844    30573    33697    68787 
    6726    29354    35205    36700    27574    35757    49796    29664    31560    30389    45000    16108    22528    66211    44593    17251    36250    49796    29354    24103    17176    26225    25299    18701    30990    44069    31560    16108    17391    49681    12377        0    68592    36700    27834    30081    22932    22528    25299    17251    12048     7902    38441    35757     8369    37217    36998    35340    14703    16230    44140    18701    51456    45882    32505    35916    20949    51732    18701    15794    36250    16604    35205    36941    30087    36984    24474    41972    16230    19067    40280    42353        0    44069    24103    51456    16230    59238    25581    18481    68592    36529    30648    37204    22528    36036    59238    20350    37633    29664    41972    26683    51456    34144    59238    20350    19736    68592    55373    16230    62524    34469    62524    23240    52501    23356    36758        0    13720    49064    37204    66211    23356    25589    20949    22528    22932    16604    49064    68592    24474    68592    34361    27834    49796 
   73501    85595    94498    95972    58152   101299    19706    86402    46978    89660    92173    79858    95030     8490    70475    82362    33084    19706    85595    52273    85615    82963    76917    76410    46362    29794    46978    79858    70980    74824    86844    68592        0    95972    40214    86437    50392    95030    76917    82362    79322    76099    98180   101299    67600   103210    86460   101415    85308    75512   109665    76410    52467    26181    88861    64509    77305    16153    76410    80840    33084    86643    94498    38711    47134    29953    90305    47187    75512    68736    83689    80050    68592    29794    52273    52467    75512    39300    84853    85418        0    83702    96534    52236    95030    36424    39300    74279    28207    86402    47187    83421    52467    93727    39300    74279    84896        0   121203    75512     9622    44928     9622    55874    46513    88512   102732    68592    86401   108335    52236     8490    88512    91425    77305    95030    50392    86643   108335        0    90305        0    93632    40214    19706 
   24466    14633    16626        0    62002     7905    77176    14279    58268    16094    17966    17248    17868    93591    48893    29372    63630    77176    14633    41315    14729    17872    35555    27202    58370    71449    58268    17248    27647    34296    22499    36700    95972        0    45273     7847    50312    17868    35555    29372    20023    24493     5943     7905    27961    49338    21613    47461    20668    38971    16288    27202    67257    60057     9961    49036    18157    79112    27202    23484    63630    17078    16626    52742    68318    63692    36595    57773    38971    42126    24895    26968    36700    71449    41315    67257    38971    73414    31811    32717    95972    11328    42769    64583    17868    63416    73414    30105    65013    14279    57773    15313    67257    10078    73414    30105    31857    95972    27898    38971    89904    68896    89904    41058    68302    26240    48880    36700    32041    13413    64583    93591    26240    37710    18157    17868    50312    17078    13413    95972    36595    95972    39438    45273    77176 
   32743    44265    53096    45273    25931    46033    24471    39730    12617    48982    45153    35181    54353    40782    51353    41604    16421    24471    44265     4691    40163    36150    29896    29973    11022    22338    12617    35181    23960    59719    33697    27834    40214    45273        0    39417    10572    54353    29896    41604    36399    35341    47482    46033    27352    62452    47575    60657    44551    34755    54398    29973    23808    16571    41841    10382    30285    30227    29973    40082    16421    39635    53096     9130    28579    12991    49126    14100    34755    30290    50354    52380    27834    22338     4691    23808    34755    33818    44095    44660    40214    36682    55776    18641    54353    15023    33818    27258    17342    39730    14100    36623    23808    42801    33818    27258    44138    40214    72176    34755    41392    32652    41392    14582    24853    47755    61974    27834    45643    57636    18641    40782    47755    50667    30285    54353    10572    39635    57636    40214    49126    40214    52874        0    24471 
