dep83 0 0 60
**************************************DATA
9 124 480 8 1.33
**************************************DISTANCE
       0    25044    44575    79670   102014    64621    73424   113799    35129    71710   131108    36876     9411    66107    38078    64737    91886    76210    50807    46159    89164    38078    19774    85207    82119   132383    82113    60732    18206    61097   110518    63548    40993     8069    40556    58418    65662    82694    73574    53132    35129    37456    63962    40556    46159    79670    92136    14100    82694    53618   109948    18286    63962    98981    70749    48949    49080    53132    14100    64737    33110    73424    53132    79670    10664    40993    92136    35129   110581    86930    64621    41884    53618     8322    41884    30997     8069    88795    44575    73574    13973    22593    41744     8069    50045    60743   113799    87387    63548    89164    48949    60475    58418    89164    50045    65662    79587    12214   110518    60743    48949    50973    48949    41744    38912    66469    33110    82694    53132    46159    71573   103924   116420    60743    86986    66469    86986    72446    79812    38078    64737     9411    60732    40993    82113 
   25044        0    36897    57191    94322    42207    48765   106013    20282    76839    77323    28889    18831    71926    14531    56760    84553    56834    43130    23903    81242    14531    42808    74485    74175   124464    73625    66516    13638    41740   102515    38375    33006    20913    18164    50224    77316    74206    65685    58882    20282    15111    47041    18164    23903    57191    84223    38106    74206    39318   104993    11325    47041    91289    46288    40993    26583    58882    38106    56760    38802    48765    58882    57191    33555    33006    84223    20282   102947    79328    42207    47658    39318    32565    47658    23200    20913    65109    36897    65685    28179    14637    23486    20913    55686    35509   106013    79842    38375    81242    40993    66185    50224    81242    55686    77316    57090    26918   102515    35509    40993    50723    40993    23486    20645    45071    38802    74206    58882    23903    77333    95999   107932    35509    62986    45071    62986    78661    71614    14531    56760    18831    66516    33006    73625 
   44575    36897        0    72198    61557    52781    49125    73342    22851    41844    79404    10927    38362    37847    37224    21802    51429    51804     6430    35110    48431    37224    62999    39613    41363    91652    40814    49391    39680    36711    69703    28929    15044    40443    29398    16984    32501    39248    32230    37061    22851    35454    57900    29398    35110    72198    51680    57636    39248    21165    72181    30148    57900    53387    70675    11264    37424    37061    57636    21802    44838    49125    37061    72198    53086    15044    51680    22851    70135    46473    52781    40249    21165    52096    40249    16755    40443    65566        0    32230    47710    24681    20907    40443    55645    38738    73342    47030    28929    48431    11264    31175    16984    48431    55645    32501    57384    46448    69703    38738    11264    10428    11264    20907    22932    32581    44838    39248    37061    35110    45332    63468    75120    38738    44042    32581    44042    43666    29058    37224    21802    38362    49391    15044    40814 
   79670    57191    72198        0   118948    21342    27990   130733    56269   113639    21812    71056    74910   109089    53038    69358   108820    34852    90079    38817   105470    53038    97372    59703    99053   149318    97854   119830    68263    59933   126743    56593    65323    74638    51645    76658   102908    52866    67485   108360    56269    43834    41818    51645    38817        0   109071   100258    52866    67721   129221    65951    41818    65634    29962    63980    30833   108360   100258    69358    93705    27990   108360        0   106505    65323   109071    56269   127515   103864    21342   102480    67721   106718   102480    66286    74638    22254    72198    67485    81859    64556    55292    74638   110640    32238   130733   104321    56593   105470    63980   102417    76658   105470   110640   102908    20351    78713   126743    32238    63980    78925    63980    55292    52332    63261    93705    52866   108360    38817   116378   120858   132160    32238    50351    63261    50351   114586    98052    53038    69358    74910   119830    65323    97854 
  102014    94322    61557   118948        0    99531    96961    15641    89580    66689   139080    91396    95801    63046    94663    59691    16253    99748    66583    83398    45149    94663   120106    46926    19785    32074    24701    79061    97119    84654     8365    82589    67999    97882    93913    53155    61367    61551    50158    84930    89580    89089   108147    93913    83398   118948    30531   115076    61551    63523    35350    87587   108147    50657   103613    61163    85712    84930   115076    59691   115772    96961    84930   118948   110525    67999    30531    89580    17927    37580    99531   114682    63523   109535   114682    85686    97882   113509    61557    50158   105149    82080    72773    97882    88040    86554    15641    13269    82589    45149    61163    64695    53155    45149    88040    61367   105328   103887     8365    86554    61163    53654    61163    72773    74551    87985   115772    61551    84930    83398    70263    19933    16394    86554    66930    87985    66930    68511    53459    94663    59691    95801    79061    67999    24701 
   64621    42207    52781    21342    99531        0    16506   111316    41148    94433    30654    50280    59925    89671    38053    43875    89403    24110    70662    23833    86681    38053    76889    53407    79636   129900    78906   100413    53214    31794   108035    31039    44548    59653    36661    57241    83490    46499    52444    88943    41148    28849    26705    36661    23833    21342    89654    77983    46499    48304   107466    50902    26705    62300     8717    44563    15784    88943    77983    43875    78720    16506    88943    21342    86023    44548    89654    41148   108098    84447        0    87495    48304    86236    87495    51302    59653    24770    52781    52444    66874    49572    40180    59653    95655    12664   111316    84904    31039    86681    44563    83000    57241    86681    95655    83490    20527    63728   108035    12664    44563    59507    44563    40180    37348    35122    78720    46499    88943    23833    96961   101441   113212    12664    43832    35122    43832    95169    78635    38053    43875    59925   100413    44548    78906 
   73424    48765    49125    27990    96961    16506        0   110386    39902    93783    31929    47753    67211    90140    41773    41599    88926     9575    59602    29710    85615    41773    88762    38901    78548   128836    77998   101331    59706    24418   106888    28762    42020    69293    43068    57348    84441    32031    43631    84755    39902    35400    38575    43068    29710    27990    88596   111344    32031    38537   109365    58997    38575    47834     8853    40658    22579    84755   111344    41599    80133        0    84755    27990   117815    42020    88596    39902   107319    49135    16506    88659    38537   117751    88659    53186    69293    18091    49125    43631    76560    48400    38924    69293   104066    13247   110386    84214    28762    85615    40658    83164    57348    85615   104066    84441    10072    75298   106888    13247    40658    49549    40658    38924    36084    28359    80133    32031    84755    29710    97271   100372   112304    13247    29516    28359    29516    95605    78738    41773    41599    67211   101331    42020    77998 
  113799   106013    73342   130733    15641   111316   110386        0   101365    78474   150865   103181   107586    74831   106448    71476    26264   111532    78368    95183    56934   106448   132115    47166    32223    18860    39737    90846   108903    96439    13108    94374    79725   109667   105698    64940    73152    55506    61943    96715   101365   100874   119932   105698    95183   130733    30771   126860    55506    75080    47068    99372   119932    51755   115310    72948    97497    96715   126860    71476   127557   110386    96715   130733   122310    79725    30771   101365     4164    37819   111316    97732    75080   121319    97732    97471   109667    91418    73342    61943   116934    93865    84558   109667    99824    99083        0    31530    94374    56934    72948    76480    64940    56934    99824    73152   117112   115672    13108    99083    72948    65439    72948    84558    86335    99770   127557    55506    96715    95183    82047    20172     3919    99083    60885    99770    60885    80296    65244   106448    71476   107586    90846    79725    39737 
   35129    20282    22851    56269    89580    41148    39902   101365        0    66609    76264    13721    30803    65048    10695    32069    79452    42688    29083    23258    76515    10695    53196    54337    69685   119950    68899    66602    30234    27575    97788    26382    12589    30532     8474    45984    58867    53667    43343    54100        0    11483    45982     8474    23258    56269    79703    48191    53667    23944   100266    20702    45982    68111    37226    20203    25506    54100    48191    32069    39229    39902    54100    56269    44087    12589    79703        0    98147    74496    41148    47754    23944    42166    47754     9953    30532    55273    22851    43343    37752    10116     8371    30532    66533    27221   101365    74953    26382    76515    20203    57218    45984    76515    66533    58867    47964    34606    97788    27221    20203    30847    20203     8371     5389    30903    39229    53667    54100    23258    72338    91491   103205    27221    50993    30903    50993    70545    67378    10695    32069    30803    66602    12589    68899 
   71710    76839    41844   113639    66689    94433    93783    78474    66609        0   133982    52573    63822     9113    87037    51401    56561    81472    37633    78518    25707    87037    89340    58449    44428    83084    45547    28187    71086    67106    60639    66007    59943    66676    72908    39980    14348    65893    53732    20980    66609    84227   103048    72908    78518   113639    54926    84772    65893    55298    57299    65752   103048    69802    98707    52976    80613    20980    84772    51401    43988    93783    20980   113639    80231    59943    54926    66609    75256    49719    94433    35971    55298    78310    35971    56772    66676    97201    41844    53732    73897    74443    65242    66676    37197    82480    78474    52062    66007    25707    52976    13778    39980    25707    37197    14348   100229    62823    60639    82480    52976    47349    52976    65242    66442    63476    43988    65893    20980    78518    18724    66234    80795    82480    71272    63476    71272     9543    20792    87037    51401    63822    28187    59943    45547 
  131108    77323    79404    21812   139080    30654    31929   150865    76264   133982        0    78262   139346   129220    73170    65680   128952    38293   110211    58949   126230    73170   119696    62798   119185   124971    78243   139962    88250    54612   104896    59149    72529    94770    71777    96789   123039    55256    70579   128492    76264    63966    61822    71777    58949    21812    81182   120789    55256    67186   147014    85952    61822    63737    33902    71186    50858   128492   120789    65680   113837    31929   128492    21812   128830    72529    81182    76264   147647    78699    30654   122611    67186   129043   122611    83719    94770    19332    79404    70579   142389    84688    75296    94770   130772    42665   150865   124453    59149   126230    71186   122548    96789   126230   130772   123039    25194   140319   104896    42665    71186    99056    71186    75296    72464    55838   113837    55256   128492    58949   136510    94016   107889    42665    53223    55838    53223   134718   118184    73170    65680   139346   139962    72529    78243 
   36876    28889    10927    71056    91396    50280    47753   103181    13721    52573    78262        0    30663    48931    29525    26554    60654    50662    17159    32324    57343    29525    54991    49162    50275   100564    49726    57022    31981    35569    78616    27787     5733    32745    21488    25896    43231    48883    38257    44515    13721    26324    55114    21488    32324    71056    60324    49938    48883    18358    81093    22449    55114    62525    46406    14748    34638    44515    49938    26554    29639    47753    44515    71056    45387     5733    60324    13721    79047    55428    50280    38164    18358    44397    38164     6579    32745    64424    10927    38257    40011    16942    11778    32745    53565    36401   103181    55942    27787    57343    14748    47680    25896    57343    53565    43231    56242    38749    78616    36401    14748    19340    14748    11778    13555    31209    29639    48883    44515    32324    56061    72100    84032    36401    47392    31209    47392    54395    39787    29525    26554    30663    57022     5733    49726 
    9411    18831    38362    74910    95801    59925    67211   107586    30803    63822   139346    30663        0    58677    35886    60469    85673    73952    46839    39946    84951    35886    27646    78994    77884   128173    77335    53499    13236    58858   106224    58769    34780     5582    34343    53933    58232    77915    69394    45889    30803    32830    72244    34343    39946    74910    85923    22473    77915    47405   108702    15109    72244    92767    64535    42736    44302    45889    22473    60469    25785    67211    45889    74910    17922    34780    85923    30803   106656    80717    59925    34455    47405    16932    34455    26909     5582    82827    38362    69394    12849    16379    37482     5582    42669    54530   107586    83551    58769    84951    42736    53046    53933    84951    42669    58232    74808     4113   106224    54530    42736    54432    42736    37482    32699    60256    25785    77915    45889    39946    64144    97711   111641    54530    82709    60256    82709    65644    75323    35886    60469        0    53499    34780    77335 
   66107    71926    37847   109089    63046    89671    90140    74831    65048     9113   129220    48931    58677        0    70130    47398    52918    89888    33636    73538    20946    70130    84427    54806    40770    79435    40786    23199    65483    74794    57011    61246    56300    61975    69265    35976     9467    61132    49738    16081    65048    79229    98287    69265    73538   109089    51283    79168    61132    51655    54132    60148    98287    66159    95064    49333    75852    16081    79168    47398    38977    90140    16081   109089    74618    56300    51283    65048    71049    46077    89671    31057    51655    73627    31057    52767    61975   103650    37847    49738    69242    70800    60481    61975    26823    78837    74831    47944    61246    20946    49333     8865    35976    20946    26823     9467    95468    57383    57011    78837    49333    41361    49333    60481    62799    59833    38977    61132    16081    73538     7557    62591    76034    78837    66511    59833    66511     8252    16530    70130    47398    58677    23199    56300    40786 
   38078    14531    37224    53038    94663    38053    41773   106448    10695    87037    73170    29525    35886    70130        0    40342    84535    52681    43456    16819    81620        0    44020    77856    74768   125032    74004    71747    26672    34908   102893    34222    20862    35614     9753    51067    63949    74584    66223    59183    10695     8053    42887     9753    16819    53038    84785    47591    74584    32217   105371    24360    42887    91630    39298    28476    22430    59183    47591    40342    44311    41773    59183    53038    49169    20862    84785    10695   103230    79579    38053    52836    32217    44793    52836    23017    35614    57344    37224    66223    42835    15199    15028    35614    71616    28525   106448    80220    34222    81620    28476    62301    51067    81620    71616    63949    52937    39689   102893    28525    28476    39120    28476    15028    13662    38236    44311    74584    59183    16819    77420    96573   108310    28525    58833    38236    58833    88859    71992        0    40342    35886    71747    20862    74004 
   64737    56760    21802    69358    59691    43875    41599    71476    32069    51401    65680    26554    60469    47398    40342        0    49563    31464    28394    32145    46412    40342    82862    24978    39796    89634    38796    58949    59841    17088    67685    13847    20821    60198    33787    14967    41217    22329    11704    46669    32069    37855    54841    33787    32145    69358    49814    77798    22329     8082    70163    50310    54841    38752    41217    19478    34365    46669    77798        0    68915    41599    46669    69358    73752    20821    49814    32069    68117    26023    43875    77440     8082    72257    77440    31916    60198    47225    21802    11704    67418    44544    25525    60198    67150    31212    71476    45012    13847    46412    19478    40726    14967    46412    67150    41217    44666    64272    67685    31212    19478    15732    19478    25525    27320    11767    68915    22329    46669    32145    54688    61601    73102    31212    23642    11767    23642    53223    36356    40342        0    60469    58949    20821    38796 
   91886    84553    51429   108820    16253    89403    88926    26264    79452    56561   128952    60654    85673    52918    84535    49563        0    89620    56455    73270    35021    84535   110655    41275    27954    44879    27405    68933    86991    74526    24742    72461    58265    87754    83785    43027    51239    51423    40030    74802    79452    78961    98019    83785    73270   108820    37752   104947    51423    53621    21164    77459    98019    52628    93850    51298    75584    74802   104947    49563   105644    88926    74802   108820   100397    58265    37752    79452    23362    32545    89403    76273    53621    99407    76273    75558    87754   103381    51429    40030    95021    72337    62645    87754    77912    77623    26264     9617    72461    35021    51298    54651    43027    35021    77912    51239    95200    93759    24742    77623    51298    43526    51298    62645    76934    79927   105644    51423    74802    73270    60135    36325    28347    77623    56802    79927    56802    58383    43331    84535    49563    85673    68933    58265    27405 
   76210    56834    51804    34852    99748    24110     9575   111532    42688    81472    38293    50662    73952    89888    52681    31464    89620        0    70878    37767    88401    52681    96297    31646    79852    87854    46090    89019    71315    20396    73592    31548    44929    73680    46399    57457    83707    24805    36364    89159    42688    43476    46179    46399    37767    34852    56284   118948    24805    32970   112151    61783    46179    42590    16389    43586    30182    89159   118948    31464    82377     9575    89159    34852    87235    44929    56284    42688   108315    41588    24110    90902    32970    85315    90902    55972    73680    28002    51804    36364    80901    53265    41711    73680   109682    20784   111532    87000    31548    88401    43586    83216    57457    88401   109682    83707    16934    77755    73592    20784    43586    47083    43586    41711    41040    21623    82377    24805    89159    37767    97177    71003    76498    20784    22290    21623    22290    83293    78851    52681    31464    73952    89019    44929    46090 
   50807    43130     6430    90079    66583    70662    59602    78368    29083    37633   110211    17159    46839    33636    43456    28394    56455    70878        0    55511    36071    43456    69232    42357    37387    75977    32356    45180    45912    55785    53553    33147    21276    46567    35631    16973    27455    42122    30729    32907    29083    40387    79277    35631    55511    90079    47424    63869    42122    23315    77265    36380    79277    56131    75700    20992    56842    32907    63869    28394    50914    59602    32907    90079    60122    21276    47424    29083    75219    37500    70662    46321    23315    58328    46321    22988    46567    71045     6430    30729    53788    30913    27140    46567    53388    59473    78368    52114    33147    36071    20992    26964    16973    36071    53388    27455    76458    50642    53553    59473    20992    14438    20992    27140    29164    36634    50914    42122    32907    55511    40925    59192    80204    59473    47501    36634    47501    39455    24847    43456    28394    46839    45180    21276    32356 
   46159    23903    35110    38817    83398    23833    29710    95183    23258    78518    58949    32324    39946    73538    16819    32145    73270    37767    55511        0    70349    16819    53392    54488    63282   113571    62733    87631    34753    22673    91622    19308    26592    42028    18357    42082    67357    46593    43295    73857    23258    10447    28667    18357        0    38817    73520    55672    46593    30633    94100    32440    28667    68262    27968    26892     8209    73857    55672    32145    59917    29710    73857    38817    54670    26592    73520    23258    92054    68314    23833    69191    30633    52873    69191    33465    42028    46735    35110    43295    49294    31616    22281    42028    76801    16462    95183    68949    19308    70349    26892    66866    42082    70349    76801    67357    38716    48032    91622    16462    26892    35614    26892    22281    19392    26173    59917    46593    73857        0    82006    85308    97039    16462    43919    26173    43919    80340    63473    16819    32145    39946    87631    26592    62733 
   89164    81242    48431   105470    45149    86681    85615    56934    76515    25707   126230    57343    84951    20946    81620    46412    35021    88401    36071    70349        0    81620   107344    36910    22889    61545    22911    36779    84269    73288    39099    69740    54954    84680    78982    40093    19185    46929    35362    29000    76515    76059    95278    78982    70349   105470    33386   102226    46929    50309    53084    74737    95278    48262    90539    47987    72862    29000   102226    46412    52581    85615    29000   105470    98234    54954    33386    76515    53716    28180    86681    44563    50309    96314    44563    72383    84680   101392    48431    35362    91900    69026    59687    84680    45790    74312    56934    30522    69740        0    47987    22942    40093        0    45790    19185    92478    88754    39099    74312    47987    42360    47987    59687    73623    51752    52581    46929    29000    70349    28236    44694    58158    74312    52308    51752    52308    26444    11340    81620    46412    84951    36779    54954    22911 
   38078    14531    37224    53038    94663    38053    41773   106448    10695    87037    73170    29525    35886    70130        0    40342    84535    52681    43456    16819    81620        0    44020    77856    74768   125032    74004    71747    26672    34908   102893    34222    20862    35614     9753    51067    63949    74584    66223    59183    10695     8053    42887     9753    16819    53038    84785    47591    74584    32217   105371    24360    42887    91630    39298    28476    22430    59183    47591    40342    44311    41773    59183    53038    49169    20862    84785    10695   103230    79579    38053    52836    32217    44793    52836    23017    35614    57344    37224    66223    42835    15199    15028    35614    71616    28525   106448    80220    34222    81620    28476    62301    51067    81620    71616    63949    52937    39689   102893    28525    28476    39120    28476    15028    13662    38236    44311    74584    59183    16819    77420    96573   108310    28525    58833    38236    58833    88859    71992        0    40342    35886    71747    20862    74004 
   19774    42808    62999    97372   120106    76889    88762   132115    53196    89340   119696    54991    27646    84427    44020    82862   110655    96297    69232    53392   107344    44020        0   100587   100277   150566    99728    79017    36084   115603   128617    81162    59108    27164    47652    76326    83216   100308    91787    71407    53196    44600    52594    47652    53392    97372   110325     7491   100308    71905   131095    37502    52594   117073    80971    67095    71896    71407     7491    82862    51303    88762    71407    97372    17467    59108   110325    53196   129049   105430    76889    60159    71905    17403    60159    49302    27164    99792    62999    91787    30422    40739    59875    27164    68187    78070   132115   105944    81162   107344    67095    78686    76326   107344    68187    83216    91772    28912   128617    78070    67095    76825    67095    59875    57034    84672    51303   100308    71407    53392    89833   122101   134034    78070   105102    84672   105102    91162    97716    44020    82862    27646    79017    59108    99728 
   85207    74485    39613    59703    46926    53407    38901    47166    54337    58449    62798    49162    78994    54806    77856    24978    41275    31646    42357    54488    36910    77856   100587        0    24928    56315    14592    72912    80312    32981    42094    36115    43429    81075    57503    32781    56022     8516    13651    60704    54337    60179    75476    57503    54488    59703    24815    98268     8516    30691    61714    70780    75476    20269    45715    39084    56802    60704    98268    24978    98965    38901    60704    59703    93718    43429    24815    54337    49351    10118    53407    95165    30691    92727    95165    68879    81075    44307    39613    13651    88342    62269    47793    81075    81890    50658    47166    36563    36115    36910    39084    54739    32781    36910    81890    56022    41785    87080    42094    50658    39084    31710    39084    47793    49570    29314    98965     8516    60704    54488    62023    39533    45000    50658    13895    29314    13895    60271    45633    77856    24978    78994    72912    43429    14592 
   82119    74175    41363    99053    19785    79636    78548    32223    69685    44428   119185    50275    77884    40770    74768    39796    27954    79852    37387    63282    22889    74768   100277    24928        0    41451     9670    56800    77224    64759    22210    62694    47886    77987    71915    33260    39008    33693    27524    48824    69685    69194    88252    71915    63282    99053    17245    95180    33693    43242    41047    67692    88252    38259    83472    40920    65817    48824    95180    39796    86330    78548    48824    99053    90630    47886    17245    69685    34487    16023    79636    64387    43242    89640    64387    65791    77987    93614    41363    27524    85254    61959    52878    77987    65779    67245    32223    17361    62694    22889    40920    42765    33260    22889    65779    39008    85432    83992    22210    67245    40920    33759    40920    52878    66556    43627    86330    33693    48824    63282    48059    24590    30136    67245    39072    43627    39072    46250    31199    74768    39796    77884    56800    47886     9670 
  132383   124464    91652   149318    32074   129900   128836    18860   119950    83084   124971   100564   128173    79435   125032    89634    44879    87854    75977   113571    61545   125032   150566    56315    41451        0    48955    95456   127488   115023    27227   112959    98175   127901   122204    83315    77674    64724    60347    87489   119950   119281   138516   122204   113571   149318    39991   145445    64724    93531    65652   117956   138516    58093   133761    91209   116081    87489   145445    89634   136619   128836    87489   149318   141456    98175    39991   119950    22748    46577   129900   103052    93531   139904   103052   116055   127901    97678    91652    60347   135122   112248   103143   127901   104279   117533    18860    45409   112959    61545    91209    81431    83315    61545   104279    77674   119356   131976    27227   117533    91209    85582    91209   103143   116845    76737   136619    64724    87489   113571    86725    25459    18894   117533    70103    76737    70103    84906    69855   125032    89634   128173    95456    98175    48955 
   82113    73625    40814    97854    24701    78906    77998    39737    68899    45547    78243    49726    77335    40786    74004    38796    27405    46090    32356    62733    22911    74004    99728    14592     9670    48955        0    56619    71751    38229    34724    62128    47337    77063    71366    22762    39025    23961    18209    50637    68899    68442    87661    71366    62733    97854    14896    94053    23961    42693    45467    67408    87661    25944    82922    40370    64693    50637    94053    38796    85780    77998    50637    97854    90618    47337    14896    68899    46100     5862    78906    64403    42693    88698    64403    64766    77063    58746    40814    18209    84284    61409    52071    77063    65630    66695    39737    22906    62128    22911    40370    44694    22762    22911    65630    39025    57229    81138    34724    66695    40370    34744    40370    52071    66006    34599    85780    23961    50637    62733    48076    32104    37717    66695    28339    34599    28339    46284    31180    74004    38796    77335    56619    47337        0 
   60732    66516    49391   119830    79061   100413   101331    90846    66602    28187   139962    57022    53499    23199    71747    58949    68933    89019    45180    87631    36779    71747    79017    72912    56800    95456    56619        0    60109    74653    72845    71987    65496    56352    72333    47527    22754    71873    61279    11661    66602    78928   109028    72333    87631   119830    67298    73794    71873    62845    69965    54774   109028    86685   106255    60523    86594    11661    73794    58949    33664   101331    11661   119830    69907    65496    67298    66602    87628    62091   100413    25647    62845    67987    25647    54330    56352   104748    49391    61279    63573    64065    71556    56352     9763    90028    90846    64434    71987    36779    60523    17567    47527    36779     9763    22754   106209    52500    72845    90028    60523    54896    60523    71556    70425    71023    33664    71873    11661    87631    19299    78605    91867    90028    77252    71023    77252    29538    31824    71747    58949    53499        0    65496    56619 
   18206    13638    39680    68263    97119    53214    59706   108903    30234    71086    88250    31981    13236    65483    26672    59841    86991    71315    45912    34753    84269    26672    36084    80312    77224   127488    71751    60109        0    56202   105623    53185    36098    12965    29150    53522    65038    72331    68679    52509    30234    26049    80272    29150    34753    68263    87241    30410    72331    48723   105053     7491    80272    94085    57231    44054    37510    52509    30410    59841    32486    59706    52509    68263    26974    36098    87241    30234   105686    82035    53214    41261    48723    25054    41261    26101    12965    75277    39680    68679    20185    17697    36849    12965    49421    46458   108903    82491    53185    84269    44054    59852    53522    84269    49421    65038    68017    17039   105623    46458    44054    46078    44054    36849    34017    61574    32486    72331    52509    34753    70950    99029   106057    46458    82090    61574    82090    71823    74917    26672    59841    13236    60109    36098    71751 
   61097    41740    36711    59933    84654    31794    24418    96439    27575    67106    54612    35569    58858    74794    34908    17088    74526    20396    55785    22673    73288    34908   115603    32981    64759   115023    38229    74653    56202        0    94561    13929    29836    58587    31306    42363    68613    25337    21988    74066    27575    28383    45635    31306    22673    59933    46234   118400    25337    18594    97038    46670    45635    45200    31232    28493    25159    74066   118400    17088    67284    24418    74066    59933    72141    29836    46234    27575    93221    34027    31794    75809    18594    70962    75809    40859    58587    36143    36711    21988    65807    38171    26597    58587    94588    19131    96439    71887    13929    73288    28493    68122    42363    73288    94588    68613    33599    62661    94561    19131    28493    39136    28493    26597    25947     9380    67284    25337    74066    22673    82084    63442    99977    19131    22663     9380    22663    68928    54020    34908    17088    58858    74653    29836    38229 
  110518   102515    69703   126743     8365   108035   106888    13108    97788    60639   104896    78616   106224    57011   102893    67685    24742    73592    53553    91622    39099   102893   128617    42094    22210    27227    34724    72845   105623    94561        0    91093    76226   105953   100255    61366    55250    50493    43479    65065    97788    97332   116651   100255    91622   126743    25770   123580    50493    71582    43854    96091   116651    46784   111812    69260    94216    65065   123580    67685   114670   106888    65065   126743   119507    76226    25770    97788    15328    32355   108035    80629    71582   117587    80629    93656   105953    86368    69703    43479   113173    90299    81277   105953    81855    95585    13108    21773    91093    39099    69260    59007    61366    39099    81855    55250   113832   110027        0    95585    69260    63633    69260    81277    94896    59869   114670    50493    65065    91622    64301    15159    11621    95585    55872    59869    55872    62509    47405   102893    67685   106224    72845    76226    34724 
   63548    38375    28929    56593    82589    31039    28762    94374    26382    66007    59149    27787    58769    61246    34222    13847    72461    31548    33147    19308    69740    34222    81162    36115    62694   112959    62128    71987    53185    13929    91093        0    22054    58498    27941    28815    55065    32817    25122    64764    26382    25018    42220    27941    19308    56593    72712    75488    32817    10775    90524    48842    42220    49889    28380    20711    21268    64764    75488    13847    60191    28762    64764    56593    72052    22054    72712    26382    91156    37160    31039    68716    10775    70132    68716    33244    58498    44539    28929    25122    65718    34806    26788    58498    94499    18375    94374    67962        0    69740    20711    54574    28815    69740    94499    55065    37793    62572    91093    18375    20711    24888    20711    26788    22582    14065    60191    32817    64764    19308    68535    84499    96345    18375    30157    14065    30157    66743    50209    34222    13847    58769    71987    22054    62128 
   40993    33006    15044    65323    67999    44548    42020    79725    12589    59943    72529     5733    34780    56300    20862    20821    58265    44929    21276    26592    54954    20862    59108    43429    47886    98175    47337    65496    36098    29836    76226    22054        0    36861    15756    23507    50600    43150    32524    50674    12589    20592    49382    15756    26592    65323    57935    54054    43150    12797    78704    26566    49382    56792    40561     9016    28906    50674    54054    20821    38113    42020    50674    65323    49504        0    57935    12589    76658    53039    44548    46638    12797    48514    46638    11166    36861    58691    15044    32524    44128    21088     6045    36861    62039    30556    79725    53553    22054    54954     9016    49324    23507    54954    62039    50600    50509    42866    76226    30556     9016    17906     9016     6045     7823    25564    38113    43150    50674    26592    63430    69711    81643    30556    41659    25564    41659    61764    44897    20862    20821    34780    65496        0    47337 
    8069    20913    40443    74638    97882    59653    69293   109667    30532    66676    94770    32745     5582    61975    35614    60198    87754    73680    46567    42028    84680    35614    27164    81075    77987   127901    77063    56352    12965    58587   105953    58498    36861        0    36425    53661    61530    77644    69123    49001    30532    33325    73044    36425    42028    74638    88005    23272    77644    49487   108430    14838    73044    94849    66617    44818    44030    49001    23272    60198    28978    69293    49001    74638    18055    36861    88005    30532   106384    82799    59653    37753    49487    16802    37753    26637        0    82556    40443    69123     9787    18461    37210        0    45522    56612   109667    83279    58498    84680    44818    56344    53661    84680    45522    61530    74537     9414   105953    56612    44818    54161    44818    37210    34781    62338    28978    77644    49001    42028    67442    99793   111369    56612    82437    62338    82437    68498    75051    35614    60198     5582    56352    36861    77063 
   40556    18164    29398    51645    93913    36661    43068   105698     8474    72908    71777    21488    34343    69265     9753    33787    83785    46399    35631    18357    78982     9753    47652    57503    71915   122204    71366    72333    29150    31306   100255    27941    15756    36425        0    36473    63566    55226    45490    59826     8474     9482    41495        0    18357    51645    84036    50069    55226    27111   102733    26837    41495    71277    40392    23370    21037    59826    50069    33787    44950    43068    59826    51645    49067    15756    84036     8474   100687    78829    36661    52087    27111    47270    52087    18681    36425    60161    29398    45490    43691    14449     9930    36425    71198    30387   105698    77582    27941    78982    23370    61551    36473    78982    71198    63566    49522    42430   100255    30387    23370    30872    23370     9930     8556    34069    44950    55226    59826    18357    76396    95823   105672    30387    52552    34069    52552    74730    57863     9753    33787    34343    72333    15756    71366 
