dep55 0 0 60
**************************************DATA
5 56 480 8 1.33
**************************************DISTANCE
       0    45721     8297    55341    72151    17930    43086    12978    44709    25564    89747    43086    34968    49728    72151    26669    63688    65521    49728    84601    72151    54891    17930    55341    34842     8949    39240    48176    60153    57940    97709    27613    43599    39240    47584    27613    31186    27613    27613    63688    50577    28538    43086     8297    45296    34968    75513    43599    34968    17646    40040    83497    17930    47584    27613    55341    47584 
   45721        0    41189    10471    24434    34009    11172    56888    62676    68359    48148    11172    58246     7582    24434    64906    29837    39532     7582    39732    24434    10286    34009    10471    53949    51649    42304    66142    34162    13071    52825    22859    12144    42304    89605    22859    73302    22859    22859    29837    92598    57358    11172    41189     9165    58246    41606    12144    58246    60440    59147    35927    34009    89605    22859    10471    89605 
    8297    41189        0    50809    67619    13396    38554    18348    40414    30933    85213    38554    30614    45193    67619    27479    59156    61023    45193    80070    67619    50357    13396    50809    30539    14319    33403    43937    55621    53408    93175    23081    39065    33403    52275    23081    35875    23081    23081    59156    55268    28667    38554        0    40764    30614    70979    39065    30614    23014    35737    78965    13396    52275    23081    50809    52275 
   55341    10471    50809        0    23215    43629    19658    66639    67239    77979    39345    19658    62810     7978    23215    70913    30337    39692     7978    35077    23215     6794    43629        0    58656    61375    46867    70705    34894    13114    48277    32478    18220    46867    78565    32478    86047    32478    32478    30337    81371    67846    19658    50809    14281    62810    37980    18220    62810    70060    62657    34617    43629    78565    32478        0    78565 
   72151    24434    67619    23215        0    50698    37276    64485    90086    81992    16427    37276    85657    23738        0    93760     8987    60910    23738    53430        0    24117    50698    23215    81808    67211    69715    93553    55072    27389    55826    34528    25989    69715   102917    34528    90645    34528    34528     8987   104523    90694    37276    67619    29948    85657    70903    25989    85657    74073    87006    11924    50698   102917    34528    23215   102917 
   17930    34009    13396    43629    50698        0    31374    27114    48749    44655    68870    31374    41561    38013    50698    37112    50076    60739    38013    72889    50698    43176        0    43629    38906    23953    37484    52303    55338    46228    85994    15901    31885    37484    61909    15901    45508    15901    15901    50076    64902    39627    31374    13396    33584    41561    70692    31885    41561    36736    44104    62043        0    61909    15901    43629    61909 
   43086    11172    38554    19658    37276    31374        0    54384    52338    65724    55292        0    47909    11945    37276    56012    36588    34442    11945    50204    37276    17108    31374    19658    43712    49121    31967    55804    29644    23763    66270    22081     9669    31967    63664    22081    71146    22081    22081    36588    64342    52946        0    38554     7526    47909    44435     9669    47909    57805    47756    50563    31374    63664    22081    19658    63664 
   12978    56888    18348    66639    64485    27114    54384        0    64684    19159    82657    54384    39301    60989    64485    31001    63863    75572    60989    95900    64485    66153    27114    66639    43329     8571    49291    63728    70196    69238   108971    38877    54861    49291    51573    38877    32161    38877    38877    63863    54566    32871    54384    18348    56594    39301    85564    54861    39301    11240    49420    75830    27114    51573    38877    66639    51573 
   44709    62676    40414    67239    90086    48749    52338    64684        0    70248   106204    52338    14755    63515    90086    25047    89347    51835    63515    96540    90086    64390    48749    67239    11603    56828    20580     5297    58010    71045   109195    55070    61081    20580    20087    55070    40181    55070    55070    89347    17911    21980    52338    40414    58084    14755    71447    61081    14755    62329     6262   101432    48749    20087    55070    67239    20087 
   25564    68359    30933    77979    81992    44655    65724    19159    70248        0    98111    65724    44422    72301    81992    36517    81370    88193    72301   107240    81992    77483    44655    77979    48796    21573    62749    68797    82791    80578   120397    50251    66177    62749    57040    50251    25389    50251    50251    81370    60033    38019    65724    30933    67934    44422    98192    66177    44422     8527    54887    93338    44655    57040    50251    77979    57040 
   89747    48148    85213    39345    16427    68870    55292    82657   106204    98111        0    55292   103798    40003    16427   109878    23364    78489    40003    56207    16427    40382    68870    39345    99824    85227    88081   122325    73088    43519    49080    52706    42300    88081   120933    52706   106763    52706    52706    23364   122539   106812    55292    85213    46078   103798    63833    42300   103798    90192   105022    12376    68870   120933    52706    39345   120933 
   43086    11172    38554    19658    37276    31374        0    54384    52338    65724    55292        0    47909    11945    37276    56012    36588    34442    11945    50204    37276    17108    31374    19658    43712    49121    31967    55804    29644    23763    66270    22081     9669    31967    63664    22081    71146    22081    22081    36588    64342    52946        0    38554     7526    47909    44435     9669    47909    57805    47756    50563    31374    63664    22081    19658    63664 
   34968    58246    30614    62810    85657    41561    47909    39301    14755    44422   103798    47909        0    57421    85657     9839    84918    51999    57421    92057    85657    59763    41561    62810     4791    31445    20063    18221    51538    66616   104504    49394    55336    20063    27817    49394    24973    49394    49394    84918    30810     6773    47909    30614    53654        0    66688    55336        0    36503     9971    97002    41561    27817    49394    62810    27817 
   49728     7582    45193     7978    23738    38013    11945    60989    63515    72301    40003    11945    57421        0    23738    65831    30955    34306        0    38902    23738     5130    38013     7978    53447    55750    41704    67858    28905    11784    52059    27000    15386    41704    74556    27000    77308    27000    27000    30955    76162    62764    11945    45193     6303    57421    36543    15386    57421    64434    58645    35230    38013    74556    27000     7978    74556 
   72151    24434    67619    23215        0    50698    37276    64485    90086    81992    16427    37276    85657    23738        0    93760     8987    60910    23738    53430        0    24117    50698    23215    81808    67211    69715    93553    55072    27389    55826    34528    25989    69715   102917    34528    90645    34528    34528     8987   104523    90694    37276    67619    29948    85657    70903    25989    85657    74073    87006    11924    50698   102917    34528    23215   102917 
   26669    64906    27479    70913    93760    37112    56012    31001    25047    36517   109878    56012     9839    65831    93760        0    88863    61246    65831   100160    93760    68064    37112    70913    14214    23145    28167    28504    59641    74719   112815    46797    62723    28167    26349    46797    16703    46797    46797    88863    29342     3437    56012    27479    61758     9839    75042    62723     9839    28231    20305   105105    37112    26349    46797    70913    26349 
   63688    29837    59156    30337     8987    50076    36588    63863    89347    81370    23364    36588    84918    30955     8987    88863        0    60171    30955    60507     8987    31334    50076    30337    81120    66530    68975    92813    55373    34510    63043    33140    25613    68975   109424    33140    90023    33140    33140        0   112435    89954    36588    59156    39182    84918    70163    25613    84918    73451    84765    18636    50076   109424    33140    30337   109424 
   65521    39532    61023    39692    60910    60739    34442    75572    51835    88193    78489    34442    51999    34306    60910    61246    60171        0    34306    45172    60910    31143    60739    39692    48064    71543    34651    51828     6469    34703    57870    53871    43028    34651    67472    53871    76380    53871    53871    60171    67557    58179    34442    61023    32432    51999    20054    43028    51999    80274    51562    72256    60739    67472    53871    39692    67472 
   49728     7582    45193     7978    23738    38013    11945    60989    63515    72301    40003    11945    57421        0    23738    65831    30955    34306        0    38902    23738     5130    38013     7978    53447    55750    41704    67858    28905    11784    52059    27000    15386    41704    74556    27000    77308    27000    27000    30955    76162    62764    11945    45193     6303    57421    36543    15386    57421    64434    58645    35230    38013    74556    27000     7978    74556 
   84601    39732    80070    35077    53430    72889    50204    95900    96540   107240    56207    50204    92057    38902    53430   100160    60507    45172    38902        0    53430    35924    72889    35077    87831    90531    77634    96533    41425    28838    15741    61739    47480    77634   112144    61739   115294    61739    61739    60507   112229    97094    50204    80070    44563    92057    27634    47480    92057    99321    96233    62245    72889   112144    61739    35077   112144 
   72151    24434    67619    23215        0    50698    37276    64485    90086    81992    16427    37276    85657    23738        0    93760     8987    60910    23738    53430        0    24117    50698    23215    81808    67211    69715    93553    55072    27389    55826    34528    25989    69715   102917    34528    90645    34528    34528     8987   104523    90694    37276    67619    29948    85657    70903    25989    85657    74073    87006    11924    50698   102917    34528    23215   102917 
   54891    10286    50357     6794    24117    43176    17108    66153    64390    77483    40382    17108    59763     5130    24117    68064    31334    31143     5130    35924    24117        0    43176     6794    55789    60914    44046    70200    24674     8806    49081    32305    18090    44046    76898    32305    83198    32305    32305    31334    78504    64998    17108    50357    11467    59763    34738    18090    59763    69564    60987    35609    43176    76898    32305     6794    76898 
   17930    34009    13396    43629    50698        0    31374    27114    48749    44655    68870    31374    41561    38013    50698    37112    50076    60739    38013    72889    50698    43176        0    43629    38906    23953    37484    52303    55338    46228    85994    15901    31885    37484    61909    15901    45508    15901    15901    50076    64902    39627    31374    13396    33584    41561    70692    31885    41561    36736    44104    62043        0    61909    15901    43629    61909 
   55341    10471    50809        0    23215    43629    19658    66639    67239    77979    39345    19658    62810     7978    23215    70913    30337    39692     7978    35077    23215     6794    43629        0    58656    61375    46867    70705    34894    13114    48277    32478    18220    46867    78565    32478    86047    32478    32478    30337    81371    67846    19658    50809    14281    62810    37980    18220    62810    70060    62657    34617    43629    78565    32478        0    78565 
   34842    53949    30539    58656    81808    38906    43712    43329    11603    48796    99824    43712     4791    53447    81808    14214    81120    48064    53447    87831    81808    55789    38906    58656        0    35520    15864    15069    47923    62443   100530    45510    51362    15864    22724    45510    29348    45510    45510    81120    28367    11147    43712    30539    49455     4791    62714    51362     4791    40877     6815    95095    38906    22724    45510    58656    22724 
    8949    51649    14319    61375    67211    23953    49121     8571    56828    21573    85227    49121    31445    55750    67211    23145    66530    71543    55750    90531    67211    60914    23953    61375    35520        0    45262    55872    66188    63975   103731    33638    49622    45262    43707    33638    24305    33638    33638    66530    46757    25015    49121    14319    51331    31445    81535    49622    31445    13654    41611    80499    23953    43707    33638    61375    43707 
   39240    42304    33403    46867    69715    37484    31967    49291    20580    62749    88081    31967    20063    41704    69715    28167    68975    34651    41704    77634    69715    44046    37484    46867    15864    45262        0    24046    37115    50673    86214    37930    39619        0    36973    37930    43301    37930    37930    68975    36645    25100    31967    33403    37712    20063    48397    39619    20063    54830    21062    81060    37484    36973    37930    46867    36973 
   48176    66142    43937    70705    93553    52303    55804    63728     5297    68797   122325    55804    18221    67858    93553    28504    92813    51828    67858    96533    93553    70200    52303    70705    15069    55872    24046        0    58003    74511   110977    58536    65773    24046    19132    58536    45887    58536    58536    92813    16841    25438    55804    43937    61550    18221    73161    65773    18221    60878     9728   104898    52303    19132    58536    70705    19132 
   60153    34162    55621    34894    55072    55338    29644    70196    58010    82791    73088    29644    51538    28905    55072    59641    55373     6469    28905    41425    55072    24674    55338    34894    47923    66188    37115    58003        0    28234    54123    50039    37627    37115    67293    50039    74775    50039    50039    55373    73699    56575    29644    55621    26904    51538    16307    37627    51538    74872    51385    68360    55338    67293    50039    34894    67293 
   57940    13071    53408    13114    27389    46228    23763    69238    71045    80578    43519    23763    66616    11784    27389    74719    34510    34703    11784    28838    27389     8806    46228    13114    62443    63975    50673    74511    28234        0    42039    35077    20819    50673    82371    35077    89853    35077    35077    34510    85158    71652    23763    53408    18087    66616    31741    20819    66616    72659    66463    38791    46228    82371    35077    13114    82371 
   97709    52825    93175    48277    55826    85994    66270   108971   109195   120397    49080    66270   104504    52059    55826   112815    63043    57870    52059    15741    55826    49081    85994    48277   100530   103731    86214   110977    54123    42039        0    74844    60629    86214   124842    74844   127949    74844    74844    63043   124927   109748    66270    93175    60629   104504    40288    60629   104504   112478   108931    53306    85994   124842    74844    48277   124842 
   27613    22859    23081    32478    34528    15901    22081    38877    55070    50251    52706    22081    49394    27000    34528    46797    33140    53871    27000    61739    34528    32305    15901    32478    45510    33638    37930    58536    50039    35077    74844        0    20734    37930    71594        0    55193        0        0    33140    74587    49312    22081    23081    24291    49394    63863    20734    49394    42332    50708    45873    15901    71594        0    32478    71594 
   43599    12144    39065    18220    25989    31885     9669    54861    61081    66177    42300     9669    55336    15386    25989    62723    25613    43028    15386    47480    25989    18090    31885    18220    51362    49622    39619    65773    37627    20819    60629    20734        0    39619    87578    20734    71119    20734    20734    25613    90571    55176     9669    39065    11879    55336    49410        0    55336    58258    56560    38347    31885    87578    20734    18220    87578 
   39240    42304    33403    46867    69715    37484    31967    49291    20580    62749    88081    31967    20063    41704    69715    28167    68975    34651    41704    77634    69715    44046    37484    46867    15864    45262        0    24046    37115    50673    86214    37930    39619        0    36973    37930    43301    37930    37930    68975    36645    25100    31967    33403    37712    20063    48397    39619    20063    54830    21062    81060    37484    36973    37930    46867    36973 
   47584    89605    52275    78565   102917    61909    63664    51573    20087    57040   120933    63664    27817    74556   102917    26349   109424    67472    74556   112144   102917    76898    61909    78565    22724    43707    36973    19132    67293    82371   124842    71594    87578    36973        0    71594    27509    71594    71594   109424    10470    28218    63664    52275    70564    27817    87026    87578    27817    49121    15909   116204    61909        0    71594    78565        0 
   27613    22859    23081    32478    34528    15901    22081    38877    55070    50251    52706    22081    49394    27000    34528    46797    33140    53871    27000    61739    34528    32305    15901    32478    45510    33638    37930    58536    50039    35077    74844        0    20734    37930    71594        0    55193        0        0    33140    74587    49312    22081    23081    24291    49394    63863    20734    49394    42332    50708    45873    15901    71594        0    32478    71594 
   31186    73302    35875    86047    90645    45508    71146    32161    40181    25389   106763    71146    24973    77308    90645    16703    90023    76380    77308   115294    90645    83198    45508    86047    29348    24305    43301    45887    74775    89853   127949    55193    71119    43301    27509    55193        0    55193    55193    90023    37124    18572    71146    35875    72877    24973    90233    71119    24973    25305    35439   101990    45508    27509    55193    86047    27509 
   27613    22859    23081    32478    34528    15901    22081    38877    55070    50251    52706    22081    49394    27000    34528    46797    33140    53871    27000    61739    34528    32305    15901    32478    45510    33638    37930    58536    50039    35077    74844        0    20734    37930    71594        0    55193        0        0    33140    74587    49312    22081    23081    24291    49394    63863    20734    49394    42332    50708    45873    15901    71594        0    32478    71594 
   27613    22859    23081    32478    34528    15901    22081    38877    55070    50251    52706    22081    49394    27000    34528    46797    33140    53871    27000    61739    34528    32305    15901    32478    45510    33638    37930    58536    50039    35077    74844        0    20734    37930    71594        0    55193        0        0    33140    74587    49312    22081    23081    24291    49394    63863    20734    49394    42332    50708    45873    15901    71594        0    32478    71594 
   63688    29837    59156    30337     8987    50076    36588    63863    89347    81370    23364    36588    84918    30955     8987    88863        0    60171    30955    60507     8987    31334    50076    30337    81120    66530    68975    92813    55373    34510    63043    33140    25613    68975   109424    33140    90023    33140    33140        0   112435    89954    36588    59156    39182    84918    70163    25613    84918    73451    84765    18636    50076   109424    33140    30337   109424 
   50577    92598    55268    81371   104523    64902    64342    54566    17911    60033   122539    64342    30810    76162   104523    29342   112435    67557    76162   112229   104523    78504    64902    81371    28367    46757    36645    16841    73699    85158   124927    74587    90571    36645    10470    74587    37124    74587    74587   112435        0    31211    64342    55268    72170    30810    87111    90571    30810    52114    17517   117810    64902    10470    74587    81371    10470 
   28538    57358    28667    67846    90694    39627    52946    32871    21980    38019   106812    52946     6773    62764    90694     3437    89954    58179    62764    97094    90694    64998    39627    67846    11147    25015    25100    25438    56575    71652   109748    49312    55176    25100    28218    49312    18572    49312    49312    89954    31211        0    52946    28667    58691     6773    72031    55176     6773    30100    17238   102039    39627    28218    49312    67846    28218 
   43086    11172    38554    19658    37276    31374        0    54384    52338    65724    55292        0    47909    11945    37276    56012    36588    34442    11945    50204    37276    17108    31374    19658    43712    49121    31967    55804    29644    23763    66270    22081     9669    31967    63664    22081    71146    22081    22081    36588    64342    52946        0    38554     7526    47909    44435     9669    47909    57805    47756    50563    31374    63664    22081    19658    63664 
    8297    41189        0    50809    67619    13396    38554    18348    40414    30933    85213    38554    30614    45193    67619    27479    59156    61023    45193    80070    67619    50357    13396    50809    30539    14319    33403    43937    55621    53408    93175    23081    39065    33403    52275    23081    35875    23081    23081    59156    55268    28667    38554        0    40764    30614    70979    39065    30614    23014    35737    78965    13396    52275    23081    50809    52275 
   45296     9165    40764    14281    29948    33584     7526    56594    58084    67934    46078     7526    53654     6303    29948    61758    39182    32432     6303    44563    29948    11467    33584    14281    49455    51331    37712    61550    26904    18087    60629    24291    11879    37712    70564    24291    72877    24291    24291    39182    72170    58691     7526    40764        0    53654    42424    11879    53654    60015    54653    41534    33584    70564    24291    14281    70564 
   34968    58246    30614    62810    85657    41561    47909    39301    14755    44422   103798    47909        0    57421    85657     9839    84918    51999    57421    92057    85657    59763    41561    62810     4791    31445    20063    18221    51538    66616   104504    49394    55336    20063    27817    49394    24973    49394    49394    84918    30810     6773    47909    30614    53654        0    66688    55336        0    36503     9971    97002    41561    27817    49394    62810    27817 
   75513    41606    70979    37980    70903    70692    44435    85564    71447    98192    63833    44435    66688    36543    70903    75042    70163    20054    36543    27634    70903    34738    70692    37980    62714    81535    48397    73161    16307    31741    40288    63863    49410    48397    87026    63863    90233    63863    63863    70163    87111    72031    44435    70979    42424    66688        0    49410    66688    90273    71115    82248    70692    87026    63863    37980    87026 
   43599    12144    39065    18220    25989    31885     9669    54861    61081    66177    42300     9669    55336    15386    25989    62723    25613    43028    15386    47480    25989    18090    31885    18220    51362    49622    39619    65773    37627    20819    60629    20734        0    39619    87578    20734    71119    20734    20734    25613    90571    55176     9669    39065    11879    55336    49410        0    55336    58258    56560    38347    31885    87578    20734    18220    87578 
   34968    58246    30614    62810    85657    41561    47909    39301    14755    44422   103798    47909        0    57421    85657     9839    84918    51999    57421    92057    85657    59763    41561    62810     4791    31445    20063    18221    51538    66616   104504    49394    55336    20063    27817    49394    24973    49394    49394    84918    30810     6773    47909    30614    53654        0    66688    55336        0    36503     9971    97002    41561    27817    49394    62810    27817 
   17646    60440    23014    70060    74073    36736    57805    11240    62329     8527    90192    57805    36503    64434    74073    28231    73451    80274    64434    99321    74073    69564    36736    70060    40877    13654    54830    60878    74872    72659   112478    42332    58258    54830    49121    42332    25305    42332    42332    73451    52114    30100    57805    23014    60015    36503    90273    58258    36503        0    46968    85419    36736    49121    42332    70060    49121 
   40040    59147    35737    62657    87006    44104    47756    49420     6262    54887   105022    47756     9971    58645    87006    20305    84765    51562    58645    96233    87006    60987    44104    62657     6815    41611    21062     9728    51385    66463   108931    50708    56560    21062    15909    50708    35439    50708    50708    84765    17517    17238    47756    35737    54653     9971    71115    56560     9971    46968        0   100294    44104    15909    50708    62657    15909 
   83497    35927    78965    34617    11924    62043    50563    75830   101432    93338    12376    50563    97002    35230    11924   105105    18636    72256    35230    62245    11924    35609    62043    34617    95095    80499    81060   104898    68360    38791    53306    45873    38347    81060   116204    45873   101990    45873    45873    18636   117810   102039    50563    78965    41534    97002    82248    38347    97002    85419   100294        0    62043   116204    45873    34617   116204 
   17930    34009    13396    43629    50698        0    31374    27114    48749    44655    68870    31374    41561    38013    50698    37112    50076    60739    38013    72889    50698    43176        0    43629    38906    23953    37484    52303    55338    46228    85994    15901    31885    37484    61909    15901    45508    15901    15901    50076    64902    39627    31374    13396    33584    41561    70692    31885    41561    36736    44104    62043        0    61909    15901    43629    61909 
   47584    89605    52275    78565   102917    61909    63664    51573    20087    57040   120933    63664    27817    74556   102917    26349   109424    67472    74556   112144   102917    76898    61909    78565    22724    43707    36973    19132    67293    82371   124842    71594    87578    36973        0    71594    27509    71594    71594   109424    10470    28218    63664    52275    70564    27817    87026    87578    27817    49121    15909   116204    61909        0    71594    78565        0 
   27613    22859    23081    32478    34528    15901    22081    38877    55070    50251    52706    22081    49394    27000    34528    46797    33140    53871    27000    61739    34528    32305    15901    32478    45510    33638    37930    58536    50039    35077    74844        0    20734    37930    71594        0    55193        0        0    33140    74587    49312    22081    23081    24291    49394    63863    20734    49394    42332    50708    45873    15901    71594        0    32478    71594 
   55341    10471    50809        0    23215    43629    19658    66639    67239    77979    39345    19658    62810     7978    23215    70913    30337    39692     7978    35077    23215     6794    43629        0    58656    61375    46867    70705    34894    13114    48277    32478    18220    46867    78565    32478    86047    32478    32478    30337    81371    67846    19658    50809    14281    62810    37980    18220    62810    70060    62657    34617    43629    78565    32478        0    78565 
   47584    89605    52275    78565   102917    61909    63664    51573    20087    57040   120933    63664    27817    74556   102917    26349   109424    67472    74556   112144   102917    76898    61909    78565    22724    43707    36973    19132    67293    82371   124842    71594    87578    36973        0    71594    27509    71594    71594   109424    10470    28218    63664    52275    70564    27817    87026    87578    27817    49121    15909   116204    61909        0    71594    78565        0 
**************************************TimeWindows
  0 0  0     0  1440 480
  1 4 4   960  1200 27
  2 1 1   600   720 187
  3 3 3   240   480 65
  4 4 4   540   720 52
  5 1 1   300   420 75
  6 3 3   600   720 128
  7 4 4   240   480 78
  8 3 3   480   720 81
  9 4 4   240   480 101
 10 2 2   720   960 159
 11 2 2   480   660 74
 12 4 4   480   660 62
 13 3 3   240   480 126
 14 3 3   240   480 56
 15 1 1   780   840 55
 16 4 4   780   960 79
 17 1 1   300   420 156
 18 1 1   240   480 74
 19 4 4   240   420 143
 20 1 1   720   960 172
 21 1 1   780   960 140
 22 1 1   240   420 89
 23 3 3   300   480 70
 24 3 3   240   480 78
 25 4 4   360   480 88
 26 2 2   480   720 76
 27 4 4   720   960 213
 28 1 1   300   480 135
 29 4 -4   983  1223 27
 30 1 -1   740   860 187
 31 3 -3   321   501 65
 32 4 -4   582   762 52
 33 1 -1   296   536 75
 34 3 -3   638   878 128
 35 4 -4   361   481 78
 36 3 -3   633   693 81
 37 4 -4   349   529 101
 38 2 -2   827  1067 159
 39 2 -2   506   746 74
 40 4 -4   499   739 62
 41 3 -3   336   576 126
 42 3 -3   289   529 56
 43 1 -1   731   971 55
 44 4 -4   812  1052 79
 45 1 -1   344   584 156
 46 1 -1   325   505 74
 47 4 -4   308   548 143
 48 1 -1   849  1089 172
 49 1 -1   885  1065 140
 50 1 -1   307   487 89
 51 3 -3   324   564 70
 52 3 -3   300   540 78
 53 4 -4   369   609 88
 54 2 -2   538   778 76
 55 4 -4   895  1075 213
 56 1 -1   371   611 135
