dep37 0 0 60
**************************************DATA
10 160 480 8 1.33
**************************************DISTANCE
       0    69978   126713    35307   108898    74823    83345    83781    72398   120226    47888    94938   132024    81504    68507    62592   126119    36605   120363    53667   129303    69978    82027    86058    52256    77365    87207   124887   103266    49029    25528    52937   101671    73391    72398   122044    75963    72360    83781    58704    62517    72398    75963    70995    68920   127810   103880    98758    81140    89174   120363   105256   132024   129303    32986    59894    36605    96149    79497    78261    42017    86058    86058   120363    93383   111997    72230    36271    69161   104008   121131    69978    59357    96764   127810    68009   106260   132024    90918    59894   118796   104008    58704   117941   120226   132024    40640    59048    63552   127393    80577    68920   120226    80577   106260   103880   120207    68507    64678    92856    64678    19300    44121    52874    44946   126713    52256    73566    76048    35151    59811    92941   104987    62592   128460    59048    67194    20474    68009    79497    79497    77854    35307    93552   113771   124887    89174    68920    59894   120226    19300    82027   106260    70702    47769    64576    77448    90918    32986    49029   117763    96149   109974    50580    91207    59440   104599    55920   120207    84975   129303   121131    48830    25528   104987   109974    44475   103266   104287   102953   103918 
   69978        0    46994    59789    27341    36856    49776    19570    52140    44308    62530    14334    77839    26403     7092    12340    34827    51934    65197    17403    52304        0    17835    33542    36562    33708    25513    69878    36812    79356    52527    22950    40017    37424    52140    41419    24007    52419    19570    11098    16088    52140    24007    57481    36347    59119    17820    14511    28246    66676    65197    44413    77839    52304    38804    51071    51934    30262    36275    10928    43383    33542    33542    65197    30233    54683    39210    48232    16685    49336    65965        0    72710    80467    59119    29725    35753    77839    70878    51071    40144    49336    11098    35077    44308    77839    63501    39911    37617    50551    19421    36347    44308    19421    35753    17820    44721     7092    16935    38486    16935    55794    30452    21871    28925    46994    36562    14469    58221    40342    30816    72876    29069    12340    52542    39911    24779    58797    29725    36275    36275    32238    59789    16542    58954    69878    66676    36347    51071    44308    55794    17835    35753    19372    49563    23131    57437    70878    38804    79356    63644    30262    43651    27475    52093    35804    23974    43226    44721    64936    52304    65965    25926    52527    29069    43651    26610    36812    43477    19060    36701 
  126713    46994        0    83511    58783    73510    39985    56912    50980    39552    69457    35598    39608    63719    63328    50973    76004    75523    55517    52353    67373    46994    55158   104150    72829   100832    16357    34695    23492    86351   109262    55144    20673    25529    50980    63998    22326    59257    56912    42968    28649    50980    22326    52497    56343    46451    55258    48642    23631    33797    55517    30591    39608    67373    70848    58067    75523    20653    78183    48250    65413   104150   104150    55517    22264    27114    27489    69337    27467    23473    18971    46994    79708    11881    46451    21027    30764    39608    47968    58067    33632    23473    42968    50022    39552    39608    95993    46859    42342    77278    26539    56343    39552    26539    30764    55258    26496    63328    35959    14156    35959    87980    54526    40982    61119        0    72829    56733    33637    72524    37820    63196    34094    50973    78344    46859   106448    90991    21027    78183    78183    76540    83511    30606    35620    34695    33797    56343    58067    39552    87980    55158    30764    59165    82056    63262    70011    47968    70848    86351    36405    20653    34478    48659    77895    42647    54484    50174    26496    42026    67373    18971    59761   109262    34094    34478    61764    23492    52646    56205    19035 
   35307    59789    83511        0    90896    72535    55787    89654    44149   102224    19027    76936   114356    79029    73039    52909    98953     8487    72556    51189   112008    59789    87900   111568    68312    74903    69485    77236    85331    20329    19453    46357    67828    52241    44149   104506    72307    44427    89654    49814    51651    44149    72307    42762    47816   110087    86720    81598    76546    61250    72556    60704   114356   112008    44232    31661     8487    78178    77443    80993    18607   111568   111568    72556    60665    94274    51019    13040    65965    85853   102482    59789    30657    90344   110087    53331    88306   114356    57061    31661    99849    85853    49814    99939   102224   114356    15383    38639    42341   110256    76505    47816   102224    76505    88306    86720   102429    73039    50317    75003    50317    34500    30152    44023    43141    83511    68312    69846    48124    37662    44987    64718    87875    52909   110458    38639    55752    15822    53331    77443    77443    75357        0    75551    65291    77236    61250    47816    31661   102224    34500    87900    88306    67806    24664    62127    49445    57061    44232    20329   100161    78178    92252    37992   110009    38273    87060    32816   102429    56945   112008   102482    51029    19453    87875    92252    57176    85331    63536    84006    64512 
  108898    27341    58783    90896        0    48285    78177    26430    66538    31199    76928    18484    62323    26931    27233    39892     9793    82837    76986    59303    13747    27341    21362    20295    80356    42882    35167    81667    40837    93754    91447    63568    55783    51823    66538    25013    38704    66817    26430    37137    46083    66538    38704    71880    50746    48014    15706    12993    30434    80797    76986    59111    62323    13747    77724    65470    82837    39533    34783    22392    72709    20295    20295    76986    44930    68978    52059    76653    35085    45705    47554    27341    87108    75860    48014    44052    30103    62323    85276    65470    27735    45705    37137    20728    31199    62323    77899    54309    50467    18982    27429    50746    31199    27429    30103    15706    44228    27233    44383    50275    44383    94714    62171    48626    69543    58783    80356    30160    70863    79262    45214    87108    22854    39892    14477    54309    62989    97729    44052    34783    34783    30746    90896    24357    70743    81667    80797    50746    65470    31199    94714    21362    30103    32037    63961    35745    71835    85276    77724    93754    51843    39533    36380    56784    19604    50203    17109    57624    44228    79335    13747    47554    64846    91447    22854    36380    69540    40837    58175    25044    44731 
   74823    36856    73510    72535    48285        0    82321    33595    81432    67031    62792    43544   103775    23374    42378    29471    39351    64680    91713    22438    43582    36856    31841    28521    13608     5760    58959    96394    75017    84812    57372    28042    73422    67231    81432    63960    60626    81394    33595    36562    48850    81432    60626    86883    64764    99561    35497    37308    65803    95741    91713    77008   103775    43582    36988    80204    64680    67900    14539    30090    56015    28521    28521    91713    65134    83748    66070    61014    54752    75852    92481    36856    81119    68515    99561    57091    60679   103775    99952    80204    61249    75852    36562    58037    67031   103775    59089    68995    64478    39584    65240    64764    67031    65240    60679    35497    91958    42378    40315    64607    40315    47457    43899    45251    34017    73510    13608    59844    85081    44848    59957    99391    50861    29471    42679    68995    57398    63889    57091    14539    14539    17922    72535    46068    85522    96394    95741    64764    80204    67031    47457    31841    60679    20516    59807    14378    85853    99952    36988    84812    89515    67900    81725    50359    33718    64783    46767    54589    91958    93353    43582    92481    28775    57372    50861    81725    23544    75017    76726    47204    75669 
   83345    49776    39985    55787    78177    82321        0    62603    19649    53755    41453    42881    43411    83200    42846    60488    85685    47799    19566    61868    98740    49776    60849    98300    82027    84689    24665    23935    30289    54002    63279    64659    11786    27919    19649    84106    30421    12742    62603    52483    40354    19649    30421    21221    29146    58732    73452    68329    33790     9013    19566     4822    43411    98740    79396    28341    47799    33049    87229    67724    44649    98300    98300    19566    19518    27221    25988    49038    33043    26280    30524    49776    44653    24162    58732    28413    44968    43411    16679    28341    49367    26280    52483    64226    53755    43411    42424    30724    27330    96987    34846    29146    53755    34846    44968    73452    31125    42846    45474    22370    45474    71221    44082    38895    56425    39985    82027    36251    14707    60965    32813    16579    42560    60488    97738    30724    64661    64304    28413    87229    87229    86055    55787    37888    10184    23935     9013    29146    28341    53755    71221    60849    44968    64856    39985    71913     9430    16679    79396    54002    48685    33049    57372    37609    97289    31278    73792    31527    31125    10738    98740    30524    66518    63279    42560    57372    71279    30289     7998    41560    16338 
   83781    19570    56912    89654    26430    33595    62603        0    64695    43159    75085    24295    87757     7960    25209    28579    21806    81667    75115    31206    26033    19570     8722    15099    42058    25931    40474    79796    51362    91911    66330    36119    54979    49979    64695    40323    36833    64973        0    29216    33338    64695    36833    70036    48902    57970    10991    13988    41072    82215    75115    57240    87757    26033    52607    63626    81667    43089    17832     8661    70866    15099    15099    75115    43059    81554    50077    74810    33214    59254    75883    19570    85265    90385    57970    42181    36800    87757    83433    63626    37611    59254    29216    34165    43159    87757    76056    52466    48485    22049    30469    48902    43159    30469    36800    10991    57548    25209    42401    48404    42401    69597    52760    47424    42094    56912    42058    28289    69088    54145    43371    82793    29691    28579    25140    52466    38583    71966    42181    17832    17832    13795    89654    26820    68872    79796    82215    48902    63626    43159    69597     8722    36800    14419    62118    19039    69992    83433    52607    91911    57158    43089    43840    54802    16826    48359    22877    55781    57548    77491    26033    75883    39730    66330    29691    43840    36308    51362    56304    28063    73475 
   72398    52140    50980    44149    66538    81432    19649    64695        0    77866    30095    52579    81826    72253    48824    58020    83760    36161    30145    59400    87793    52140    62941    87353    79876    83800    45127    34826    61186    36419    52333    62191    30099    26383        0    80291    46794     5540    64695    50016    45366        0    46794     6983    20352    85730    62505    56398    51971    18855    30145    24586    81826    87793    56346    12371    36161    54069    85230    56778    33476    87353    87353    30145    24591    45565    22310    37400    40920    61638    69952    52140    27070    54684    85730    33818    70177    81826    20599    12371    75634    61638    50016    75582    77866    81826    31477    19533    20298    86040    51409    20352    77866    51409    70177    62505    78127    48824    43006    36078    43006    60036    32886    31864    44787    50980    79876    45631    12885    49775    27650    22307    62627    58020    86100    19533   113495    52666    33818    85230    85230    83587    44149    51193    26034    34826    18855    20352    12371    77866    60036    62941    70177    66948    29038    70309     8013    20599    56346    36419    75683    54069    67894    27867    85651    24566    62239    19888    78127    14534    87793    69952    66808    52333    62627    67894    68811    61186    23291    59791    32378 
  120226    44308    39552   102224    31199    67031    53755    43159    77866        0    88256    32238    35287    54597    38561    69920    43016    94165    59805    70631    36821    44308    38092    59595    91684    65525    27538    44208    20380   105082   102775    73270    40764    38577    77866    13569    29894    78145    43159    56601    42797    77866    29894    82409    44291     9915    32436    29723    22063    63616    59805    46078    35287    36821    89052    76797    94165    19077    74083    39121    84037    59595    59595    59805    35107    33202    41121    87981    35749    25249    23413    44308    98436    37761     9915    34515    15302    35287    77867    76797    10483    25249    56601    10471        0    35287    89227    65637    64220    58282    32740    44291        0    32740    15302    32436    23772    38561    54919    33228    54919   106042    63881    59954    79255    39552    91684    35427    47080    90590    56542    67483    19464    69920    40810    65637    74317   109057    34515    74083    74083    70046   102224    35564    49134    44208    63616    44291    76797        0   106042    38092    15302    48766    75289    52475    74299    77867    89052   105082    13743    19077     7533    70537    58874    61531    26142    68952    23772    71926    36821    23413    76174   102775    19464     7533    80868    20380    45142    36372    39126 
   47888    62530    69457    19027    76928    62792    41453    75085    30095    88256        0    62968   100303    82415    58986    43256    94149    13750    58502    41561    97955    62530    73331    97515    58601    65160    55517    63183    71576    24305    27822    36829    53860    37176    30095    90452    57184    30468    75085    40286    36508    30095    57184    29032    32575    96119    72667    66788    62361    47282    58502    46389   100303    97955    36751    17690    13750    64459    67391    66939     9255    97515    97515    58502    45862    80306    36015    13178    51310    71799    88429    62530    19624    65074    96119    44208    80567   100303    43049    17690    85795    71799    40286    85971    88256   100303     3331    23398    27338    96202    61799    32575    88256    61799    80567    72667    88517    58986    53395    61165    53395    40415    20504    30358    33614    69457    58601    55792    34155    30180    29746    50664    73017    43256    96490    23398    97163    28445    44208    67391    67391    65748    19027    61583    54461    63183    47282    32575    17690    88256    40415    73331    80567    77338     9423    52470    35392    43049    36751    24305    86073    64459    78283    22988    96041    23032    72629    17682    88517    42891    97955    88429    41285    27822    73017    78283    47469    71576    49482    69952    50543 
   94938    14334    35598    76936    18484    43544    42881    24295    52579    32238    62968        0    66444    31110    11748    27423    25801    68877    53802    45343    38856    14334    16336    38417    66396    42038    19772    58482    31666    79794    77487    47982    33966    37863    52579    31354    14477    52857    24295    37079    21852    52579    14477    57920    36786    36181    13089     7967    21376    57613    53802    37518    66444    38856    63764    51510    68877    23392    40981    15634    58749    38417    38417    53802    23337    45794    36702    62693    18745    34266    41177    14334    73148    69071    36181    30092    22306    66444    71316    51510    26697    34266    37079    25179    32238    66444    63939    40349    35832    37104     9709    36786    32238     9709    22306    13089    37851    11748    29632    27090    29632    80754    48211    34666    53967    35598    66396    10389    34792    65302    31254    61480    14723    27423    38223    40349    49029    83770    30092    40981    40981    36945    76936     6516    43954    58482    57613    36786    51510    32238    80754    16336    22306    26549    50002    28988    57875    71316    63764    79794    37462    23392    29332    42099    37696    36243    13909    43664    37851    65375    38856    41177    50887    77487    14723    29332    55580    31666    36582     7323    30535 
  132024    77839    39608   114356    62323   103775    43411    87757    81826    35287   100303    66444        0    94565    68640    81819    69619   106369    33825    83198    72684    77839    86003    81897   103674   106143    47202    28551    23116   117197   114573    85989    37513    56375    81826    49432    53172    90103    87757    73814    59494    81826    53172    83343    61654    22172    56076    79488    37939    64643    33825    42791        0    72684   101694    88913   106369    33989   109029    92920    96259    81897    81897    33825    53109    17384    58335   100183    58313    21944    12891    77839   110553    30261    22172    51873    33080        0    78814    88913    38943    21944    73814    50582    35287        0   101305    77704    73187   108124    57384    61654    35287    57384    33080    56076    18573    68640    66804    33840    66804   118826    85372    71827    91964    39608   103674    62044    64483   103369    68666    45879    41800    81819    77439    77704   137293   121837    51873   109029   109029   107385   114356    61452    38327    28551    64643    61654    88913    35287   118826    86003    33080    90010    87367    94108    55086    78814   101694   117197    18110    33989    30737    79504   108741    73492    66360    81020    18573    52713    72684    12891    90606   114573    41800    30737    92609    23116    38643    61517    35875 
   81504    26403    63719    79029    26931    23374    83200     7960    72253    54597    82415    31110    94565        0    32016    30839    17996    71173    81923    28932    22228    26403    17227     7167    36013    17971    47289    86603    58587    99309    64053    34536    61793    58053    72253    44577    43764    72215     7960    36031    40202    72253    43764    77704    55710    69408    20956    24874    49394    89029    81923    65379    94565    22228    50240    71025    71173    50971     9581    15469    62509     7167     7167    81923    51219    88368    56892    67508    40364    66061    82691    26403    92665    73136    69408    56946    48245    94565    90773    71025    49233    66061    36031    45603    54597    94565    82863    59816    55299    18229    39359    55710    54597    39359    48245    20956    62369    32016    49215    69227    49215    67372    50392    54238    40511    63719    36013    35097    75903    51916    50778    89601    41128    30839    21325    59816    87514    70383    56946     9581     9581     5479    79029    33634    90142    86603    89029    55710    71025    54597    67372    17227    48245    17224    68926    17175    76799    90773    50240    99309    61623    50971    55277    61616    12364    55605    34333    63132    62369    84299    22228    82691    39153    64053    41128    55277    34018    58587    63112    36399    80290 
   68507     7092    63328    73039    27233    42378    42846    25209    48824    38561    58986    11748    68640    32016        0    17931    44454    65052    56803    23067    47638     7092    23455    46954    41804    40953    19442    61503    30741    75880    51057    27571    33947    34624    48824    40380    15917    48786    25209    14149    10180    48824    15917    54275    32736    53372    22216    17093    21094    60606    56803    37532    68640    47638    48710    47596    65052    23124    41597    16547    43131    46954    46954    56803    23373    48612    33463    58866    10696    32290    56858     7092    69236    33379    53372    23654    30872    68640    67344    47596    35943    32290    14149    36276    38561    68640    60055    36387    31870    45729    22339    32736    38561    22339    30872    22216    37492        0    11746    29471    11746    54328    30314    16769    38980    63328    41804     8370    52474    44067    27349    64453    23322    17931    46795    36387    84309    57339    23654    41597    41597    37496    73039    10471    50386    61503    60606    32736    47596    38561    54328    23455    30872    27462    46047    28312    53236    67344    48710    75880    37102    23124    37904    22939    46346    32175    22934    39703    37492    61401    47638    56858    37622    51057    23322    37904    32281    30741    36563    19953    30630 
   62592    12340    50973    52909    39892    29471    60488    28579    58020    69920    43256    27423    81819    30839    17931        0    47376    45053    69176     8641    52765    12340    26825    35345    29177    26323    36901    73857    52793    65233    45141    13780    51365    43304    58020    53969    39769    58299    28579     9669    22059    58020    39769    63361    42227    77504    30369    27060    44008    73684    69176    55125    81819    52765    31965    56951    45053    45640    29253    23477    36418    35345    35345    69176    43090    61691    44013    41267    30634    53315    69945    12340    61584    84446    77504    32502    55768    81819    76758    56951    51258    53315     9669    47628    69920    81819    39627    38348    33836    46422    43183    42227    69920    43183    55768    30369    69891    17931    15000    42465    15000    48408    24341    19941    21600    50973    29177    25308    63024    32956    29540    76855    54681        0    78154    38348    14456    51473    32502    29253    29253    27167    52909    26470    62933    73857    73684    42227    56951    69920    48408    26825    55768    17312    40345    13937    63317    76758    31965    65233    67623    45640    59668    25541    40534    30714    36524    35027    69891    70816    52765    69945    18540    45141    54681    59668    19225    52793    54189    37212    53612 
  126119    34827    76004    98953     9793    39351    85685    21806    83760    43016    94149    25801    69619    17996    44454    47376        0    90966    94207    68094    11227    34827    25297    11360    52372    33947    42484    98888    47415   101793   108668    70885    63100    60537    83760    31258    45070    74700    21806    44454    54059    83760    45070    89101    67967    54812    23002    20316    37729    91514    94207    66686    69619    11227    94945    73510    90966    46103    25939    29687    80856    11360    11360    94207    52526    76819    59376    84779    52306    53001    54850    34827    95150    61586    54812    59431    36664    69619    93258    73510    32885    53001    44454    25910    43016    69619    95120    71530    57784    10047    34867    67967    43016    34867    36664    23002    50789    44454    51700    48987    51700   103721    76075    56723    76860    76004    52372    47381    78387    96483    62435   104329    30234    47376    12512    71530   122188   106732    59431    25939    25939    21838    98953    31674    78593    98888    91514    67967    73510    43016   103721    25297    36664    32564    81182    32369    89056    93258    94945   101793    50043    46103    43697    64101    10669    67424    22920    65617    50789    96556    11227    54850    82068   108668    30234    43697    49359    47415    75396    42265    52048 
   36605    51934    75523     8487    82837    64680    47799    81667    36161    94165    13750    68877   106369    71173    65052    45053    90966        0    64568    43333   104021    51934    79913    75680    60457    67048    61425    69249    77344    26214    16539    38505    59769    41210    36161    96518    54378    36440    81667    41962    40620    36161    54378    37485    36786   102028    78733    73610    58617    53190    64568    52717   106369   104021    36377    26384        0    70190    69588    73005    10752    75680    75680    64568    48497    86215    40025     5185    48037    77865    94495    51934    26179    82356   102028    42300    80319   106369    51783    26384    91861    77865    41962    91880    94165   106369     6902    27609    31347   102268    58576    36786    94165    58576    80319    78733    94442    65052    42465    67015    42465    35798    22297    36168    35290    75523    60457    51917    40064    29806    33956    56730    79888    45053   102398    27609    47897    17120    42300    69588    69588    67502     8487    58486    57303    69249    53190    36786    26384    94165    35798    79913    80319    59951    13634    54272    41458    51783    36377    26214    92173    70190    74327    26998   101949    27243    79073    21786    94442    48957   104021    94495    43174    16539    79888    74327    49320    77344    55548    76018    56452 
  120363    65197    55517    72556    76986    91713    19566    75115    30145    59805    58502    53802    33825    81923    56803    69176    94207    64568        0    70556    97391    65197    73361    96707    91032    94254    34560     7016    28587    64205   102912    73347    17816    43732    30145    74161    40530    29843    75115    61172    46852    30145    40530    31662    49003    56614    71968    66846    41834    12962        0    18946    33825    97391    89052    43132    64568    38857    96387    66454    61883    96707    96707        0    26766    17765    45692    65807    45670    24527    26735    65197    54855    30085    56614    39231    48968    33825    27133    43132    63627    24527    61172    75099    59805    33825    59571    47940    60545    95481    44742    49003    59805    44742    48968    71968    49012    56803    54162    32359    54162   106183    72730    59185    79322    55517    91032    49998    30775    90727    56024    16321    52297    69176    96548    47940   124651   109195    39231    96387    96387    94743    72556    48809     7156     7016    12962    49003    43132    59805   106183    73361    48968    77368    74722    81466    23577    27133    89052    64205    46568    38857    55254    66862    96099    60850    72687    48295    49012    21191    97391    26735    77964   102912    52297    55254    79967    28587    14578    49671    24378 
   53667    17403    52353    51189    59303    22438    61868    31206    59400    70631    41561    45343    83198    28932    23067     8641    68094    43333    70556        0    81149    17403    29452    33439    22145    24806    37612    75237    53671    63537    36216     6696    52076    44684    59400    73646    41149    59678    31206    16856    27617    59400    41149    64741    43607    78215    32540    29231    45388    74395    70556    56505    83198    81149    22493    58331    43333    47020    27346    25648    34722    33439    33439    70556    44469    62402    44724    39668    34807    54695    71324    17403    59773    47169    78215    35745    56665    83198    78138    58331    68989    54695    16856    68346    70631    83198    37932    47170    43131    44515    43894    43607    70631    43894    56665    32540    70612    23067    18969    43261    18969    39483    22646    23905    12671    52353    22145    38688    63735    24031    38076    78234    55392     8641    78865    47170     8468    42543    35745    27346    27346    25279    51189    43957    64313    75237    74395    43607    58331    70631    39483    29452    56665    18127    38650    12030    64696    78138    22493    63537    69002    47020    60379    29012    38633    43064    56201    33243    70612    72196    81149    71324     9615    36216    55392    60379     9806    53671    55569    53146    54323 
  129303    52304    67373   112008    13747    43582    98740    26033    87793    36821    97955    38856    72684    22228    47638    52765    11227   104021    97391    81149        0    52304    29524    15532    56599    38230    61651   102765    61131   114849   111852    83940    76155    73593    87793    23911    58126    87755    26033    71765    67115    87793    58126    93244    71150    47399    28418    25705    53061   104569    97391    79741    72684        0    99644    86565   104021    55383    30166    35272    93911    15532    15532    97391    65581    70444    72432    97835    54594    63364    60979    52304   108205    74641    47399    72486    52346    72684   106313    86565    34558    63364    71765    24989    36821    72684    98304    75356    70839    11665    47922    71150    36821    47922    52346    28418    59803    47638    64755    70733    64755   116776    89130    69778    89915    67373    56599    50565    91443   101320    66318   108336    44796    52765     5310    75356   135244   119787    72486    30166    30166    26065   112008    44729    91648   102765   104569    71150    86565    36821   116776    29524    52346    36792    85016    36743    92240   106313    99644   114849    51229    55383    43842    77156    14896    71144    28309    78672    59803   100370        0    60979    88557   111852    44796    43842    53586    61131    78771    45449    81795 
   69978        0    46994    59789    27341    36856    49776    19570    52140    44308    62530    14334    77839    26403     7092    12340    34827    51934    65197    17403    52304        0    17835    33542    36562    33708    25513    69878    36812    79356    52527    22950    40017    37424    52140    41419    24007    52419    19570    11098    16088    52140    24007    57481    36347    59119    17820    14511    28246    66676    65197    44413    77839    52304    38804    51071    51934    30262    36275    10928    43383    33542    33542    65197    30233    54683    39210    48232    16685    49336    65965        0    72710    80467    59119    29725    35753    77839    70878    51071    40144    49336    11098    35077    44308    77839    63501    39911    37617    50551    19421    36347    44308    19421    35753    17820    44721     7092    16935    38486    16935    55794    30452    21871    28925    46994    36562    14469    58221    40342    30816    72876    29069    12340    52542    39911    24779    58797    29725    36275    36275    32238    59789    16542    58954    69878    66676    36347    51071    44308    55794    17835    35753    19372    49563    23131    57437    70878    38804    79356    63644    30262    43651    27475    52093    35804    23974    43226    44721    64936    52304    65965    25926    52527    29069    43651    26610    36812    43477    19060    36701 
   82027    17835    55158    87900    21362    31841    60849     8722    62941    38092    73331    16336    86003    17227    23455    26825    25297    79913    73361    29452    29524    17835        0    24365    40304    30336    39609    78042    42491    90157    64576    34365    54114    48226    62941    35059    35080    63220     8722    27463    31455    62941    35080    68282    47149    52903     5727     8725    31867    80461    73361    55486    86003    29524    50853    61872    79913    41335    27098     6908    69112    24365    24365    73361    41306    79800    48323    73056    31460    57500    74129    17835    83511    88631    52903    48378    31537    86003    81679    61872    32348    57500    27463    29098    38092    86003    74302    50712    46731    25540    25401    47149    38092    25401    31537     5727    45865    23455    40647    60659    40647    67843    51006    45670    40340    55158    40304    26535    67335    52391    41617    81040    24623    26825    28599    50712    36829    70212    48378    27098    27098    22699    87900    22208    67118    78042    80461    47149    61872    38092    67843        0    31537    12666    60364    17285    68238    81679    50853    90157    44916    41335    38773    53048    24208    46606    17614    54027    45865    75737    29524    74129    37976    64576    24623    38773    34554    42491    54550    22799    46437 
   86058    33542   104150   111568    20295    28521    98300    15099    87353    59595    97515    38417    81897     7167    46954    35345    11360    75680    96707    33439    15532    33542    24365        0    41538    23169    61211   102325    62657   114409    68607    39042    75715    73153    87353    37842    57686    87315    15099    43170    66675    87353    57686    92804    70467    61330    21018    23845    52621   104129    96707    79301    81897    15532    54747    86125    75680    64892    15105    22614    67016        0        0    96707    65141    89434    71992    72015    54154    67508    69356    33542   107765    74201    61330    72046    51906    81897   105873    86125    55544    67508    43170    38920    59595    81897    97620    74916    70399    11593    47482    70467    59595    47482    51906    21018    66030    46954    64315    70293    64315    71879    54899    69338    45018   104150    41538    49881    91003    56422    65878   107896    44356    35345    14689    74916    92020    74890    72046    15105    15105    11004   111568    44289    91208   102325   104129    70467    86125    59595    71879    24365    51906    21731    84576    21682    91556   105873    54747   114409    65284    64892    58938    76716     5728    70704    33422    78232    66030    99930    15532    69356    43660    68607    44356    58938    38525    62657    78331    45096    81355 
   52256    36562    72829    68312    80356    13608    82027    42058    79876    91684    58601    66396   103674    36013    41804    29177    52372    60457    91032    22145    56599    36562    40304    41538        0    18776    58665    95713    74724    80589    47946    24730    73129    65160    79876    94122    61625    80154    42058    34890    48556    79876    61625    85217    64083    99268    43985    47967    65864    95448    91032    76714   103674    56599    22137    78807    60457    67496    27504    38498    51763    41538    41538    91032    64946    83455    65777    56791    55283    75171    91800    36562    76896    68222    99268    56798    77718   103674    99658    78807    89465    75171    34890    89399    91684   103674    54972    55302    64184    52615    64947    64083    91684    64947    77718    43985    91665    41804    37003    64313    37003    34902    39686    41939    22676    72829        0    59164    84788    31683    58552    98711    76444    29177    55696    55302    28944    54172    56798    27504    27504    30939    68312    65010    85229    95713    95448    64083    78807    91684    34902    40304    77718    28979    55690    22791    85173    99658    22137    80589    89221    67496    81432    46136    46735    54936    76677    50366    91665    92672    56599    91800    18117    47946    76444    81432    16443    74724    76045    73622    75376 
   77365    33708   100832    74903    42882     5760    84689    25931    83800    65525    65160    42038   106143    17971    40953    26323    33947    67048    94254    24806    38230    33708    30336    23169    18776        0    61327    99007    77385    87180    59914    30410    75790    69599    83800    60430    62994    83762    25931    33415    51218    83800    62994    89251    67305   101929    34072    35803    68171    98109    94254    79376   106143    38230    39356    82572    67048    70268     9877    28585    58383    23169    23169    94254    67502    86116    68438    63382    57120    78393    95022    33708    83487    70883   101929    59459    59173   106143   102320    82572    59824    78393    33415    56532    65525   106143    61630    71363    66846    34181    50288    67305    65525    50288    59173    34072    94326    40953    42683    66975    42683    53269    46267    47619    36385   100832    18776    44840    87449    47216    62325   101933    49355    26323    37276    71363    62264    66257    59459     9877     9877    12519    74903    44563    87890    99007    98109    67305    82572    65525    53269    30336    59173    19010    62348    12873    88395   102320    39356    87180    91883    70268    84093    52727    28315    67151    45261    56957    94326    96377    38230    95022    31143    59914    49355    84093    25912    77385    78406    45779    78037 
   87207    25513    16357    69485    35167    58959    24665    40474    45127    27538    55517    19772    47202    47289    19442    36901    42484    61425    34560    37612    61651    25513    39609    61211    58665    61327        0    39241    15750    72343    69756    40252    15578    10737    45127    40534     5945    27364    40474    29063    16992    45127     5945    50468    16451    31568    36362    31240     9313    38371    34560    19302    47202    61651    56034    44058    61425     8573    63866    31813    51298    61211    61211    34560     7266    26552    13583    55242    13168    14243    21082    25513    65697    49830    31568     7060    18701    47202    35403    44058    24891    14243    29063    38009    27538    47202    56488    32898    28436    59898    10143    16451    27538    10143    18701    36362    17049    19442    21901     7967    21901    73024    40480    26935    46236    16357    58665    12847    19240    57571    23803    42238    18505    36901    61017    32898    41298    76039     7060    63866    63866    61781    69485    14583    25738    39241    38371    16451    44058    27538    73024    39609    18701    42727    42550    48551    26447    35403    56034    72343    21545     8573    22403    34647    60490    28792    30591    36213    17049    29462    61651    21082    43156    69756    18505    22403    47849    15750    18366    15072    10851 
