dep80 0 0 60
**************************************DATA
11 170 480 8 1.33
**************************************DISTANCE
       0    68643    42743   126424    99000   110636    55706    30841    60122    40433    68643    20412    60948    60948    18882    89322   111607    35456   127613    73345   113771    66047    61481   114430   102780    83111    91126    21609    66047    60948   124645    96040    81105    13134   122372    51406    11445   123913    63010    54329    67657    13134    59578    83995   146127    20096   111607    37603    35456    83111   128306    28289    20096   126094   100934   124645   131446    28869   105257    37104    72600    54925    28289    37603   118574   123913    83428    26660   120448    73276    58263    65534    83920   118574    91126   131446    21609    12145    21609    58023    18992    66636    66636    96470    68030   111607    52930    28046    91126    55394   130959    37104    35872    83995   122372   123913    28046    48013   110519    33568    80411    71420    60371    73345    83428   124890    28046   134643   125082    63648   126094    30338    44128    50566   110519    40433   127473   146127    83111    83428   126657    92491    86615    39731    11733    30628    59066    22738    50566    96040    35872    62352    60566    85810    35872    75686    54726    91126    66047   109321    92491    98217    54329   136825    61481    55394    14942    65534    85810    72674    73345   129992    59066   105257    23542   100934    12145   128306    68030    42743    72779    11445    54726    67657    98217    11733    35872    33568    42743    55706    74321 
   68643        0    32168    63651    36227    47863    34335    29329    15191    48036        0    54166    11751    11751    86747    28569    52103    29251    64840     9296    50998    32945    37885    54926    32271    19080    28891    79714    32945    11751    61872    33267    15782    51614    61619    34705    49992    61139     5318    28138    11551    51614     9863    47829    60727    79196    52103    95708    29251    19080    65533    87094    79196    65341    37093    61872    71600    83279    42484    29085    44002    16420    87094    95708    58060    61139    31275    85930    67830    13285    28537     6150    19740    58060    28891    71600    79714    69207    79714    14037    77097    16810    16810    36624    10094    52103    35338    45415    28891    18962    68186    29085    66521    47829    61619    61139    45415    49422    47746    91673    16508     9452    46440     9296    31275    62117    45415    74684    63776     7346    65341    30780    28337    32298    47746    48036    64700    60727    19080    31275    63884    40868    28679    98811    79161    91022    25810    47276    32298    33267    66521    43350    20394    29592    66521     5950    26504    28891    32945    46548    40868    45282    28138    75811    37885    18962    75565     6150    29592     5340     9296    69967    25810    42484    88789    37093    69207    65533    10094    32168    15047    49992    26504    11551    45282    79161    66521    91673    32168    34335    21873 
   42743    32168        0    89949    62525    74161    10594    17162    23647    15964    32168    25832    24473    24473    61992    52847    75133    21777    91138    36870    77296    26935    22370    77955    66305    46636    54651    54959    26935    24473    88170    59565    44630    23279    85898     6673    27806    87438    26535    15218    31182    23279    23103    44884   109653    54441    75133    70953    21777    46636    91831    61299    54441    89619    61823    88170    97674    58524    68783    32803    33489    18450    61299    70953    82099    87438    44317    60260    83973    36801    19152    29059    47445    82099    54651    97674    54959    44452    54959    21548    52342    30161    30161    62698    31555    75133     7006    37177    54651    20567    94484    32803    37064    44884    85898    87438    37177    53140    74044    66918    43936    34946    13019    36870    44317    88415    37177    98168    88607    27173    89619     5079     5510     7598    74044    15964    90998   109653    46636    44317    90182    53526    50140    73081    53197    63978    19955    35142     7598    59565    37064    13920    21455    49335    37064    39211    18251    54651    26935    72846    53526    59105    15218   100350    22370    20567    50810    29059    49335    37846    36870    93517    19955    68783    62968    61823    44452    91831    31555        0    36304    27806    18251    31182    59105    53197    37064    66918        0    10594    35210 
  126424    63651    89949        0    34437    40557    98311    87540    57352   103893    63651   113422    84511    84511   152511    32602    37338    95015     7757    72556    27592    55683   101861    40161    28247    42625    42117   143351    55683    84511    12352    44738    47277   110940     4220    91518   107774     8303    74199    92114    85296   110940    73276    52041     6954   144960    37338   161472    95015    42625    11015   144875   144960     3014    22534    12352    12812   141877    30983   105885    63331    78509   144875   161472    19612     8303    37454   143711     5585    45920    84659    61370    44363    19612    42117    12812   143351   127601   143351    78900   142860    96867    96867    27254    52022    37338    92151   103196    42117    76744    14261   105885   132284    52041     4220     8303   103196   126222    15896   157436    52100    54772   103253    72556    37454     6118   103196    50321     8568    80146     3014    88771    86118    96274    15896   103893     4375     6954    42625    37454     9455    30172    31197   156593   136942   148803    82623   105057    96274    44738   132284   107326    59507    97008   132284    59077    92267    42117    55683    21450    30172    22783    92114    17023   101861    76744   134266    61370    97008    61979    72556    45603    82623    30983   146571    22534   127601    11015    52022    89949    74798   107774    92267    85296    22783   136942   132284   157436    89949    98311    46874 
   99000    36227    62525    34437        0    14160    63451    60233    49499    77152    36227    85998    57087    57087   117651    20945    15610    60155    31926    29904    21961    62334    67001    16963    10587    22568    12930   110618    62334    57087    32657     3942    25100    83515    27001    64093    80349    31925    39340    57254    40100    83515    45851    77217    37321   110101    15610   126612    60155    22568    32757   117451   110101    30723    33526    32657    36982   114183     3454    71025    73391    51084   117451   126612    24671    31925    39856   116286    36209    33622    57235    33946    13892    24671    12930    36982   110618   100111   110618    51476   108001    62007    62007     5131    37837    15610    64727    75772    12930    49319    37060    71025    97425    77217    27001    31925    75772    91362    18532   122577    23547    27347    75829    29904    39856    29431    75772    48967    29157    52722    30723    61346    58694    61414    18532    77152    35364    37321    22568    39856    34669    52885    25537   129168   109518   121379    55198    77633    61414     3942    97425    72466    55033    46462    97425    31652    57408    12930    62334    13037    52885    45148    57254    41193    67001    49319   106842    33946    46462    27145    29904    44249    55198     3454   119146    33526   100111    32757    37837    62525    32752    80349    57408    40100    45148   109518    97425   122577    62525    63451    37316 
  110636    47863    74161    40557    14160        0    75850    71752    61135    88105    47863    97634    68723    68723   129650    29310     4740    71513    33686    48951     3803    73970    85163    11163    16317    35967    26329   127563    73970    68723    20619    17198    41835    95152    28761    75730    91986    24538    50721    68635    69508    95152    57488    88854    39081   122110     4740   157623    71513    35967    26547   129087   122110    32483    32289    20619    32557   126089    10352    82407    85027    62721   129087   157623    15125    24538    49429   127923    34972    44876    68871    45582    28575    15125    26329    32557   127563   111813   127563    63112   121364    73781    73781    12799    49473     4740    76363    87408    26329    60956    24935    82407   109613    88854    28761    24538    87408   101943    16857   133958    33058    38984    87465    48951    49429    31191    87408    28887    27690    64358    32483    72983    70330    72795    16857    88105    34127    39081    35967    49429    27790    51648    34500   140805   121154   133015    66835    89269    72795    17198   109613    83494    66414    58252   109613    43289    68766    26329    73970    16166    51648    44198    68635    36841    85163    60956   118479    45582    58252    46191    48951    24169    66835    10352   130783    32289   111813    26547    49473    74161    59010    91986    68766    69508    44198   121154   109613   133958    74161    75850    50893 
   55706    34335    10594    98311    63451    75850        0    26649    19698    13968    34335    35908    33913    33913    74720    59281    76998    30765    91440    41612    77714    18488     9101    79821    68345    49793    55780    72633    18488    33913    89858    61253    45768    33426    86515     8630    38467    87934    29191     7145    37291    33426    25270    30352    96834    67180    76998   102693    30765    49793    92271    74157    67180    90237    60323    89858    96495    71159    70643    42301    16922    27911    74157   102693    82955    87934    42754    72993    92725    38991     8098    31226    48574    82955    55780    96495    72633    56883    72633    30895    66434    38972    38972    61519    32472    76998     3965    46660    55780    13555    96173    42301    39609    30352    86515    87934    46660    61171    74611    78990    58621    37111    10206    41612    42754    88945    46660    99580    88671    32141    90237    19464    17083     5838    74611    13968    91881    96834    49793    42754    91871    52348    52321    85875    66225    78086    13730    48521     5838    61253    39609     5619    15225    58746    39609    41376    28018    55780    18488    73920    52348    57634     7145   100706     9101    13555    63549    31226    58746    39511    41612    94862    13730    70643    75853    60323    56883    92271    32472    10594    45782    38467    28018    37291    57634    66225    39609    78990    10594        0    23842 
   30841    29329    17162    87540    60233    71752    26649        0    23912    35977    29329    34796    21090    21090    59550    49272    73781     5576    88222    34461    74887    37033    32424    76604    63896    39783    52562    57795    37033    21090    85761    57156    36485    23142    83297    23250    20354    85028    24125    25272    27775    23142    20265    52801    93617    51999    73781    68511     5576    39783    89053    48647    51999    87019    55715    85761    93277    39070    66373    18288    43802    15088    48647    68511    79737    85028    51992    58155    89508    34392    29466    26220    45356    79737    52562    93277    57795    31881    57795    20175    49899    17184    17184    58301    27466    73781    23883    21456    52562    17225    92075    18288    45532    52801    83297    85028    21456    38625    71635    64475    40452    32105    32215    34461    51992    85727    21456    96362    85453    22626    87019     9117    13331    21509    71635    35977    88663    93617    39783    51992    87773    61585    47315    60985    41676    63248    29897    23317    21509    57156    45532    33295    19012    43266    45532    36370     7208    52562    37033    70436    61585    69160    25272    97489    32424    17225    48711    26220    43266    34505    34461    91644    29897    66373    61015    55715    31881    89053    27466    17162    32959    20354     7208    27775    69160    41676    45532    64475    17162    26649    34025 
   60122    15191    23647    57352    49499    61135    19698    23912        0    42619    15191    48749    16389    16389    81330    29769    62106    23834    78112    23146    64270    19162    32468    64181    37447    25613    35460    74296    19162    16389    75144    46538    22331    46196    72871    15714    44416    74411     9558    13878    18226    46196     5037    33113    59109    73779    62106    90290    23834    25613    78805    80636    73779    60041    35462    75144    80855    77861    55756    34704    34615    14604    80636    90290    69072    74411    28103    79598    53869    15950    15171    12082    28254    69072    35460    80855    74296    63789    74296    11833    71679    21447    21447    45879     8247    62106    29245    36893    35460     5440    81458    34704    61103    33113    72871    74411    36893    55041    61018    86255    30840    17968    37053    23146    28103    75389    36893    85141    75580    14217    60041    25362    23062    26881    61018    42619    52501    59109    25613    28103    77156    37677    27062    92418    72534    83316     9345    41602    26881    46538    61103    37933     6178    40137    61103    22234    21086    35460    19162    59819    37677    43665    13878    67959    32468     5440    70148    12082    40137    20812    23146    80490     9345    55756    82305    35462    63789    78805     8247    23647    27107    44416    21086    18226    43665    72534    61103    86255    23647    19698    18639 
   40433    48036    15964   103893    77152    88105    13968    35977    42619        0    48036    29364    43231    43231    61865    72982    90699    40592   105141    55035    91240    38747    15841    93523    80249    63494    69481    73423    38747    43231   102114    73508    59469    28689   100216    17947    36275   101381    41446    21593    50992    28689    38972    30707   110536    69570    90699    86082    40592    63494   105972    74947    69570   103938    74024   102114   110196    73653    82726    51618    17276    37228    74947    86082    96656   101381    56456    73783   106427    51713    20633    44927    62275    96656    69481   110196    73423    59581    73423    44596    67471    53826    53826    75220    46173    90699    12660    45932    69481    24232   108428    51618    31482    30707   100216   101381    45932    60892    87988    82047    72322    50812     3506    55035    56456   102646    45932   113281   102372    45842   103938    20119    26401    15971    87988        0   105582   110536    63494    56456   104126    66049    66022    86664    51340    78875    31611    43629    15971    73508    31482    11056    32239    73629    31482    55077    37066    69481    38747    86789    66049    69889    21593   114408    15841    24232    64338    44927    73629    53212    55035   108563    31611    82726    64522    74024    59581   105972    46173    15964    55100    36275    37066    50992    69889    51340    31482    82047    15964    13968    45994 
   68643        0    32168    63651    36227    47863    34335    29329    15191    48036        0    54166    11751    11751    86747    28569    52103    29251    64840     9296    50998    32945    37885    54926    32271    19080    28891    79714    32945    11751    61872    33267    15782    51614    61619    34705    49992    61139     5318    28138    11551    51614     9863    47829    60727    79196    52103    95708    29251    19080    65533    87094    79196    65341    37093    61872    71600    83279    42484    29085    44002    16420    87094    95708    58060    61139    31275    85930    67830    13285    28537     6150    19740    58060    28891    71600    79714    69207    79714    14037    77097    16810    16810    36624    10094    52103    35338    45415    28891    18962    68186    29085    66521    47829    61619    61139    45415    49422    47746    91673    16508     9452    46440     9296    31275    62117    45415    74684    63776     7346    65341    30780    28337    32298    47746    48036    64700    60727    19080    31275    63884    40868    28679    98811    79161    91022    25810    47276    32298    33267    66521    43350    20394    29592    66521     5950    26504    28891    32945    46548    40868    45282    28138    75811    37885    18962    75565     6150    29592     5340     9296    69967    25810    42484    88789    37093    69207    65533    10094    32168    15047    49992    26504    11551    45282    79161    66521    91673    32168    34335    21873 
   20412    54166    25832   113422    85998    97634    35908    34796    48749    29364    54166        0    45927    45927    33969    74109    98618    39410   114611    60343   100768    51857    48479   101441    89778    64621    77399    49048    51857    45927   111643    83037    61322    10916   108134    34833    16369   110910    50007    41326    52613    10916    45102    70375   133125    51133    98618    65042    39410    64621   115304    55419    51133   111856    87134   111643   118115    52613    92255    40972    41575    39925    55419    65042   104574   110910    69566    41855   114345    60274    45260    52531    70194   104574    77399   118115    49048    29990    49048    45020    46431    53634    53634    83138    52303    98618    32197    39481    77399    42063   117957    40972    24246    70375   108134   110910    39481    71757    97517    61007    67409    56942    26327    60343    69566   110564    39481   121199   110290    47463   111856    26783    28042    37564    97517    29364   113500   133125    64621    69566   113655    79159    72152    67137    25641    57998    44721    37177    37564    83037    24246    31780    47563    72807    24246    61207    41724    77399    51857    96318    79159    85214    41326   122326    48479    42063    47502    52531    72807    59343    60343   116481    44721    92255    38822    87134    29990   115304    52303    25832    59777    16369    41724    52613    85214    25641    24246    61007    25832    35908    61318 
   60948    11751    24473    84511    57087    68723    33913    21090    16389    43231    11751    45927        0        0    78508    41749    70496    15576    85700    15552    71858    34633    39688    73319    60867    32260    49278    71475    34633        0    82732    54127    23817    43374    80013    30561    42297    81999    13253    32536     9330    43374    12742    49516   104214    70957    70496    87469    15576    32260    86393    79399    70957    83735    48192    82732    89993    48212    63344    18601    45690     6456    79399    87469    76453    81999    48707    78235    86223    26474    30708    18731    42007    76453    49278    89993    71475    60967    71475     5395    68858     5058     5058    55017    19943    70496    31195    29847    49278    13435    89046    18601    58281    49516    80013    81999    29847    38938    68606    83433    22618    19436    39526    15552    48707    82977    29847    93078    82169     5686    83735    22541    20642    28773    68606    43231    85560   104214    32260    48707    84744    58300    39813    91116    71466    83327    27497    32593    28773    54127    58281    45521    19363    26633    58281    15935    14956    49278    34633    67407    58300    64377    32536    94204    39688    13435    67326    18731    26633    15325    15552    88360    27497    63344    81094    48192    60967    86393    19943    24473    13602    42297    14956     9330    64377    71466    58281    83433    24473    33913    30321 
   60948    11751    24473    84511    57087    68723    33913    21090    16389    43231    11751    45927        0        0    78508    41749    70496    15576    85700    15552    71858    34633    39688    73319    60867    32260    49278    71475    34633        0    82732    54127    23817    43374    80013    30561    42297    81999    13253    32536     9330    43374    12742    49516   104214    70957    70496    87469    15576    32260    86393    79399    70957    83735    48192    82732    89993    48212    63344    18601    45690     6456    79399    87469    76453    81999    48707    78235    86223    26474    30708    18731    42007    76453    49278    89993    71475    60967    71475     5395    68858     5058     5058    55017    19943    70496    31195    29847    49278    13435    89046    18601    58281    49516    80013    81999    29847    38938    68606    83433    22618    19436    39526    15552    48707    82977    29847    93078    82169     5686    83735    22541    20642    28773    68606    43231    85560   104214    32260    48707    84744    58300    39813    91116    71466    83327    27497    32593    28773    54127    58281    45521    19363    26633    58281    15935    14956    49278    34633    67407    58300    64377    32536    94204    39688    13435    67326    18731    26633    15325    15552    88360    27497    63344    81094    48192    60967    86393    19943    24473    13602    42297    14956     9330    64377    71466    58281    83433    24473    33913    30321 
   18882    86747    61992   152511   117651   129650    74720    59550    81330    61865    86747    33969    78508    78508        0   106690   131199    64498   145640    92359   132785    84438    80495   134022   121794    97201   109980    25593    84438    78508   143659   115054    93903    31132   140715    70655    29049   142927    82024    73343    85193    31132    77682   102956   151035    16181   131199    35208    64498    97201   146471    37300    16181   144437   119715   143659   150695    42823   124844    65005    91207    72506    37300    35208   137155   142927   102147     7850   146926    91403    76871    83638   102774   137155   109980   150695    25593    29219    25593    77593    19394    85650    85650   115719    84884   131199    67524    54474   109980    74643   149973    65005    39379   102956   140715   142927    54474    62800   129533    32555    97870    89523    56597    92359   102147   143145    54474   153780   142871    80044   144437    58266    62990    69580   129533    61865   146081   151035    97201   102147   145671   111740   104733    48742     7091    28209    77302    40746    69580   115054    39379    81366    79580   104824    39379    93788    73740   109980    84438   128335   111740   117231    73343   154907    80495    74643    16509    83638   104824    91923    92359   149062    77302   124844     4817   119715    29219   146471    84884    61992    90377    29049    73740    85193   117231     7091    39379    32555    61992    74720    93335 
   89322    28569    52847    32602    20945    29310    59281    49272    29769    72982    28569    74109    41749    41749   106690        0    33334    49194    33166    32026    32226    38037    50287    36054    13055     8952    10548    99657    38037    41749    32726    15946    15321    71556    28082    59710    69776    29465    29353    40572    39249    71556    29806    34412    34360    99139    33334   115651    49194     8952    33858   105997    99139    34905    10712    32726    38063   103222    26984    60064    42412    39964   105997   115651    34826    29465    22446   104958    25309    19014    36976    24339    17741    34826    10548    38063    99657    89149    99657    37193    97039    46807    46807    18426    24422    33334    59608    66094    10548    35209    39724    60064    86463    34412    28082    29465    66094    80401    18417   111615    34277    21178    71445    32026    22446    30442    66094    59021    30238    39232    34905    50722    48422    57244    18417    72982    24465    34360     8952    22446    32209    26606     5282   119491    97895   108676    38454    66962    57244    15946    86463    68297    34396    52694    86463    26060    46447    10548    38037    14754    26606    18915    40572    42377    50287    35209    95508    24339    52694    29266    32026    53495    38454    26984   109469    10712    89149    33858    24422    52847    38498    69776    46447    39249    18915    97895    86463   111615    52847    59281    21903 
  111607    52103    75133    37338    15610     4740    76998    73781    62106    90699    52103    98618    70496    70496   131199    33334        0    73703    38527    51243     6640    76185    80549     7240    20423    36939    28492   124165    76185    70496    22603    18169    42806    96065    32786    76701    92957    23924    52887    70801    70479    96065    59744    90648    57041   123648        0   140159    73703    36939    25933   130058   123648    36508    36229    22603    31958   127730    12144    84572    85998    64473   130058   140159    14533    23924    53454   128894    38996    47169    71200    47873    23578    14533    28492    31958   124165   113658   124165    64300   121548    75555    75555    14348    51884        0    77325    88379    28492    61927    26919    84572   110972    90648    32786    23924    88379   104910    21433   136124    33230    39955    88436    51243    53454    35804    88379    24985    27091    65329    36508    75231    71301    74961    21433    90699    38386    57041    36939    53454    28813    55673    44801   141776   122126   133184    69205    90240    74961    18169   110972    86014    68580    54610   110972    45581    70955    28492    76185    20234    55673    48049    70801    36242    80549    61927   120016    47873    54610    47163    51243    19940    69205    12144   131754    36229   113658    25933    51884    75133    42434    92957    70955    70479    48049   122126   110972   136124    75133    76998    49988 
   35456    29251    21777    95015    60155    71513    30765     5576    23834    40592    29251    39410    15576    15576    64498    49194    73703        0    88144    33410    74418    37839    37300    76526    65049    39705    52484    50284    37839    15576    85522    56917    36407    27757    83219    27865    24969    84638    23887    29388    25178    27757    20187    52723    93539    56957    73703    60617        0    39705    88975    43774    56957    86941    55637    85522    93200    34197    67348    14017    48417    15010    43774    60617    79659    84638    51914    62770    89430    33907    32740    26142    45278    79659    52484    93200    50284    33596    50284    13624    50418    12913    12913    58223    27388    73703    28498    16583    52484    13909    91836    14017    50148    52723    83219    84638    16583    32425    71315    56582    40374    32027    36830    33410    51914    85649    16583    96284    85375    22548    86941    13732    17946    25625    71315    40592    88585    93539    39705    51914    87534    61507    47237    56111    46291    54607    30704    18444    25625    56917    50148    37743    19793    37926    50148    36292     3736    52484    37839    70624    61507    67167    29388    97411    37300    13909    53326    26142    37926    34427    33410    91566    30704    67348    65630    55637    33596    88975    27388    21777    25300    24969     3736    25178    67167    46291    50148    56582    21777    30765    37786 
  127613    64840    91138     7757    31926    33686    91440    88222    78112   105141    64840   114611    85700    85700   145640    33166    38527    88144        0    65685    29083    62404    94990    41350    30360    41529    43306   138607    62404    85700     8684    37867    58812   110507     6739    92707   108963     8906    67329    85243    86485   110507    74465    58762    10588   138089    38527   154601    88144    41529     4412   146064   138089     5208    27035     8684     5581   142172    31361    99014   102004    79698   146064   154601    20328     8906    44175   144900    10300    52675    85848    62559    45552    20328    43306     5581   138607   128100   138607    80089   135990    89996    89996    28443    56449    38527    93340   104385    43306    77933     7084    99014   125414    58762     6739     8906   104385   119351    17193   150566    53289    55961   104442    65685    44175     4313   104385    51709     4556    81335     5208    89673    87307    89403    17193   105141    13712    10588    41529    44175     1815    36717    35624   157782   138131   149992    83812   106246    89403    37867   125414   100455    83021    90137   125414    60266    85397    43306    62404    21496    36717    29382    85243     9865    94990    77933   135456    62559    90137    63169    65685    46991    83812    31361   147760    27035   128100     4412    56449    91138    75940   108963    85397    86485    29382   138131   125414   150566    91138    91440    53768 
   73345     9296    36870    72556    29904    48951    41612    34461    23146    55035     9296    60343    15552    15552    92359    32026    51243    33410    65685        0    51959    40900    52092    40943    37186    22538    27825    90272    40900    15552    62959    34354    14923    57861    60760    42958    54695    62179    12104    35415    10326    57861    17818    55784    71079    84819    51243    99867    33410    22538    66516    91796    84819    64482    39403    62959    70740    88798    44888    29761    51957    20237    91796    99867    57200    62179    36616    90632    66970    16435    35801    14105    20619    57200    27825    70740    90272    74521    90272    18461    84073    16693    16693    35764    18049    51243    43592    41207    27825    23358    69274    29761    70680    55784    60760    62179    41207    50098    48855    95831    13830    10542    54395        0    36616    63190    41207    73825    62916    11163    64482    35692    33039    39575    48855    55035    66126    71079    22538    36616    64971    46209    31004   103513    83863    95724    33765    44846    39575    34354    70680    50424    25689    27060    70680     6618    30663    27825    40900    48165    46209    47596    35415    74951    52092    23358    81187    14105    27060     3949        0    69107    33765    44888    93491    39403    74521    66516    18049    36870    12471    54695    30663    10326    47596    83863    70680    95831    36870    41612    27213 
  113771    50998    77296    27592    21961     3803    77714    74887    64270    91240    50998   100768    71858    71858   132785    32226     6640    74418    29083    51959        0    77105    88297    13713    19234    34220    29464   130697    77105    71858    17606    24141    44969    98286    23964    78864    95120    18942    53602    71517    72642    98286    60622    91988    37280   125244     6640   140875    74418    34220    20951   132222   125244    27686    35206    17606    26961   129223    17392    85288    88162    65855   132222   140875     9529    18942    52346   131057    22007    48011    72006    48717    28827     9529    29464    26961   130697   114947   130697    66247   124498    76270    76270    15716    52608     6640    79498    90542    29464    64090    21922    85288   111687    91988    23964    18942    90542   105078    19773   136839    38482    42118    90599    51959    52346    26394    90542    28031    22094    67493    27686    76117    73465    75677    19773    91240    37044    37280    34220    52346    23817    54565    37417   143939   124289   136150    69969    92403    75677    24141   111687    86729    69295    60802   111687    46423    71670    29464    77105    19083    54565    47079    71517    31245    88297    64090   121613    48717    60802    49326    51959    23313    69969    17392   133917    35206   114947    20951    52608    77296    47687    95120    71670    72642    47079   124289   111687   136839    77296    77714    49146 
   66047    32945    26935    55683    62334    73970    18488    37033    19162    38747    32945    51857    34633    34633    84438    38037    76185    37839    62404    40900    77105        0    13858    79008    45694    37404    54967    77404        0    34633    87979    59374    44955    49304    60142    25344    48807    58703    27311    12682    36478    49304    23880    11968    57440    76887    76185    93398    37839    37404    63097    84498    76887    57997    36027    87979    67053    80969    68591    48709    12447    29690    84498    93398    81907    58703    18458    83333    55187    24261    10391    29836    47254    81907    54967    67053    77404    66897    77404    28437    74787    39691    39691    60706    18005    76185    25373    54378    54967    19893    68962    48709    64211    11968    60142    58703    54378    69046    73853    89363    57416    36297    37079    40900    18458    59681    54378    98767    60116    31328    57997    29364    27424    23008    73853    38747    53051    57440    37404    18458    61448    31090    35309    96215    76565    86423    15389    56239    23008    59374    64211    19146    16903    59494    64211    45719    35092    54967        0    72654    31090    33294    12682    66234    13858    19893    73256    29836    59494    38698    40900    94049    15389    68591    86193    36027    66897    63097    18005    26935    46464    48807    35092    36478    33294    76565    64211    89363    26935    18488    10927 
   61481    37885    22370   101861    67001    85163     9101    32424    32468    15841    37885    48479    39688    39688    80495    50287    80549    37300    94990    52092    88297    13858        0    83372    77306    53343    59330    78408    13858    39688    99171    70566    49318    45997    90065    17625    44242    98439    38504     9037    40841    45997    28821    20876    69700    72539    80549    89050    37300    53343    95821    79932    72539    93787    48277    99171   100046    76934    74194    48326     7446    33686    79932    89050    86505    98439    30709    78768    96276    42541     8077    34776    52124    86505    59330   100046    78408    62657    78408    34445    72209    45684    45684    65069    24827    80549    12646    52434    59330    17395   105486    48326    45699    20876    90065    98439    52434    68663    85045    85015    62172    40661    15200    52092    30709    92495    52434   103130    92221    35691    93787    25239    22858    14816    85045    15841    95431    69700    53343    30709   101183    40302    47612    91649    71999    83860    15709    54295    14816    70566    45699     5989    17189    64858    45699    44926    33774    59330    13858    83847    40302    45527     9037   104257        0    17395    69323    34776    64858    43062    52092    98412    15709    74194    81627    48277    62657    95821    24827    22370    51557    44242    33774    40841    45527    71999    45699    85015    22370     9101    22132 
  114430    54926    77955    40161    16963    11163    79821    76604    64181    93523    54926   101441    73319    73319   134022    36054     7240    76526    41350    40943    13713    79008    83372        0    23246    39860    26831   126988    79008    73319    29677    20992    35161    98888    36109    79523    97108    30997    55710    73624    53319    98888    62567    93471    59864   126471     7240   142982    76526    39860    33007   133328   126471    39831    39052    29677    39023   130553    13496    87396    88821    67296   133328   142982    21607    30997    56776   132289    34185    49992    74023    50696    24931    21607    26831    39023   126988   116481   126988    67123   124371    78378    78378    17170    54707     7240    80149    91201    26831    64749    33993    87396   113795    93471    36109    30997    91201    77496    24256   138947    36761    44099    91258    40943    56776    38627    91201    28289    33993    53556    39831    78054    82299    77784    24256    93523    41209    59864    39860    56776    40394    58495    47624   145110   125226   136007    72028    94294    77784    20992   113795    88837    71403    49405   113795    48404    73778    26831    79008    23057    58495    50872    73624    43246    83372    64749   122840    50696    49405    49985    40943    23638    72028    13496   134997    39052   116481    33007    54707    77955    45964    97108    73778    53319    50872   125226   113795   138947    77955    79821    52811 
  102780    32271    66305    28247    10587    16317    68345    63896    37447    80249    32271    89778    60867    60867   121794    13055    20423    65049    30360    37186    19234    45694    77306    23246        0    14738    10057   119707    45694    60867    25383     9671    19021    87296    25434    67874    84130    26519    33047    62148    42963    87296    33483    42052    33460   114994    20423   131506    65049    14738    31190   121231   114994    29156    16456    25383    35415   118233    11862    75919    77171    54864   121231   131506    21621    26519    31966   120067    22661    22713    61015    28016    17250    21621    10057    35415   119707   103957   119707    55256   113508    66901    66901     5500    32117    20423    68507    79552    10057    53100    33906    75919   102318    42052    25434    26519    79552    96256    11257   127470    31545    31127    79609    37186    31966    27864    79552    46212    27591    56502    29156    65127    62474    66308    11257    80249    21817    33460    14738    31966    29264    39338    17647   132948   113298   125159    58979    81413    66308     9671   102318    77360    42059    56354   102318    35433    62302    10057    45694     9056    39338    31182    62148    39626    77306    53100   110622    28016    56354    38335    37186    41495    58979    11862   122926    16456   103957    31190    32117    66305    42197    84130    62302    42963    31182   113298   102318   127470    66305    68345    29565 
