dep42 0 0 60
**************************************DATA
13 178 480 8 1.33
**************************************DISTANCE
       0    59431    44495    57773    60537    44923    91887    53483    25369    34706   110603    41275    71157    49274     3691    35846   100504    53957   120691    71157   115459   117779    47750   105324    52352    60267    47055   107986    76628    18980   120662   119951   119208    79440   106735    60537    98900   119951    77874   119208    56193   112829    59210    29600    44729    35294    48021    47055    26044    66045    51371    75136    35156   101016    41488    75136    75136    58279    15333    39818    47750    48597    44923    91887   119951    35846    11249    40510   124704    77874    52902    78124    77889    48021    59210   104368   100755    49274   101918    23979    23979    34316    28084    23463   104368    24277    71973   108066    73249    48597    66615   133684    45494    33971    82513    39368    70866    70866    91887   105324   110904    43104     7371    85682    77178   106735    82129    78124   114840    51371   108133    83393    38746    15333    78124    56193    59431    52902    41275    85682    98900    85682    30394    95894    39368    32369    49174    26044    71157    30394    47435    22139    30051    96245    79440    90286    98639    49174    30510    60267    41488    48597    40864    77178    66045    95724    22139    39363    53957    53423    49274    75136    35846   108944    76581    52352    62406    95724    71973    47750    40510    47750    71282    44150    35846    75136    85682    44417    63744    83393    86404   133684    26255   120691    34316    30457   110603   101016    73249 
   59431        0    11855    19398    27726     5387    81099    11335    28262    13906    98960    63752    39705    15576    45219    23913    89699    68669   109850    39705   104654   106974    11517    94439    23137    32502    47840    94775    27949    31025   117286   109188   115833    46599    95156    27726    88156   109188    58586   115833    28466   102912    53974    43992    21728    39095     8466    47840    25520    37904    59416    44192    28046    90472    47465    44192    44192    30549    59453    20044    11517    58267     5387    81099   109188    23913    49271    18146   114021    58586    68132    66606    44888     8466    53974    93670    89007    15576    91076    28327    28327    30491    24953    39325    93670    39002    61072    97261    24927    58267    63240   130309    40344    16195    59766    45325    39384    39384    81099    94439   107529     8153    41659    70265    54431    95156    71263    66606   111465    59416    97415    72829    25129    59453    66606    28466        0    68132    63752    70265    88156    70265    38204    92519    45325    31684    25217    25520    39705    38204    53273    39687    29895    85249    46599    79481    95264    25217    21746    32502    47465    58267    21478    54431    37904    84989    39687    34220    68669    19523    15576    44192    23913   105569    39450    23137    35360    84989    61072    11517    18146    11517    63015    16515    23913    44192    70265    22768    14709    72829    73312   130309    29862   109850    30491    27818    98960    90472    24927 
   44495    11855        0    31450    53703    11044    70754    18549    19956    10066    89470    38520    33329    15791    40189    12654    73777    52747    99558    33329    88732    91052     8282    84192    30350    36291    39303    86853    28168    26022    99529    98818    98075    72569    85602    53703    77767    98818    76809    98075    49161    91696    61356    31124    28917    30626     4718    39303    20704    45555    43494    40380    19434    79883    38827    40380    40380    37789    55337    31636     8282    49638    11044    70754    98818    12654    35071     7461   103571    76809    58391    56991    70857     4718    61356    83235    79622    15791    80785    20422    20422    30612    17970    31881    83235    41021    50841    81339    22442    49638    31858   112552    31808    15811    75679    36707    32930    32930    70754    84192    89772     3967    36634    64549    70344    85602    60996    56991    93708    43494    87000    62260    14417    55337    56991    49161    11855    58391    38520    64549    77767    64549    30482    74762    36707    20645    42340    20704    33329    30482    43093    41707    31720    75112    72569    63559    77507    42340    14642    36291    38827    49638    15093    70344    45555    74591    41707    41509    52747    27174    15791    40380    12654    87812    32913    30350    39178    74591    50841     8282     7461     8282    70216    23669    12654    40380    64549    16383    26529    62260    65271   112552    29474    99558    30612    16817    89470    79883    22442 
   57773    19398    31450        0     9324    22821    98743    14304    46763    41988   116604    72893    78008    37107    59594    46350   107343    86313   127494    78008   122297   124618    33763   112083     7869     6525    85877   112419    48038    48959   126427   126832   124973    26159   112799     9324   105799   126832    38194   124973    11685   120556    52250    71098    15846    66202    27465    85877    43454    21356    77060    80901    55052   108116    74572    80901    80901    13769    73152    20706    33763    85374    22821    98743   126832    46350    47613    47564   131664    38194    85775    84250    26108    27465    52250   111313   106650    37107   108720    43162    43162    31972    43923    57827   111313    37279    78716   114904    50750    85374    72380   127150    68575    34208    29760    72432    76632    76632    98743   112083   116670    27748    59593    87908    24426   112799    88907    84250   120606    77060   115059    90473    57813    73152    84250    11685    19398    85775    72893    87908   105799    87908    65311   101659    72432    62897     9936    43454    78008    65311    70917    37964    28237   102892    26159    97125   104405     9936    43978     6525    74572    85374    59845    24426    21356   102633    37964    32561    86313    10296    37107    80901    46350   114709    83469     7869    11656   102633    78716    33763    47564    33763    39864    22063    46350    80901    87908    64007     6984    90473    90955   127150    35564   127494    31972    60196   116604   108116    50750 
   60537    27726    53703     9324        0    32337   101507    22632    49527    44752   119368    77020    80772    42356    62358    49704   110107    89077   130258    80772   125061   127382    38991   114847    10633     8567    88641   115183    53287    51723   129915   129596   128231    19970   115563        0   108563   129596    30484   128231    13928   123320    45495    73862    18610    68966    41456    88641    46218    25852    79824    84159    58310   110880    77336    84159    84159    18686    75916    23470    38991    88138    32337   101507   129596    49704    50377    50328   134428    30484    88539    87014    18259    41456    45495   114077   109414    42356   111484    46420    46420    34736    46687    60591   114077    40138    81480   117668    82790    88138    74331   123324    71339    36972    23042    75196    80429    80429   101507   114847   119927    52295    62357    90672    17708   115563    91671    87014   123863    79824   117823    93237    60577    75916    87014    13928    27726    88539    77020    90672   108563    90672    68075   105523    75196    65661    12398    46218    80772    68075    73681    40844    31001   105656    19970    99889   107873    12398    46742     8567    77336    88138    62609    17708    25852   105397    40844    35325    89077    15008    42356    84159    49704   118530    86233    10633     7625   105397    81480    38991    50328    38991    33203    24827    49704    84159    90672    66771    15700    93237    93719   123324    38328   130258    34736    62960   119368   110880    82790 
   44923     5387    11044    22821    32337        0    77411    10298    24573    10217    95272    54741    56676    24582    41531    21268    86011    64981   106161    56676   100965   103286    15047    90751    22472    26106    64545    91087    34332    27337   108276   105500   106822    49850    91467    32337    84467   105500    54753   106822    24633    99224    48521    39111    15838    44869     8351    64545    21832    37845    55728    62750    36901    86784    53239    62750    62750    26716    55765    14154    15047    64042        0    77411   105500    21268    43380    17335   110332    54753    64443    62918    48139     8351    48521    89981    85318    24582    87387    24634    24634    24600    21264    35636    89981    33549    57384    93572    31311    64042    54229   121298    47243    12507    54313    51100    58480    58480    77411    90751    98518     7532    37970    66576    48978    91467    67575    62918   102454    55728    93726    69141    25034    55765    62918    24633     5387    64443    54741    66576    84467    66576    43979    83508    51100    29758    19326    21832    56676    43979    49585    33848    24005    81560    49850    75793    86253    19326    18057    26106    53239    64042    27861    48978    37845    81300    33848    28329    64981    18319    24582    62750    21268    96558    62137    22472    32656    81300    57384    15047    17335    15047    57124    10625    21268    62750    66576    29152    17900    69141    69623   121298    23971   106161    24600    25892    95272    86784    31311 
   91887    81099    70754    98743   101507    77411        0    88125    62565    67193    20822    67169    45719    63270    88511    54741     8660    32116    36085    45719    31562    36239    63578    13647    93322    99893    37838    19734    51318    74301    36594    30056    34602   119792    45660   101507    23037    30056   124032    34602    96384    28223   109160    64204    85699    51063    68703    37838    68795   107015    31935    39953    49329    15606    39172    39953    39953    99249   100591    79440    63578    50252    77411        0    30056    54741    92433    59751    34914   124032    36412    30777   118081    68703   109160    14474     8964    63270    20154    68744    68744    78416    65711    65961    14474    88825    30445    19974    48886    50252    42252    51920    36033    66458   123483    43183    46504    46504        0    13647    21010    71082    84956    31136   118148    45660    19336    30777    24946    31935    18309    37000    50959   100591    30777    96384    81099    36412    67169    31136    23037    31136    59131    15319    43183    56018    90144    68795    45719    59131    39863    89511    79524    30941   119792    27989    11820    90144    63058    99893    39172    50252    52965   118148   107015     5829    89511    89313    32116    94393    63270    39953    54741    27180    52219    93322   102598     5829    30445    63578    59751    63578   117440    78793    54741    39953    31136    48035   103936    37000    21858    51920    77278    36085    78416    53295    20822    15606    48886 
   53483    11335    18549    14304    22632    10298    88125        0    36146    20177   105987    62460    66489    30050    52497    31291    96726    75695   116023    66489   111680   114000    21658   100657    13204    17589    74543   103318    42466    38342   115994   115283   114540    39665   102067    22632    94232   115283    48653   114540    18533   108161    48463    59494    15784    55584    14564    74543    32837    28409    66442    70469    44619    96348    62767    70469    70469    20643    68862    14096    21658    73578    10298    88125   115283    31291    43323    24840   121047    48653    74856    73632    39614    14564    48463    99700    96087    30050    97250    32729    32729    27331    33306    47209    99700    33491    67306   104287    39405    73578    61947   129017    57090    21034    42475    60647    66199    66199    88125   100657   106237    14846    48941    81014    39562   102067    78290    73632   110173    66442   104441    79856    34887    68862    73632    18533    11335    74856    62460    81014    94232    81014    54422    91227    60647    51308    14733    32837    66489    54422    59558    34176    24356    91577    39665    86508    93972    14733    28013    17589    62767    73578    36055    39562    28409    91056    34176    28616    75695    10028    30050    70469    31291   104277    71914    13204    24640    91056    67306    21658    24840    21658    46711    10507    31291    70469    81014    37286    10784    79856    80338   129017    26402   116023    27331    35454   105987    96348    39405 
   25369    28262    19956    46763    49527    24573    62565    36146        0    14923    81280    20828    41834    24879    21976    11452    67888    36714    91368    41834    86225    88474    23210    76002    41343    49257    29754    78663    33032     7288    91339    90628    89885    68431    77412    49527    69578    90628    72693    89885    45187    83507    57181    14843    33720    15920    23482    29754     8991    55036    34082    45814    10953    71693    24187    45814    45814    47270    35762    27461    23210    34849    24573    62565    90628    11452    22776    15970    95381    72693    35600    48802    67151    23482    57181    75046    71433    24879    72596     4197     4197    26437     4516    11295    75046    36846    42651    79224    26082    34849    37292   104362    27056    14189    71503    22067    41544    41544    62565    76002    81582    18745    18421    56359    66169    77412    52807    48802    85518    34082    78810    54070    14352    35762    48802    45187    28262    35600    20828    56359    69578    56359    11101    66572    22067     7674    38165     8991    41834    11101    28997    26551    27545    66923    68431    61876    69317    38165     6702    49257    24187    34849    16470    66169    55036    66401    26551    37334    36714    42413    24879    45814    11452    79622    47259    41343    51668    66401    42651    23210    15970    23210    66510    26814    11452    45814    56359    20023    52928    54070    57082   104362    25299    91368    26437     6255    81280    71693    26082 
   34706    13906    10066    41988    44752    10217    67193    20177    14923        0    85054    41578    45608    22184    31238    11825    75793    54763    95142    45608    90748    93068    16108    79775    36567    42881    53662    82437    33005    17119    95112    94402    93659    62779    81186    44752    73351    94402    67019    93659    39372    87280    52405    29875    27931    34652    14185    53662    11614    50260    45510    49587    23738    75467    41885    49587    49587    42494    45547    22038    16108    52696    10217    67193    94402    11825    25756     8988   100115    67019    53975    52700    61068    14185    52405    78819    75206    22184    76369    11471    11471    21139    11795    25987    78819    32070    46424    83355    23849    52696    41066   108135    36208     6058    66728    39765    45317    45317    67193    79775    85355     6516    27683    60133    61393    81186    57357    52700    89291    45510    83509    58923    15421    45547    52700    39372    13906    53975    41578    60133    73351    60133    33540    70345    39765    30427    33389    11614    45608    33540    38677    32756    22769    70696    62779    65575    73090    33389     8588    42881    41885    52696    17083    61393    50260    70175    32756    32558    54763    28194    22184    49587    11825    83395    51032    36567    45585    70175    46424    16108     8988    16108    60427    17056    11825    49587    60133    17862    27806    58923    59406   108135    20523    95142    21139    15988    85054    75467    23849 
  110603    98960    89470   116604   119368    95272    20822   105987    81280    85054        0    55873    47986    81131   106373    72603    25382    28509    52824    47986    48283    52960    81439    30386   111183   118609    36937    36473    70034    93016    53333    44899    51341   138507    18589   119368    39776    44899   142747    51341   115100    44962   127021    54085   103560    69779    86564    36937    87511   124876    32335    43208    67190    32345    38271    43208    43208   117111    91366    97302    81439    49351    95272    20822    44899    72603   111148    77612    49703   142747    31102    49492   136796    86564   127021    29316    25703    81131    36893    86605    86605    96277    83572    55842    29316   106686    30876    34762    66748    49351    41966    68659    36463    84320   141344    42283    46138    46138    20822    30386    35853    88943   102817    57987   136010    18589    19766    49492    39788    32335    33097    55716    68820    91366    49492   115100    98960    31102    55873    57987    39776    57987    48066    29072    42283    73879   108005    87511    47986    48066    57725   107372    97385    51483   138507    62368    29072   108005    81774   118609    38271    49351    70826   136010   124876    20672   107372   107174    28509   112254    81131    43208    72603    43919    53587   111183   121313    20672    30876    81439    77612    81439   136155    96654    72603    43208    57987    65896   122651    55716    34840    68659    95140    52824    96277    71156        0    32345    66748 
   41275    63752    38520    72893    77020    54741    67169    62460    20828    41578    55873        0    40362    36688    37847    28245    75770    31532    95920    40362    90724    93044    37081    80510    67654    75134    19490    80846    45754    28162    95338    95259    93885    95032    54117    77020    74226    95259    99272    93885    71625    88983    84673    16371    60183    13362    42207    19490    29784    82528    28947    44340    22833    76543    19037    44340    44340    73708    38906    54290    37081    12642    54741    67169    95259    28245    42992    33042   100091    99272    28323    52676    93321    42207    84673    79740    75077    36688    77146    24791    24791    53392    25090    17646    79740    63881    35178    83331    36605    12642    35818   108361    22049    40713    98996    16897    40070    40070    67169    80510    85581    41455    33018    56335    93662    54117    37145    52676    89517    28947    83485    58900    24351    38906    52676    71625    63752    28323        0    56335    74226    56335     9845    70571    16897    17792    66154    29784    40362     9845    25219    64588    54432    71319    95032    65552    73316    66154    27530    75134    19037    12642    26383    93662    82528    71059    64588    63885    31532    69906    36688    44340    28245    83621    45823    67654    77838    71059    35178    37081    33042    37081    92680    53283    28245    44340    56335    30545    79176    58900    59382   108361    52763    95920    53392    21997    55873    76543    36605 
   71157    39705    33329    78008    80772    56676    45719    66489    41834    45608    47986    40362        0    28741    67764    26079    54319    34400    60284        0    59174    48580    29637    44918    72588    79163    32260    47579    17526    53570    60255    64067    58801    99061    59154    80772    38494    64067   103301    58801    75654    52423    88426    43470    64212    29434    38470    32260    48065    86281    23349     6910    28595    40609    33593     6910     6910    78515    79860    58319    29637    44580    56676    45719    64067    26079    71702    25975    72584   103301    32065    15153    97350    38470    88426    56787    53175    28741    41512    48010    48010    57421    45535    44362    56787    68091    19245    51781    18671    44580     7342    58415    25155    45724   102749    37605     4245     4245    45719    44918    62479    39289    64222    25276    97414    59154    27927    15153    58957    23349    51563    15388    22296    79860    15153    75654    39705    32065    40362    25276    38494    25276    32346    39925    37605    35284    69410    48065        0    32346    17275    68776    58790    29457    99061    24684    38233    69410    42328    79163    33593    44580    22954    97414    86281    48143    68776    68579    34400    73658    28741     6910    26079    48538    10439    72588    81867    48143    19245    29637    25975    29637    96709    58059    26079     6910    25276    17913    83205    15388    27830    58415    56544    60284    57421    32561    47986    40609    18671 
   49274    15576    15791    37107    42356    24582    63270    30050    24879    22184    81131    36688    28741        0    45881    14474    71870    44780    92020    28741    86824    89145     7236    76610    64729    32966    37471    78556    12367    31687    91232    90521    89778    56910    77326    42356    70326    90521    66254    89778    67725    85083    80567    33722    56284    28719    16069    37471    30734    78422    35527    27652    17602    72643    36995    27652    27652    70656    70800    50391     7236    47891    24582    63270    90521    14474    46665    13842    96191    66254    44242    48777    55198    16069    80567    75840    71177        0    73246    30419    30419    49492    22880    35301    75840    60232    35004    79431     9346    47891    23976   104255    29968    27370    60263    34949    22844    22844    63270    76610    81475    17566    42346    52435    54929    77326    53434    48777    85411    35527    79585    41525    13662    70800    48777    67725    15576    44242    36688    52435    70326    52435    27828    66465    34949    25414    61551    30734    28741    27828    29384    60917    50931    66815    56910    61652    69210    61551    21686    32966    36995    47891    11102    54929    78422    66294    60917    59985    44780    38719        0    27652    14474    79515    21733    64729    35823    66294    35004     7236    13842     7236    88780    35214    14474    27652    52435     8096    33635    41525    43588   104255    48863    92020    49492    21568    81131    72643     9346 
    3691    45219    40189    59594    62358    41531    88511    52497    21976    31238   106373    37847    67764    45881        0    32453    97111    50564   117298    67764   112066   114386    44357   101931    54174    61516    43662   104593    73169    15214   117269   116558   115815    81415   103342    62358    95507   116558    79688   115815    58007   109436    61031    26207    46566    31901    44628    43662    27373    67867    47978    71743    31763    97623    38095    71743    71743    60101    14373    42413    44357    42551    41531    88511   116558    32453    13036    36814   121433    79688    49509    74018    79703    44628    61031   100975    97362    45881    98525    20586    20586    33854    23313    20049   100975    26098    68580   104673    69856    42551    63222   130291    42101    30578    84335    35975    67474    67474    88511   101931   107512    39711     3979    82289    79000   103342    78675    74018   111447    47978   104827    80241    35353    14373    74018    58007    45219    49509    37847    82289    95507    82289    27001    92501    35975    28976    50996    27373    67764    27001    44042    23960    31873    92852    81415    86893    95246    50996    27117    61516    38095    42551    37472    79000    67867    92331    23960    41184    50564    55244    45881    71743    32453   105551    73188    54174    64220    92331    68580    44357    36814    44357    73096    43203    32453    71743    82289    48399    65558    80241    80724   130291    28077   117298    33854    27064   106373    97623    69856 
   35846    23913    12654    46350    49704    21268    54741    31291    11452    11825    72603    28245    26079    14474    32453        0    63342    42311    83492    26079    78296    80616    15333    68082    41111    48591    28935    68418    22626    18259    82676    82831    81222    68490    68798    49704    61798    82831    72730    81222    45083    76555    57357    25087    33641    20190    15604    28935    15750    54931    33058    29991     9046    64115    28560    29991    29991    47166    46687    27748    15333    39363    21268    54741    82831        0    33237     6580    87663    72730    41774    40248    66779    15604    57357    67312    62649    14474    64718    16817    16817    26850     9453    22515    67312    37339    28006    70903    15677    39363    21470    95698    21440    13702    71680    26421    25721    25721    54741    68082    72919    14853    28893    43907    66346    68798    44906    40248    76855    33058    71057    46472     4030    46687    40248    45083    23913    41774    28245    43907    61798    43907    19299    57908    26421    12516    39612    15750    26079    19299    20534    38045    27890    58891    68490    53124    60654    39612     7563    48591    28560    39363     6065    66346    54931    58631    38045    37343    42311    42590    14474    29991        0    70958    31204    41111    51296    58631    28006    15333     6580    15333    66138    26741        0    29991    43907     9617    38920    46472    46954    95698    26221    83492    26850     8651    72603    64115    15677 
  100504    89699    73777   107343   110107    86011     8660    96726    67888    75793    25382    75770    54319    71870    97111    63342        0    39275    30392    54319    25249    30340    72178     7954   101922   109837    46439    14042    60866    82944    30901    31709    28909   129011    42747   110107    16167    31709   133273    28909   105766    22531   117760    72804    94299    60774    77303    46439    77627   115615    40438    48554    57929     9914    47772    48554    48554   107850   110197    88041    72178    58852    86011     8660    31709    63342   100834    68351    36462   133273    45012    31611   127299    77303   117760     8133     3271    71870    14461    77344    77344    87016    74311    74561     8133    97425    39046    13335    57487    58852    50852    46228    44633    75059   132083    51784    55104    55104     8660     7954    22663    79682    93556    25444   126749    42747    27936    31611    26599    40438    10225    27192    59559   110197    31611   105766    89699    45012    75770    25444    16167    25444    67732    10736    51784    64618    98744    77627    54319    67732    48464    98111    88124    23905   129011    20549     4784    98744    72976   109837    47772    58852    61565   126749   115615     6018    98111    97913    39275   102993    71870    48554    63342    21488    60819   101922   111852     6018    39046    72178    68351    72178   126680    87393    63342    48554    25444    56635   113507    27192    22354    46228    85879    30392    87016    61895    25382     9914    57487 
   53957    68669    52747    86313    89077    64981    32116    75695    36714    54763    28509    31532    34400    44780    50564    42311    39275        0    70034    34400    64891    69136    51148    45667    80892    88807    12597    57329    38073    41890    70005    60180    68551   107980    26758    89077    48243    60180   112242    68551    84736    62172    96730    29744    73269    26196    56273    12597    56597    94585    10314    29622    36899    50359    13930    29622    29622    86819    67038    67010    51148    25010    64981    32116    60180    42311    79803    47321    64933   112242     8055    27467   105789    56273    96730    44597    40984    44780    51261    56314    56314    65986    38977    31501    44597    76395    17289    49876    34695    25010    28060    83028    13613    54028   111053    17942    32312    32312    32116    45667    51134    58652    46877    35025   105718    26758    13381    27467    55069    10314    48362    32696    38529    67038    27467    84736    68669     8055    31532    35025    48243    35025    23725    36123    17942    30782    77714    56597    34400    23725    21345    77081    67094    42620   107980    39426    43025    77714    50767    88807    13930    25010    40535   105718    94585    35953    77081    76883        0    81963    44780    29622    42311    58288    38027    80892    90306    35953    17289    51148    47321    51148   105148    66363    42311    29622    35025    33843    92477    32696    23721    83028    64848    70034    65986    34944    28509    50359    34695 
  120691   109850    99558   127494   130258   106161    36085   116023    91368    95142    52824    95920    60284    92020   117298    83492    30392    70034        0    60284    11630     8011    92328    25946   122073   128697    74679    21412    80122   103104     3637    35629     8985   148595    89191   130258    30322    35629   152835     8985   125188    12359   137911    92955   113747    79867    97454    74679    97599   135766    73781    58605    78080    21625    76012    58605    58605   128000   129394   107854    92328    95013   106161    36085    35629    83492   121236    87616    40571   152835    82497    45344   146884    97454   137911    33498    30537    92020    22440    97495    97495   106955    95069    93896    33498   117576    53892    28593    76747    95013    57363    13811    75527    95209   152234    84864    61535    61535    36085    25946    33303    99833   113707    43388   146899    89191    65299    45344    32059    73781    28549    46187    78925   129394    45344   125188   109850    82497    95920    43388    30322    43388    86422    37907    84864    84008   118895    97599    60284    86422    67639   118262   108275    31370   148595    36081    30045   118895    91862   128697    76012    95013    80956   146899   135766    34115   118262   117448    70034   123143    92020    58605    83492    12441    56833   122073   131401    34115    53892    92328    87616    92328   146243   107544    83492    58605    43388    75906   132739    46187    44337    13811   106326        0   106955    82046    52824    21625    76747 
   71157    39705    33329    78008    80772    56676    45719    66489    41834    45608    47986    40362        0    28741    67764    26079    54319    34400    60284        0    59174    48580    29637    44918    72588    79163    32260    47579    17526    53570    60255    64067    58801    99061    59154    80772    38494    64067   103301    58801    75654    52423    88426    43470    64212    29434    38470    32260    48065    86281    23349     6910    28595    40609    33593     6910     6910    78515    79860    58319    29637    44580    56676    45719    64067    26079    71702    25975    72584   103301    32065    15153    97350    38470    88426    56787    53175    28741    41512    48010    48010    57421    45535    44362    56787    68091    19245    51781    18671    44580     7342    58415    25155    45724   102749    37605     4245     4245    45719    44918    62479    39289    64222    25276    97414    59154    27927    15153    58957    23349    51563    15388    22296    79860    15153    75654    39705    32065    40362    25276    38494    25276    32346    39925    37605    35284    69410    48065        0    32346    17275    68776    58790    29457    99061    24684    38233    69410    42328    79163    33593    44580    22954    97414    86281    48143    68776    68579    34400    73658    28741     6910    26079    48538    10439    72588    81867    48143    19245    29637    25975    29637    96709    58059    26079     6910    25276    17913    83205    15388    27830    58415    56544    60284    57421    32561    47986    40609    18671 
  115459   104654    88732   122297   125061   100965    31562   111680    86225    90748    48283    90724    59174    86824   112066    78296    25249    64891    11630    59174        0    19716    87132    19795   116877   124791    69483    12721    75820    97898    15010    26939     6155   143965    83672   125061    23715    26939   147692     6155   120044     6658   132715    87759   109253    74723    92258    69483    92581   130570    68638    53409    72884    16006    70816    53409    53409   122804   124251   102995    87132    81897   100965    31562    26939    78296   115788    83306    31784   147692    69796    40557   141741    92258   132715    25153    26173    86824    19125    92298    92298   101971    89266    89516    25153   112380    49094    19932    72441    81897    52167    21258    62378    90013   147037    74828    56338    56338    31562    19795    24613    94637   108511    34389   141703    83672    59067    40557    23369    68638    22820    41516    74514   124251    40557   120044   104654    69796    90724    34389    23715    34389    82686    32710    74828    79573   113699    92581    59174    82686    63418   113065   103079    37997   143965    33618    22877   113699    86718   124791    70816    81897    76520   141703   130570    28919   113065   112868    64891   117947    86824    53409    78296    15544    63788   116877   126258    28919    49094    87132    83306    87132   141100   102348    78296    53409    34389    71590   127596    41516    39438    21258   100833    11630   101971    76849    48283    16006    72441 
  117779   106974    91052   124618   127382   103286    36239   114000    88474    93068    52960    93044    48580    89145   114386    80616    30340    69136     8011    48580    19716        0    89453    27083   119197   127112    71803    22665    78140   100219     4807    43441    16739   146285    85993   127382    19755    43441   150547    16739   123041    19664   135035    90079   111574    78048    94578    71803    94902   132890    62964    55729    75204    21679    73136    55729    55729   125124   126499   105315    89453    84217   103286    36239    43441    80616   118108    85626    48194   150547    72116    42877   143989    94578   135035    32938    30850    89145    20832    94619    94619   104291    91586    91836    32938   114700    51414    27515    74761    84217    54487    13802    64698    92333   149358    77148    58659    58659    36239    27083    41853    96957   110831    36709   144023    85993    61387    42877    38331    62964    30108    36483    76834   126499    42877   123041   106974    72116    93044    36709    19755    36709    85006    35031    77148    81893   116019    94902    48580    85006    65738   115386   105399    23333   146285    26418    25894   116019    88967   127112    73136    84217    78840   144023   132890    33596   115386   115188    69136   120268    89145    55729    80616     9065    49770   119197   128506    33596    51414    89453    85626    89453   143349   104668    80616    55729    36709    73910   130782    36483    41759    13802   103153     8011   104291    79170    52960    21679    74761 
   47750    11517     8282    33763    38991    15047    63578    21658    23210    16108    81439    37081    29637     7236    44357    15333    72178    51148    92328    29637    87132    89453        0    76918    48445    29660    37771    77254    17881    30163    91986    91667    90162    53604    77634    38991    70634    91667    62948    90162    52416    85391    65338    33923    40975    29027     7827    37771    24658    62265    41895    34131    17986    72951    37397    34131    34131    54499    58591    35082        0    48199    15047    63578    91667    15333    38800     7600    96499    62948    50610    49085    51893     7827    65338    76148    71485     7236    73554    24403    24403    34183    21211    35609    76148    44672    36843    79739    14859    48199    28474   104638    30276    21128    56898    35257    29293    29293    63578    76918    81859    10063    40797    52743    51342    77634    53742    49085    85795    41895    79893    55308    13970    58591    49085    52416    11517    50610    37081    52743    70634    52743    28136    67594    35257    25722    46945    24658    29637    28136    29370    45379    35223    67727    53604    61960    69944    46945    17897    29660    37397    48199    11410    51342    62265    67467    45379    44676    51148    31022     7236    34131    15333    80601    29382    48445    32517    67467    36843        0     7600        0    73471    34074    15333    34131    52743    12700    30329    55308    55790   104638    33554    92328    34183    20409    81439    72951    14859 
  105324    94439    84192   112083   114847    90751    13647   100657    76002    79775    30386    80510    44918    76610   101931    68082     7954    45667    25946    44918    19795    27083    76918        0   106662   113330    51345     7505    64756    87738    26455    25383    24463   133229    47653   114847    14097    25383   137469    24463   109822    18084   122500    77544    98380    64500    82043    51345    82232   120355    45485    43195    62669     4674    52678    43195    43195   112589   114028    92487    76918    63955    90751    13647    25383    68082   105870    72249    29541   137469    51439    29978   131518    82043   122500     5013     5412    76610    11214    82084    82084    91589    79702    78530     5013   102165    38879     6759    61381    63955    41952    42980    49540    79798   136823    56690    46124    46124    13647        0    16337    84422    98296    24175   131488    47653    32912    29978    20273    45485     2922    30820    64299   114028    29978   109822    94439    51439    80510    24175    14097    24175    72471    17399    56690    69358   103484    82232    44918    72471    53203   102851    92864    27783   133229    23395     9881   103484    76495   113330    52678    63955    65590   131488   120355     8729   102851   102653    45667   107733    76610    43195    68082    18240    53574   106662   116035     8729    38879    76918    72249    76918   130877    92133    68082    43195    24175    60539   117373    30820    28971    42980    90960    25946    91589    66635    30386     4674    61381 
