dep57 0 0 60
**************************************DATA
12 162 480 8 1.33
**************************************DISTANCE
       0    21657     8085     4600    79821   138228    74383    68271   157953   158445    12957    26538    66056    41527    24004   104573   132154     4600    92735    27354    16092    29618    29618    83099    30152    76971   113940    20116    41246     4042    87245   129118    28124    92841    79699     4600    74383     4042    69386    61789    74383    43206    30152     4600     9433    83099    61800    31024    97768    92735    29618    97768    85349    16092   100922    14410    33853    18138    13011    92841    19012    70025    76910    29618    92229    13292    68820    73877    45960     9369    71295     5452    14600    86748   102311   128616    26538    45960    21052    41527    87245   104573    41527    76971    61800    80459   149810    73877    87245    79227    93476     8085    17274     4600    11569    80608    73877   132136    66720    61789    45043   128656   113940    84517    72584    93476    37847    86748    29618    23226    44058    84517    92841    12957    75547   102311    31804    69207    28475    11269    72584    92841     6865    74491    37690    74383    61789    84517    18138    72281    74491    42452    74491    42452    42594   146829    22206    80459    91223    31024    96306   102311   128616    38088    83251    68271    71295    73877    84270    16092    41246    61800    72281    23803    66720    20116    84517    66720   119905    66720     8699    17274    90359 
   21657        0    26197    18333    86757   143290    79453    75207   164889   165261    15611    25115    48074    48463    39640   111509   139090    18333    99671    33642    39729    36554    36554    90035    37088    86918   120876    42256    48182    18345    94181   134206    33669    97810    86635    18333    79453    18345    73834    45624    79453    49379    37088    18333    13666    90035    66869    37960   104703    99671    36554   104703    92285    39729   107857    18642    40789     9240    19827    97810     6204    76961    81655    36554    99045    20228    72838    80813    50817    24537    78231    23564     9812    95138   109247   122506    25115    50817    18486    48463    94181   111509    48463    86918    66869    87395   156745    80813    94181    86163   100412    26197    31605    18333    29867    87544    80813   139071    47048    45624    51978   135591   120876    89719    79520   100412    44783    95138    36554    28804    50994    89719    97810    15611    82482   109247    38740    76143    35411    29381    79520    97810    16045    81427    44626    79453    45624    89719     9240    79217    81427    35560    81427    35560    49410   153765    30770    87395    98159    37960   103242   109247   122506    44905    90186    75207    78231    80813    91205    39729    48182    66869    79217    47719    47048    42256    89719    47048   126841    47048    22718    31605    97295 
    8085    26197        0    11593    75397   132048    68202    64601   150045   152265    13207    23047    59875    36637    17485   100149   127357    11593    88311    35069     6571    23046    23046    78675    25381    70791   109608    10632    36969     5856    82821   122938    35493    86661    76233    11593    68202     5856    63205    57425    68202    37238    25381    11593    15570    78675    55620    18874    93343    88311    23046    93343    80925     6571    96497    14970    29751    22677    10737    86661    25084    65601    70730    23046    86049    17627    62640    69111    39780    15061    66473     5023    25044    80568    98039   122436    23047    39780    28574    36637    82821   100149    36637    70791    55620    76035   145385    69111    82821    74803    89052        0    23929    11593     7155    75932    69111   127711    62356    57425    31697   124069   109608    78337    70052    89052    33746    80568    23046    30941    39634    78337    86661    13207    71351    98039    26431    65811    23058     5795    70052    86661     9974    70067    33251    68202    57425    78337    22677    66851    70067    61730    70067    61730    36414   142255    30105    76035    84620    18874    91882    98039   122436    32120    78270    64601    66473    69111    79600     6571    36969    55620    66851    14556    62356    10632    78337    62356   115573    62356    16709    23929    85852 
    4600    18333    11593        0    80611   138628    74782    69062   158743   158844    11393    27329    66455    42318    33495   105363   132944        0    93525    27547    19600    30408    30408    83889    30942    77371   114730    23624    43549     7550    88036   129517    21502    93240    80489        0    74782     7550    69785    62579    74782    43606    30942        0     9229    83889    62200    31814    98558    93525    30408    98558    86139    19600   101712    14205    34643    16745    13410    93240    14658    70815    77310    30408    92628    14083    69219    74667    46359    10772    72086     8960     6386    87148   103102   129016    27329    46359    16885    42318    88036   105363    42318    77371    62200    81249   150600    74667    88036    80018    94266    11593    19438        0    15077    82511    74667   132926    67510    62579    45833   129446   114730    84917    73374    94266    38637    87148    30408    23418    44849    84917    93240    11393    76337   103102    32595    69997    29265    14777    73374    93240     8254    75282    38481    74782    62579    84917    16745    73071    75282    41194    75282    41194    42993   147620    18603    81249    92013    31814    97097   103102   129016    38488    84041    69062    72086    74667    85060    19600    43549    62200    73071    41302    67510    23624    84917    67510   120696    67510     8953    19438    91150 
   79821    86757    75397    80611        0    53453    56061    23675    84822    87042    70172    55374    33771    65455    67990    21852    62135    80611    12863   104054    79377    63395    63395    15214    61241     3533    31013    81256    65788    81916    12559    44343   103593    45798    10193    80611    56061    81916    22279    35245    56061    72783    61241    80611    77557    15214    36184    66321    20406    12863    63395    20406    14114    79377    15890    71056    58570    85168    70095    45798    85643    17484     5640    63395    15166    69416    21714     9609    43389    89130    11497    76848    87104    10377    19444    38723    55374    43389    98532    65455    12559    21852    65455     3533    36184    63652    79026     9609    12559     6706    23678    75397    92914    80611    69441     5885     9609    62275    33696    35245    80403    44954    31013     5387    11459    23678    49995    10377    63395    99926    68451     5387    45798    70172    36841    19444    66778    24885    57769    79348    11459    45798    73942    29287    62069    56061    35245     5387    85168    26888    29287    57357    29287    57357    61025    77032    99977    63652    14963    66321    12178    19444    38723    69212     4628    23675    11497     9609     9694    79377    65788    36184    26888    86940    33696    81256     5387    33696    36978    33696    85694    92914    15946 
  138228   143290   132048   138628    53453        0    95162    80641    75299    77024   127162   111703    89555   122250   130838    37698    44446   138628    47047   160588   135998   117978   117978    63934   117744    56959    29425   138526   121968   138725    50450    14447   160576    74573    61213   138628    95162   138725    79268    91345    95162   129290   117744   138628   135537    63934    92386   122907    51745    47047   117978    51745    66184   135998    36544   128089   114575   143509   126628    74573   143652    76904    55856   117978    47069   126495    78272    67327    99903   146422    70947   133178   143434    56164    38857    19524   111703    99903   155959   122250    50450    37698   122250    56959    92386   103418    67156    67327    50450    66232    47453   132048   151375   138628   126137    56567    67327    18717    89796    91345   134032    16978    29425    49041    70247    47453   106503    56164   117978   156459   124780    49041    74573   127162    76540    38857   120794    81576   114975   135549    70247    74573   133321    85755   118413    95162    91345    49041   143509    83545    85755   109103    85755   109103   117558    64176   156307   103418    43764   122907    42904    38857    19524   125745    57393    80641    70947    67327    50414   135998   121968    92386    83545   143473    89796   138526    49041    89796    16395    89796   142800   151375    52713 
   74383    79453    68202    74782    56061    95162        0    42562    47942    67033    62868    62321    62797    46179    55285    64184    68215    74782    60135    96751    72153    47930    47930    68881    45410    55771    73552    74680    38696    74879    73027    77870    96730    20732    65481    74782        0    74879    52511    64588        0    55883    45410    74782    71691    68881    32721    53604    56585    60135    47930    56585    71131    72153    60533    64243    48414    79663    62791    20732    79806    39294    60012    47930    68009    62650    51669    59659    49196    82576    50754    69332    79588    73985    61923    74529    62321    49196    92113    46179    73027    64184    46179    55771    32721     9012    50232    59659    73027    55330    57953    68202    87529    74782    62292    53274    59659    76632    63038    64588    68635    73152    73552    55615    53515    57953    52408    73985    47930    92623    36461    55615    20732    62868    19553    61923    60489    49854    43213    71703    53515    20732    69475    35208    38642        0    64588    55615    79663    36727    35208    71176    35208    71176    53721    57305    92461     9012    64910    53604    54110    61923    74529    49942    69033    42562    50754    59659    46229    72153    38696    32721    36727    69979    63038    74680    55615    63038    75392    63038    78954    87529    51826 
   68271    75207    64601    69062    23675    80641    42562        0   101807   100857    58622    37794    16152    54803    63391    48427    76008    69062    36589    92505    68552    51845    51845    26953    50298    19384    58200    71079    54238    70367    31100    71530    93129    45021    24825    69062    42562    70367    10455    17627    42562    61234    50298    69062    66007    26953    13143    55461    41622    36589    51845    41622    29203    68552    44776    60642    30393    73619    58545    45021    74094     7982    19323    51845    34641    59049     9400    17704    21917    78975    11018    65731    75987    29161    46166    71029    37794    21917    86983    54803    31100    48427    54803    19384    13143    51287    93664    17704    31100    15593    37330    64601    81365    69062    58691    24524    17704    75990    20307    17627    68854    72510    58200    26930    13127    37330    29552    29161    51845    88377    57334    26930    45021    58622    29079    46166    53347     7292    47529    68102    13127    45021    65874    11530    50966    42562    17627    26930    73619     8874    11530    28760    11530    28760    49475    90684    88860    51287    33213    55461    40161    46166    71029    57663    26863        0    11018    17704    28124    68552    54238    13143     8874    75390    20307    71079    26930    20307    63760    20307    74145    81365    34445 
  157953   164889   150045   158743    84822    75299    47942   101807        0    19190   148304   129700   111903   128904   143162    78471    27966   158743    78415   182186   153995   141527   141527    98733   133715    88281    90608   156522    84365   160048    85882    73575   178572    34054    98173   158743    47942   160048   100411   113377    47942   127356   133715   158743   155689    98733    68778   141481    60891    78415   141527    60891   100983   153995    74819   146086   132572   163300   148227    34054   163775    94901    87854   141527    85895   144492    99846    90868   121521   164418    88943   151174   161430    90345    76209    67224   129700   121521   176664   128904    85882    78471   128904    88281    68778    50824    13039    90868    85882    84229    67374   150045   171047   158743   144134    88848    90868    69873   107792   113377   136388    66393    90608    90773    91809    67374   124499    90345   141527   178058    82017    90773    34054   148304    49834    76209   131796    99573   132972   153545    91809    34054   151317    66079    84199    47942   113377    90773   163300   105020    66079   135489    66079   135489   139157    14142   174303    50824    82336   141481    70204    76209    67224   128238   100210   101807    88943    90868    77714   153995    84365    68778   105020   141315   107792   156522    90773   107792    67856   107792   163826   171047    78708 
  158445   165261   152265   158844    87042    77024    67033   100857    19190        0   147378   131920   109772   142466   151055    80691    32576   158844    80635   181679   156215   138195   138195   100954   137961    87204    74110   158742   142185   158942    88102    73332   180793    51464    97554   158844    67033   158942    99485   111562    67033   146380   137961   158844   155754   100954    86095   143124    63111    80635   138195    63111   103203   156215    77039   148306   134792   163726   147764    51464   163868    97121    86776   138195    85038   146712    98489    91731   120120   166638    91163   153395   163650    89753    78429    66201   131920   120120   176176   142466    88102    80691   142466    87204    86095    70014    27324    91731    88102    86449    69594   152265   171591   158844   146354    87334    91731    72093   110012   111562   159133    68613    74110    80144    90464    69594   126719    89753   138195   177550   101207    80144    51464   147378    69024    78429   150986   101793   135192   155766    90464    51464   153538   105972   138629    67033   111562    80144   163726   103761   105972   134351   105972   134351   139332    19379   176523    70014    81416   143124    72424    78429    66201   147263    90982   100857    91163    91731    79934   156215   142185    86095   103761   160382   110012   158742    80144   110012    70076   110012   163017   171591    78032 
   12957    15611    13207    11393    70172   127162    62868    58622   148304   147378        0    17538    42732    31878    27812    94924   122504    11393    83086    35612    27900    24725    24725    73450    25259    70333   104291    30428    31597     9645    77596   117621    32235    81225    70050    11393    62868     9645    57249    40281    62868    37550    25259    11393     4253    73450    50284    26131    88118    83086    24725    88118    75700    27900    91272     3032    24204    11257     4105    81225    15310    60376    65844    24725    81162     7672    56253    64227    34232    21150    61646    14863    15092    78553    92662   117550    17538    34232    27618    31878    77596    94924    31878    70333    50284    70810   140160    64227    77596    69578    83827    13207    26103    11393    18039    70959    64227   122486    41706    40281    40150   119006   104291    73134    62934    83827    28198    78553    24725    31484    34409    73134    81225        0    65897    92662    26912    59558    23583    20681    62934    81225     7344    64842    28041    62868    40281    73134    11257    62632    64842    30217    64842    30217    31527   137180    31035    70810    81574    26131    86657    92662   117550    31244    73601    58622    61646    64227    74620    27900    31597    50284    62632    34059    41706    30428    73134    41706   110256    41706    17528    26103    80710 
   26538    25115    23047    27329    55374   111703    62321    37794   129700   131920    17538        0    33553    30756    22223    80103   107013    27329    66960    50772    27028    19619    19619    58838    20011    50447    89263    28907    31088    22889    63097   102593    50311    67497    55888    27329    62321    22889    42861    31102    62321    37145    20011    27329    18780    58838    33104    22545    73278    66960    19619    73278    61241    27028    76250    13319    14186    21118    14587    67497    19763    46704    50385    19619    65704    16145    42295    48767    15842    35848    46128    24078    32180    60223    77695   102091        0    15842    45249    30756    63097    80103    30756    50447    33104    71595   123904    48767    63097    53831    68851    23047    39632    27329    17092    55587    48767   107153    36033    31102    39962   103724    89263    57993    49708    68851     9603    60223    19619    46644    33857    57993    67497    17538    50488    77695    26338    35895    16784    26999    49708    67497    20613    41024    27370    62321    31102    57993    21118    46507    41024    27574    41024    27574    25344   121910    45278    71595    64275    22545    71682    77695   102091    34513    57926    37794    46128    48767    59255    27028    31088    33104    46507    34591    36033    28907    57993    36033    95228    36033    32412    39632    65508 
   66056    48074    59875    66455    33771    89555    62797    16152   111903   109772    42732    33553        0    50077    58665    58523    86103    66455    46685    88473    63826    45806    45806    37049    45572    28298    67890    66353    49795    66552    41195    80444    69073    65256    33649    66455    62797    66552     9377     3138    62797    57202    45572    66455    42808    37049    35946    50735    51717    46685    45806    51717    39299    63826    54871    41249    35565    38966    54513    65256    42725    23685    28237    45806    43555    54323    11770    22762    27784    74249    24955    61005    51931    38075    56261    79943    33553    27784    64456    50077    41195    58523    50077    28298    35946    67439   103759    22762    41195    33177    47426    59875    79202    66455    53965    34558    22762    86085     4471     3138    61859    82605    67890    35844    26534    47426    31030    38075    45806    84345    52608    35844    65256    42732    45232    56261    48621    10269    42803    63376    26534    65256    61148    28151    46240    62797     3138    35844    38966    25941    28151    15934    28151    15934    45443   100779    84134    67439    45173    50735    50256    56261    79943    53630    37200    16152    24955    22762    38219    63826    49795    35946    25941    71358     4471    66353    35844     4471    73855     4471    70627    79202    44309 
   41527    48463    36637    42318    65455   122250    46179    54803   128904   142466    31878    30756    50077        0    16320    90207   117788    42318    78370    65761    40587     7902     7902    68733     4784    60993    99809    24364     7097    43623    72880   113139    65165    64637    66434    42318    46179    43623    53407    47626    46179     9451     4784    42318    39263    68733    45822    14727    83402    78370     7902    83402    70983    40587    86556    32678    16848    46875    31801    64637    47350    55660    60931     7902    76250    31084    52841    59313    27645    51011    56674    37767    48023    70770    87946   112637    30756    27645    60238        0    72880    90207        0    60993    45822    54126   135444    59313    72880    64862    79111    36637    54621    42318    31148    66133    59313   117770    52355    47626    18484   114290    99809    68539    60254    79111    20843    70770     7902    61633     9740    68539    64637    31878    49214    87946     8885    54841    11679    40138    60254    64637    37910    60126     7469    46179    47626    68539    46875    57053    60126    51932    60126    51932    22731   132464    60896    54126    74822    14727    81941    87946   112637     4411    68472    54803    56674    59313    69904    40587     7097    45822    57053    24112    52355    24364    68539    52355   105540    52355    47401    54621    76054 
   24004    39640    17485    33495    67990   130838    55285    63391   143162   151055    27812    22223    58665    16320        0    99237   126147    33495    86095    56938    13116     8839     8839    71268    12514    69581   108398    10010    20334    23080    75415   121728    56477    73743    75023    33495    55285    23080    61995    56215    55285    24397    12514    33495    30440    71268    54410     5117    92412    86095     8839    92412    73518    13116    95384    27956    19142    38052    22978    73743    38527    58194    69520     8839    84838    21876    61430    67901    29171    28780    65263    21228    38815    79358    96829   121226    22223    29171    51415    16320    75415    99237    16320    69581    54410    63136   143039    67901    75415    67397    81645    17485    45798    33495    12781    74722    67901   120305    61146    56215    24071   122859   108398    77127    68842    81645    23137    79358     8839    52810    23314    77127    73743    27812    58434    96829    13591    64601    12371    19513    68842    73743    26826    62661    17599    55285    56215    77127    38052    65641    62661    45911    62661    45911    25400   141045    51688    63136    83410     5117    84476    96829   121226    19280    77060    63391    65263    67901    78390    13116    20334    54410    65641     7145    61146    10010    77127    61146   114363    61146    38578    45798    84642 
  104573   111509   100149   105363    21852    37698    64184    48427    78471    80691    94924    80103    58523    90207    99237        0    55783   105363    15497   128807   104129    88147    88147    32334    85993    25756    15258   106008    90540   106668    22913    28588   128345    53922    28986   105363    64184   106668    47031    59997    64184    97535    85993   105363   102309    32334    60936    91073    17672    15497    88147    17672    34584   104129     5426    95808    83322   109921    94847    53922   110395    45304    34474    88147    16737    94895    46466    37488    68141   113882    31974   101577   111833    24058     3735    22968    80103    68141   123284    90207    22913        0    90207    25756    60936    71817    72674    37488    22913    34632    15853   100149   117667   105363    94193    25555    37488    31926    58448    59997   105155    29199    15258    17947    38429    15853    74747    24058    88147   124678    93180    17947    53922    94924    44965     3735    91530    49637    82521   104101    38429    53922    98694    54154    86821    64184    59997    17947   109921    51640    54154    72215    54154    72215    85777    70681   124706    71817    13178    91073    11304     3735    22968    93964    25849    48427    31974    37488    18794   104129    90540    60936    51640   111692    58448   106008    17947    58448    21223    58448   110446   117667    21163 
  132154   139090   127357   132944    62135    44446    68215    76008    27966    32576   122504   107013    86103   117788   126147    55783        0   132944    55728   156387   131710   115728   115728    76046   113574    62482    64808   133835   118121   134249    63195    39757   155926    54328    72374   132944    68215   134249    74612    87578    68215   125116   113574   132944   129890    76046    88517   118654    38204    55728   115728    38204    78296   131710    52132   123398   110902   137501   122428    54328   137976    72214    62055   115728    60096   121805    74046    65069    95722   141463    66448   128487   138743    64545    53522    41425   107013    95722   150865   117788    63195    55783   117788    62482    88517    71403    22710    65069    63195    61541    44686   127357   145247   132944   121774    63049    65069    33851    86028    87578   132736    36014    64808    64974    66010    44686   101812    64545   115728   152259   120090    64974    54328   122504    59423    53522   119111    76885   110102   131681    66010    54328   128630    81064   114402    68215    87578    64974   137501    79221    81064   109690    81064   109690   113358    20176   151616    71403    56537   118654    47517    53522    41425   121545    74411    76008    66448    65069    55027   131710   118121    88517    79221   139272    86028   133835    64974    86028    45169    86028   138027   145247    52908 
    4600    18333    11593        0    80611   138628    74782    69062   158743   158844    11393    27329    66455    42318    33495   105363   132944        0    93525    27547    19600    30408    30408    83889    30942    77371   114730    23624    43549     7550    88036   129517    21502    93240    80489        0    74782     7550    69785    62579    74782    43606    30942        0     9229    83889    62200    31814    98558    93525    30408    98558    86139    19600   101712    14205    34643    16745    13410    93240    14658    70815    77310    30408    92628    14083    69219    74667    46359    10772    72086     8960     6386    87148   103102   129016    27329    46359    16885    42318    88036   105363    42318    77371    62200    81249   150600    74667    88036    80018    94266    11593    19438        0    15077    82511    74667   132926    67510    62579    45833   129446   114730    84917    73374    94266    38637    87148    30408    23418    44849    84917    93240    11393    76337   103102    32595    69997    29265    14777    73374    93240     8254    75282    38481    74782    62579    84917    16745    73071    75282    41194    75282    41194    42993   147620    18603    81249    92013    31814    97097   103102   129016    38488    84041    69062    72086    74667    85060    19600    43549    62200    73071    41302    67510    23624    84917    67510   120696    67510     8953    19438    91150 
   92735    99671    88311    93525    12863    47047    60135    36589    78415    80635    83086    66960    46685    78370    86095    15497    55728    93525        0   116969    92292    76309    76309    19560    74155    16260    24606    93782    78702    94831    11538    37937   116507    49873    16932    93525    60135    94831    35193    48160    60135    85698    74155    93525    90471    19560    49099    79235    20480        0    76309    20480    15872    92292     8445    83346    71484    98083    83009    49873    98558    27578    17279    76309     8334    81752    34628    24025    56304   102044    21672    88434    98690     8290    13038    32317    66960    56304   111446    78370    11538    15497    78370    16260    49099    67793    73640    24025    11538    16906    16188    88311   105829    93525    82356    16059    24025    40705    46610    48160    93318    38548    24606     8451    26500    16188    62909     8290    76309   112841    80037     8451    49873    83086    40916    13038    79693    37799    70683    92263    26500    49873    86857    41012    74984    60135    48160     8451    98083    39802    41012    60940    41012    60940    73939    70625   111563    67793     4775    79235    11639    13038    32317    82126    13795    36589    21672    24025    14745    92292    78702    49099    39802    99854    46610    93782     8451    46610    30572    46610    98609   105829    21107 
   27354    33642    35069    27547   104054   160588    96751    92505   182186   181679    35612    50772    88473    65761    56938   128807   156387    27547   116969        0    43076    53851    53851   107332    54385   104216   138174    59554    65480    31027   111479   151504     8438   115108   103933    27547    96751    31027    91132    86022    96751    66677    54385    27547    33667   107332    84166    55257   122001   116969    53851   122001   109582    43076   125155    38643    58087    39820    38370   115108    33838    94259    98953    53851   115462    37526    90136    98110    68115    20704    95529    32436    24035   112436   126545   139804    50772    68115    18677    65761   111479   128807    65761   104216    84166   104692   174043    98110   111479   103461   117710    35069    13280    27547    38553   104841    98110   156369    90954    86022    69276   152889   138174   107017    96817   117710    62081   112436    53851     5356    68292   107017   115108    35612    99780   126545    56038    93440    52709    29686    96817   115108    32692    98725    61924    96751    86022   107017    39820    96515    98725    64160    98725    64160    65827   171063     9833   104692   115457    55257   120540   126545   139804    61392   107484    92505    95529    98110   108503    43076    65480    84166    96515    64136    90954    59554   107017    90954   144139    90954    18645    13280   114593 
   16092    39729     6571    19600    79377   135998    72153    68552   153995   156215    27900    27028    63826    40587    13116   104129   131710    19600    92292    43076        0    19905    19905    82655    29332    74742   113558     4780    40920    15168    86802   126888    43645    90611    80183    19600    72153    15168    67156    61375    72153    29111    29332    19600    23577    82655    59570    13255    97324    92292    19905    97324    84905        0   100478    27619    33409    38140    23067    90611    38615    69582    74680    19905    89999    21607    66590    73062    43730    15659    70423    12646    38546    84518   101868   126386    27028    43730    38811    40587    86802   104129    40587    74742    59570    80015   149366    73062    86802    78784    93032     6571    21943    19600    11105    79882    73062   131692    66307    61375    25765   128019   113558    82288    74003    93032    37404    84518    19905    38948    43615    82288    90611    27900    75103   101868    19177    68763    27008     6367    74003    90611    17990    74048    37247    72153    61375    82288    38140    70801    74048    65681    74048    65681    40364   146386    37727    80015    88570    13255    95863   101868   126386    24246    82220    68552    70423    73062    83826        0    40920    59570    70801     8937    66307     4780    82288    66307   119462    66307    21752    21943    89802 
   29618    36554    23046    30408    63395   117978    47930    51845   141527   138195    24725    19619    45806     7902     8839    88147   115728    30408    76309    53851    19905        0        0    66673     3623    56722    95538    16800    11854    31713    70819   108868    51362    66389    62163    30408    47930    31713    49136    43355    47930    18330     3623    30408    27354    66673    41550     7159    81342    76309        0    81342    68923    19905    84496    23293    14657    34965    19892    66389    35440    53599    56660        0    71979    17281    48570    55042    22561    37208    54869    30920    34219    66498    85885   108366    19619    22561    48329     7902    70819    88147     7902    56722    41550    55801   133384    55042    70819    62801    77050    23046    42711    30408    17135    61862    55042   115710    50294    43355    20718   112230    95538    64268    55983    77050    18651    66498        0    49723    14619    64268    66389    24725    50889    85885     5910    52781     5646    26547    55983    66389    24107    58065     9110    47930    43355    64268    34965    52781    58065    41028    58065    41028    18790   130403    47092    55801    70550     7159    79880    85885   108366    13212    64200    51845    54869    55042    67844    19905    11854    41550    52781    13254    50294    16800    64268    50294   103479    50294    35491    42711    71782 
   29618    36554    23046    30408    63395   117978    47930    51845   141527   138195    24725    19619    45806     7902     8839    88147   115728    30408    76309    53851    19905        0        0    66673     3623    56722    95538    16800    11854    31713    70819   108868    51362    66389    62163    30408    47930    31713    49136    43355    47930    18330     3623    30408    27354    66673    41550     7159    81342    76309        0    81342    68923    19905    84496    23293    14657    34965    19892    66389    35440    53599    56660        0    71979    17281    48570    55042    22561    37208    54869    30920    34219    66498    85885   108366    19619    22561    48329     7902    70819    88147     7902    56722    41550    55801   133384    55042    70819    62801    77050    23046    42711    30408    17135    61862    55042   115710    50294    43355    20718   112230    95538    64268    55983    77050    18651    66498        0    49723    14619    64268    66389    24725    50889    85885     5910    52781     5646    26547    55983    66389    24107    58065     9110    47930    43355    64268    34965    52781    58065    41028    58065    41028    18790   130403    47092    55801    70550     7159    79880    85885   108366    13212    64200    51845    54869    55042    67844    19905    11854    41550    52781    13254    50294    16800    64268    50294   103479    50294    35491    42711    71782 
   83099    90035    78675    83889    15214    63934    68881    26953    98733   100954    73450    58838    37049    68733    71268    32334    76046    83889    19560   107332    82655    66673    66673        0    64519    14851    41494    84534    69066    85194     5149    54824   106871    64393     3864    83889    68881    85194    25557    38523    68881    76061    64519    83889    80835        0    39462    69599    42311    19560    66673    42311     2700    82655    24218    74334    61848    88446    73373    64393    88921    25923    17542    66673     7756    73630    24992    14388    46667    92408    23338    80313    90569     6024    29926    49204    58838    46667   101810    68733     5149    32334    68733    14851    39462    76720    92937    14388     5149    18570    36647    78675    96192    83889    72719    24620    14388    61185    36974    38523    83681    55435    41494    15471    16864    36647    53273     6024    66673   103204    71915    15471    64393    73450    54331    29926    70056    28163    61047    82627    16864    64393    77220    32890    65347    68881    38523    15471    88446    30166    32890    60635    32890    60635    64303    90944   103442    76720    11432    69599    28478    29926    49204    72490    10525    26953    23338    14388    28289    82655    69066    39462    30166    90218    36974    84534    15471    36974    47459    36974    88972    96192    34541 
   30152    37088    25381    30942    61241   117744    45410    50298   133715   137961    25259    20011    45572     4784    12514    85993   113574    30942    74155    54385    29332     3623     3623    64519        0    56487    95304    18616     9502    32247    68665   108634    53697    63868    61929    30942    45410    32247    48902    43121    45410    11673        0    30942    27888    64519    41316    10448    79188    74155     3623    79188    66769    29332    82341    25628    12503    35499    20426    63868    35974    51445    56426     3623    71745    19617    48336    54807    22327    39543    52169    33256    36555    66264    83731   108132    20011    22327    48863     4784    68665    85993     4784    56487    41316    53315   131230    54807    68665    60647    74896    25381    43245    30942    20085    61628    54807   113556    48052    43121    17008   109765    95304    64033    55748    74896    16497    66264     3623    50257    12166    64033    63868    25259    48403    83731     3257    50627     4474    28882    55748    63868    26442    55911     6657    45410    43121    64033    35499    52547    55911    47427    55911    47427    18556   128249    49428    53315    70316    10448    77726    83731   108132     6607    63966    50298    52169    54807    65690    29332     9502    41316    52547    14681    48052    18616    64033    48052   101325    48052    36025    43245    71548 
   76971    86918    70791    77371     3533    56959    55771    19384    88281    87204    70333    50447    28298    60993    69581    25756    62482    77371    16260   104216    74742    56722    56722    14851    56487        0    32424    77269    60711    77468    18997    45754    99319    45622     7383    77371    55771    77468    18011    30088    55771    68033    56487    77371    74280    14851    31130    61651    28096    16260    56722    28096    11382    74742    19798    66832    53318    82252    70256    45622    82395    17610     2428    56722    19244    65238    12932     6519    38646    85165    11653    71921    82177    13906    23494    57375    50447    38646    94702    60993    18997    25756    60993        0    31130    63423    80138     6519    18997     6938    23804    70791    90118    77371    64880     9415     6519    62464    28539    30088    72775    58984    32424     9048     7787    23804    45246    13906    56722   100088    63524     9048    45622    70333    36545    23494    59537    20319    53718    74292     7787    45622    72064    22065    57156    55771    30088     9048    82252    19855    22065    57519    22065    57519    61186    77158    95050    63423    22975    61651    15712    23494    57375    69373     8157    19384    11653     6519    14598    74742    60711    31130    19855    87101    28539    77269     9048    28539    38389    28539    81543    90118    20688 
  113940   120876   109608   114730    31013    29425    73552    58200    90608    74110   104291    89263    67890    99809   108398    15258    64808   114730    24606   138174   113558    95538    95538    41494    95304    32424        0   116085    99907   116036    28009    13529   138135    59800    38353   114730    73552   116036    56398    68905    73552   106903    95304   114730   113096    41494    70304   100467    20715    24606    95538    20715    43744   113558    14103   105649    92135   119288   104214    59800   121211    54464    33443    95538    24656   104055    55833    46856    77509   123981    48506   110737   120993    33426    16417     7909    89263    77509   133518    99809    28009    15258    99809    32424    70304    80977    51597    46856    28009    43792    25013   109608   127034   114730   103697    32223    46856    19833    67355    68905   114523    14140        0    24614    47807    25013    84062    33426    95538   134046   102340    24614    59800   104291    54100    16417    98354    59136    92535   113108    47807    59800   110880    63314    95972    73552    68905    24614   119288    61007    63314    76427    63314    76427    95144    79484   133866    80977    21323   100467    20464    16417     7909   103331    35216    58200    48506    46856    27973   113558    99907    70304    61007   121059    67355   116085    24614    67355     6164    67355   120359   127034    30273 
