dep25 0 0 60
**************************************DATA
11 142 480 8 1.33
**************************************DISTANCE
       0   104072    65687    68265    90924    87191    98062    36409    15995    98043    90924    92476    89515    89813    66077    31824    84471   111597    89515    92796    98043    43638     8923    98575    99349    96289    20353    59971    33485    77645    66758     4200    89367    21893    12533    29667    97751    87707   100751    62762    11171   101547    21241    87707    94381    21893    22255    98043    95544    19487    97751   104072    95102    62762    16362    81200    91074    66077    11983    41476    83348   100931    12533    23742    78557    95102    65687    87707    99089   104072    92796    81200    66077    66077    84590    99230    78557    91074    29303    16645    67111    47101    75390    86610    91241    23742   104984   108393    66077    37298   116350    81200    98643    25926   111597    16338    40701    98062    75269    72032    92476    94544    40885    46468    59157    20604    66373    92476    81200    40871    40871    43638    59971    66758    40701    27994   104072    54394    59971    59971    11983    84590    86610    90924    37298    82305    28422   101547    87191    73579    84590    31824    75269    22255    73579    92469   116350    92469    85629    54394    83221    34985    92796 
  104072        0    83524   114152    58905   132637    13157    73112   118935     6514    58905    24072    21292    28588    46902    75149    85905    52899    21292    13764     6514    65992   111863    11815    15752    10623   105974    58159   124267    87084   128535    99872    52683    87764   112308    95520     8937    28123     8152   132977    93583     2876    92868    28123    15842    87764    84527     6514    25454    91931     8937        0    10655   132977    91917    62271    22787    46902   100883   101823    30454    12481   112308    91663   138346    17651    83524    28123     5884        0    13764    62271    46902    46902    86276    12251   138346    22787    81789    92978    64148    87890    83749    58269    28838    91663    10980    40031    46902    74350    57216    62271    15773    83592    52899    96545    76927    13157    39651   117285    24072   139938    77522   136842   122803    86145    82126    24072    62271    76859    76859    65992    58159   128535    76927    79673        0    81062    58159    58159   100883    86276    58269    58905    74350   155543    79456     2876   132637   119085    86276    75149    39651    84527   119085    16396    57216    16396    78304    81062    64610    71546    13764 
   65687    83524        0    28973    33006    47899    77514    42060    73641    77495    33006    59406    69398    67926    57885    44330    21831    31439    69398    72248    77495    50903    69823    78457    78801    75528    66278    48680    47889    11885    43757    61708    34218    57437    64977    65211    78286    65820    72413    48199    58384    80999    44642    65820    70583    57437    53043    77495    68729    60934    78286    83524    74554    48199    61376    23281    68952    57885    54536    32327    61460    69503    64977    45880    53290    72636        0    65820    78541    83524    72248    23281    57885    57885    22771    78682    53290    68952    64847    60509    20775    22236    14785    28692    55996    45880    68350    42496    57885    61546    37092    23281    72988    59364    31439    52360    54366    77514    53382    32739    59406    55252    58059    40552    37977    55759    10385    59406    23281    36478    36478    50903    48680    43757    54366    57682    83524    21905    48680    48680    54536    22771    28692    33006    61546    70487    48662    80999    47899    34286    22771    44330    53382    53043    34286    70003    37092    70003    25250    21905    25303    51488    72248 
   68265   114152    28973        0    53013    21536   107391    43730    75850   108134    53013    78576    99299    91579    71289    48772    30367    54395    99299   102393   108134    54413    72032   108358   108772   105429    69182    62216    35885    19661    24444    64065    55979    59801    67555    67557   108187    89493   110535    28886    60962   111627    46759    89493   101340    59801    55874   108134   103461    63299   108187   114152   105027    28886    63955    45844    92554    71289    56749    22062    85130   111255    67555    48376    27245   103410    28973    89493   109049   114152   102393    45844    71289    71289    19813   108794    27245    92554    67252    63087    42536    29057    24497    50156    76168    48376   114581    65483    71289    64608    57747    45844   102889    61942    54395    55994    57876   107391    78137     5703    78576    28838    61596    24971    18712    57944    38531    78576    45844    38977    38977    54413    62216    24444    57876    63793   114152    35300    62216    62216    56749    19813    50156    53013    64608    44442    51436   111627    21536    14995    19813    48772    78137    55874    14995   100762    57747   100762    34088    35300    42948    55091   102393 
   90924    58905    33006    53013        0    71230    52598    64227    98509    53342        0    34824    42524    55463    50255    68243    33347     6006    42524    47629    53342    79522    95219    53566    54182    50637   119505    72400    80888    34526    76039    86724    35204   101294    90214   109051    53395    50759    48798    80481    83621    56835    69418    50759    45969   101294    78440    53342    44519   105824    53395    58905    48508    80481   105448    10518    52076    50255    79408    61173    48944    45045    90214    71035    76939    48039    33006    50759    48900    58905    47629    10518    50255    50255    33718    54002    76939    52076    96260   106509    34054    47473    29856     7610    32381    71035    43769    18882    50255    87880     5020    10518    47518    97123     6006    77757    90458    52598    51852    55396    34824   108160    91414    72773    64740    99676    28223    34824    10518    61635    61635    79522    72400    76039    90458    93203    58905    48801    72400    72400    79408    33718     7610        0    87880    94136    74095    56835    71230    66589    33718    68243    51852    78440    66589    45421     5020    45421    26549    48801    11250    73452    47629 
   87191   132637    47899    21536    71230        0   126627    62783    76387   126608    71230    97795   118225   118378    90254    67697    44180    72501   118225   121361   126608    73339    91374   127284   127914   124355    87829    81049    48748    37734    24895    83260    74905    78727    86481    86763   127113   108419   129461    36355    79888   130112    65685   108419   122946    78727    74595   126608   124109    82486   127113   132637   123667    36355    82880    63238   111480    90254    76088    40987   104056   129496    86481    67301    18384   123667    47899   108419   127653   132637   121361    63238    90254    90254    34631   127720    18384   111480    86398    82013    61461    47983    42604    68584    97090    67301   133549    83590    90254    83534    76149    63238   121815    80868    72501    73912    76802   126627   103834    16803    97795    15474    80564    34840    22533    77310    57520    97795    63238    57902    57902    73339    81049    24895    76802    82719   132637    54226    81049    81049    76088    34631    68584    71230    83534    33286    70213   130112        0    18843    34631    67697   103834    74595    18843   121034    76149   121034    52194    54226    61217    73993   121361 
   98062    13157    77514   107391    52598   126627        0    67115   112926     7128    52598    17800    11963    17845    40797    69139    79895    46889    11963     6371     7128    59982   105830     2566     3167     3788    99720    51746   117505    81075   122525    93862    46674    81754   106298    89446     6728    16609    13400   126617    87573    10632    86858    16609     6618    81754    78313     7128    16304    85169     6728    13157     7973   126617    85907    55965    14904    40797    94874    95813    20813    14389   106298    85653   132336     9741    77514    16609    11541    13157     6371    55965    40797    40797    79770     3235   132336    14904    75606    86969    58139    81880    77740    51964    22828    85653    18294    34022    40797    68340    50912    55965     6793    77582    46889    90266    70918        0    33642   111157    17800   133929    70760   130832   116394    79717    76116    17800    55965    70849    70849    59982    51746   122525    70918    73663    13157    75052    51746    51746    94874    79770    51964    52598    68340   149533    73830    10632   126627   113076    79770    69139    33642    78313   113076     9570    50912     9570    72294    75052    58601    65297     6371 
   36409    73112    42060    43730    64227    62783    67115        0    43795    67858    64227    62278    59023    58404    34490     5409    63261    58221    59023    61837    67858    13406    39976    68082    68389    65153    37325    22327    43522    50005    58681    32208    33198    27944    35499    35701    67911    56319    70259    63123    29105    71351    14703    56319    61065    27944    24220    67858    63185    31231    67911    73112    64142    63123    32098    57673    59380    34490    24693    33172    51956    70979    35499    14058    68492    63134    42060    56319    68773    73112    61837    57673    34490    34490    56932    68518    68492    59380    31820    31231    30350    23252    51722    62898    52244    14058    74025    59328    34490    23405    62946    57673    62613    21785    58221    22434    16869    67115    44962    47432    62278    70085    20663    50662    52949    26087    42637    62278    57673     5113     5113    13406    22327    58681    16869    19800    73112    24271    22327    22327    24693    56932    62898    64227    23405    85689     9955    71351    62783    49231    56932     5409    44962    24220    49231    61509    62946    61509    61780    24271    59555    14083    61837 
   15995   118935    73641    75850    98509    76387   112926    43795        0   112906    98509   107340   104811   104676    80940    39131    94843    97228   104811   107659   112906    59555     7073   113870   114212   110941    35216    74834    35667    85230    62480    19064    75716    36818     8537    44530   113699   103487   116047    50651    28802   116410    29515   103487   109245    36818    34507   112906   110408    34350   113699   118935   109965    50651    32054    88785   106548    80940    20348    45589    99125   115794     8537    32669    64425   109965    73641   103487   113952   118935   107659    88785    80940    80940    92175   114306    64425   106548    44166    31839    74863    54834    83304    94195   107037    32669   119848   124025    80940    54040   102595    88785   108401    40728    97228    24407    56618   112926    90132    63496   107340    77025    55748    42347    54878    35468    73958   107340    88785    49208    49208    59555    74834    62480    56618    42580   118935    62127    74834    74834    20348    92175    94195    98509    54040    67845    35808   116410    76387    59288    92175    39131    90132    34507    59288   107332   102595   107332    93362    62127    90806    49862   107659 
   98043     6514    77495   108134    53342   126608     7128    67858   112906        0    53342    18543    15263    22258    41540    69120    79876    46870    15263     6106        0    59963   106573     5786     9165     4594   100463    52489   118249    81055   122506    93842    46654    81734   106279    90189     2794    22094     7999   126948    87554     3989    86839    22094     7867    81734    79056        0    17047    85913     2794     6514     5835   126948    85888    56708    16758    41540    94854    95794    24425    12329   106279    85634   132317    11627    77495    22094     5817     6514     6106    56708    41540    41540    80247     6222   132317    16758    76349    86949    58119    81861    77720    52240    22809    85634    13876    34002    41540    68320    51655    56708     9743    77563    46870    91009    70898     7128    33622   111900    18543   133909    71503   130813   117137    80460    76097    18543    56708    70830    70830    59963    52489   122506    70898    73643     6514    75033    52489    52489    94854    80247    52240    53342    68320   149513    73427     3989   126608   113056    80247    69120    33622    79056   113056    10342    51655    10342    72274    75033    58581    66040     6106 
   90924    58905    33006    53013        0    71230    52598    64227    98509    53342        0    34824    42524    55463    50255    68243    33347     6006    42524    47629    53342    79522    95219    53566    54182    50637   119505    72400    80888    34526    76039    86724    35204   101294    90214   109051    53395    50759    48798    80481    83621    56835    69418    50759    45969   101294    78440    53342    44519   105824    53395    58905    48508    80481   105448    10518    52076    50255    79408    61173    48944    45045    90214    71035    76939    48039    33006    50759    48900    58905    47629    10518    50255    50255    33718    54002    76939    52076    96260   106509    34054    47473    29856     7610    32381    71035    43769    18882    50255    87880     5020    10518    47518    97123     6006    77757    90458    52598    51852    55396    34824   108160    91414    72773    64740    99676    28223    34824    10518    61635    61635    79522    72400    76039    90458    93203    58905    48801    72400    72400    79408    33718     7610        0    87880    94136    74095    56835    71230    66589    33718    68243    51852    78440    66589    45421     5020    45421    26549    48801    11250    73452    47629 
   92476    24072    59406    78576    34824    97795    17800    62278   107340    18543    34824        0     7726    20665    35307    63553    61824    28818     7726    12796    18543    54396   100267    18768    19349    15839    94379    46909   112668    63003    93693    88276    31163    76168   100712    83924    18597    15961    16854    98135    81987    22037    81273    15961    11171    76168    72931    18543    13291    80332    18597    24072    13675    98135    80322    38156    17278    35307    89288    90227    18292    16855   100712    80067   103504    13241    59406    15961    17724    24072    12796    38156    35307    35307    62195    19204   103504    17278    70769    81383    36373    76294    59668    34188     4757    80067    20681    15950    35307    62754    33135    38156    12719    71996    28818    85429    65332    17800    28056    82444        0   105097    65923   125246    87961    74549    54296        0    38156    65263    65263    54396    46909    93693    65332    68077    24072    69466    46909    46909    89288    62195    34188    34824    62754   120701    67861    22037    97795    84243    62195    63553    28056    72931    84243    10588    33135    10588    54223    69466    40529    59950    12796 
   89515    21292    69398    99299    42524   118225    11963    59023   104811    15263    42524     7726        0    14482    32705    60811    69315    36518        0     7216    15263    51651    97738    14605    12181    13509    91628    43654   109414    72389   114083    85315    38479    73580    97778    81355     9998     9796    13891   118525    78762    18767    84063     9796     4988    73580    70221    15263     7138    77078     9998    21292     8419   118525    77734    45891    11134    32705    86513    88729    12109    14248    97778    77287   123616     7041    69398     9796    12406    21292     7216    45891    32705    32705    69695    16450   123616    11134    67514    78107    49944    73495    67282    41889    12492    77287    18302    23642    32705    59082    40838    45891     7239    69266    36518    82175    62485    11963    24381   103065     7726   125578    62668   122397   108303    71625    61988     7726    45891    65458    65458    51651    43654   114083    62485    65406    21292    66680    43654    43654    86513    69695    41889    42524    59082   140813    65739    18767   118225   104612    69695    60811    24381    70221   104612     4408    40838     4408    61923    66680    48217    57205     7216 
   89813    28588    67926    91579    55463   118378    17845    58404   104676    22258    55463    20665    14482        0    26392    60890    82495    49489    14482    14858    22258    51733    98500    19637    14391    18221    91715    44416   110176    79369   114276    85612    37085    73505    98049    82117    22311     9207    28983   118718    79324    26062    78609     9207    12630    73505    70983    22258    14962    77840    22311    28588    23404   118718    77658    58830     4744    26392    86624    87564    15132    29972    98049    77404   124087     8746    67926     9207    26971    28588    14858    58830    26392    26392    82866    20019   124087     4744    68276    78719    48550    73631    77336    54860    25428    77404    33725    36622    26392    60091    53777    58830    10170    69333    49489    82937    62668    17845    17333   103026    20665   125679    63430   122583   100583    71886    66528    20665    58830    62600    62600    51733    44416   114276    62668    65414    28588    66803    44416    44416    86624    82866    54860    55463    60091   141283    65197    26062   118378   104826    82866    60890    17333    70983   104826    11003    53777    11003    74894    66803    61201    57967    14858 
   66077    46902    57885    71289    50255    90254    40797    34490    80940    41540    50255    35307    32705    26392        0    36323    68077    44407    32705    35627    41540    27165    78530    41764    42179    38835    67979    19122    69936    66199    86152    61876    22019    49768    74312    57524    41593    24306    43941    90594    55587    45033    45924    24306    34747    49768    51013    41540    26226    57869    41593    46902    37932    90594    53922    53407    27367        0    62888    59440    19943    44662    74312    45278    95963    31655    57885    24306    42456    46902    35627    53407        0        0    68448    42200    95963    27367    48305    54983    34635    45507    62270    49372    25651    45278    47815    38575        0    36354    49133    53407    36295    38481    44407    62966    30923    40797    12949    74903    35307    97556    34695    82887    80293    48149    51462    35307    53407    38032    38032    27165    19122    86152    30923    36496    46902    38679    19122    19122    62888    68448    49372    50255    36354   113160    40630    45033    90254    76702    68448    36323    12949    51013    76702    35299    49133    35299    69406    38679    55713    32719    35627 
   31824    75149    44330    48772    68243    67697    69139     5409    39131    69120    68243    63553    60811    60890    36323        0    64978    62237    60811    63873    69120    14929    35313    69870    70426    66941    31991    23850    38090    58151    63556    27421    37409    23150    30915    30924    69699    58784    72047    67998    24520    72624    10132    58784    65458    23150    18756    69120    66621    26647    69699    75149    66179    67998    27513    61706    62548    36323    20026    36271    54425    72008    30915     9290    73089    66179    44330    58784    70166    75149    63873    61706    36323    36323    65097    70306    73089    62548    30560    26646    34561    25523    55896    67116    56455     9290    76061    63538    36323    24911    66990    61706    64401    19258    62237    17850    18392    69139    46346    52538    63553    75051    22186    51073    57775    21472    46879    63553    61706     9324     9324    14929    23850    63556    18392    21323    75149    28481    23850    23850    20026    65097    67116    68243    24911    90286     5493    72624    67697    54085    65097        0    46346    18756    54085    63546    66990    63546    64051    28481    63728    15616    63873 
   84471    85905    21831    30367    33347    44180    79895    63261    94843    79876    33347    61824    69315    82495    68077    64978        0    34793    69315    74629    79876    69687    91024    80357    81182    77428    87479    71409    68309    13105    47874    82910    52790    78638    83761    86413    80186    77204    75589    52316    77168    83379    62965    77204    73001    78638    74245    79876    71147    82136    80186    85905    75508    52316    80160    25355    78867    68077    75738    46958    75979    71921    83761    67082    50606    75054    21831    77204    79494    85905    74629    25355    68077    68077     8495    80793    50606    78867    86048    79293    39347    41020     9613    30701    59171    67082    70768    45672    68077    82747    38265    25355    74308    78148    34793    73562    73150    79895    68599    32608    61824    52568    79261    54591    42094    76960    24239    61824    25355    55183    55183    69687    71409    47874    73150    79999    85905    42348    71409    71409    75738     8495    30701    33347    82747    67908    69863    83379    44180    38403     8495    64978    68599    74245    38403    72421    38265    72421    14276    42348    23334    72690    74629 
  111597    52899    31439    54395     6006    72501    46889    58221    97228    46870     6006    28818    36518    49489    44407    62237    34793        0    36518    41623    46870    73516    93409    47560    48176    44631   114368    66394    79077    37657    74336   108055    29198    95288    88647   104095    47389    44198    42792    78779   101107    50374    67851    44198    39995    95288    76629    46870    38141    99818    47389    52899    42502    78779    99442    11159    46070    44407    78123    59606    42973    38915    88647    69468    77893    42049    31439    44198    46488    52899    41623    11159    44407    44407    34964    47996    77893    46070    90254   100503    28048    45906    32638     5895    26375    69468    37763    12876    44407    81874     7067    11159    41512    91117        0    75946    84452    46889    44929    56636    28818    79855    85408    71131    68556    94366    26624    28818    11159    60069    60069    73516    66394    74336    84452    87197    52899    42934    66394    66394    78123    34964     5895     6006    81874    95582    72248    50374    72501    64866    34964    62237    44929    76629    64866    39415     7067    39415    27192    42934    13486    67650    41623 
   89515    21292    69398    99299    42524   118225    11963    59023   104811    15263    42524     7726        0    14482    32705    60811    69315    36518        0     7216    15263    51651    97738    14605    12181    13509    91628    43654   109414    72389   114083    85315    38479    73580    97778    81355     9998     9796    13891   118525    78762    18767    84063     9796     4988    73580    70221    15263     7138    77078     9998    21292     8419   118525    77734    45891    11134    32705    86513    88729    12109    14248    97778    77287   123616     7041    69398     9796    12406    21292     7216    45891    32705    32705    69695    16450   123616    11134    67514    78107    49944    73495    67282    41889    12492    77287    18302    23642    32705    59082    40838    45891     7239    69266    36518    82175    62485    11963    24381   103065     7726   125578    62668   122397   108303    71625    61988     7726    45891    65458    65458    51651    43654   114083    62485    65406    21292    66680    43654    43654    86513    69695    41889    42524    59082   140813    65739    18767   118225   104612    69695    60811    24381    70221   104612     4408    40838     4408    61923    66680    48217    57205     7216 
   92796    13764    72248   102393    47629   121361     6371    61837   107659     6106    47629    12796     7216    14858    35627    63873    74629    41623     7216        0     6106    54716   100587     8515     7753     5526    94698    46883   113119    75808   117259    88596    41407    76488   101032    84244     4239    12664     9693   121701    82307    11239    81592    12664     2228    76488    73251     6106    11066    79985     4239    13764     4185   121701    80641    50995    11472    35627    89608    90547    16067    10413   101032    80387   127070     7100    72248    12664     8207    13764        0    50995    35627    35627    75000     8951   127070    11472    70513    81702    52873    76614    72473    46994    17562    80387    14544    28756    35627    63074    45940    50995     5221    72316    41623    85269    65652     6371    28376   106010    12796   128663    66373   125566   111527    74869    70850    12796    50995    65583    65583    54716    46883   117259    65652    68397    13764    69786    46883    46883    89608    75000    46994    47629    63074   144267    68180    11239   121361   107809    75000    63873    28376    73251   107809     5080    45940     5080    67028    69786    53334    60270        0 
   98043     6514    77495   108134    53342   126608     7128    67858   112906        0    53342    18543    15263    22258    41540    69120    79876    46870    15263     6106        0    59963   106573     5786     9165     4594   100463    52489   118249    81055   122506    93842    46654    81734   106279    90189     2794    22094     7999   126948    87554     3989    86839    22094     7867    81734    79056        0    17047    85913     2794     6514     5835   126948    85888    56708    16758    41540    94854    95794    24425    12329   106279    85634   132317    11627    77495    22094     5817     6514     6106    56708    41540    41540    80247     6222   132317    16758    76349    86949    58119    81861    77720    52240    22809    85634    13876    34002    41540    68320    51655    56708     9743    77563    46870    91009    70898     7128    33622   111900    18543   133909    71503   130813   117137    80460    76097    18543    56708    70830    70830    59963    52489   122506    70898    73643     6514    75033    52489    52489    94854    80247    52240    53342    68320   149513    73427     3989   126608   113056    80247    69120    33622    79056   113056    10342    51655    10342    72274    75033    58581    66040     6106 
   43638    65992    50903    54413    79522    73339    59982    13406    59555    59963    79522    54396    51651    51733    27165    14929    69687    73516    51651    54716    59963        0    52483    60711    61269    57782    46372    10389    54205    63793    69197    40059    39239    28324    42897    36099    60540    49627    62888    73640    33149    63466    24543    49627    56301    28324    17525    59963    57464    31822    60540    65992    57022    73640    32478    66415    53389    27165    30339    43672    45267    62850    42897    21906    78730    57022    50903    49627    61008    65992    54716    66415    27165    27165    70738    61149    78730    53389    18968    26824    43645    31970    60606    78673    53161    21906    66904    70866    27165    10536    78269    66415    55241    11692    73516    26001     3993    59982    37189    58179    54396    80692     7811    62196    63417    26370    51589    54396    66415    17152    17152        0    10389    69197     3993     9897    65992    37471    10389    10389    30339    70738    78673    79522    10536    95927    19857    63466    73339    59727    70738    14929    37189    17525    59727    54389    78269    54389    70498    37471    68437     5789    54716 
    8923   111863    69823    72032    95219    91374   105830    39976     7073   106573    95219   100267    97738    98500    78530    35313    91024    93409    97738   100587   106573    52483        0   106797   107140   103868    30157    67762    30245    78596    63325    12423    71897    29746     5060    37502   106627    96415   108974    56908    21730   110067    25696    96415    99780    29746    30429   106573   101900    27278   106627   111863   102893    56908    24982    84966    99476    78530    16533    46023    92052   109695     5060    28850    70682   101850    69823    96415   107489   111863   100587    84966    78530    78530    85523   107234    70682    99476    37093    24766    71044    51015    79485    90661    99964    28850   112775   116952    78530    46968    99044    84966   101328    33656    93409    20588    49546   105830    85058    76023   100267    83281    48676    46879    61150    27889    70400   100267    84966    45389    45389    52483    67762    63325    49546    35507   111863    58308    67762    67762    16533    85523    90661    95219    46968    74430    31910   110067    91374    65537    85523    35313    85058    30429    65537   100260    99044   100260    89543    58308    87318    42856   100587 
   98575    11815    78457   108358    53566   127284     2566    68082   113870     5786    53566    18768    14605    19637    41764    69870    80357    47560    14605     8515     5786    60711   106797        0     5009     1539   100687    52714   118473    83431   123142    94374    47538    82639   106837    90414     5397    19930    12007   127584    87821     9290    93123    19930     8761    82639    79280     5786    17271    86137     5397    11815     6535   127584    86793    56933    17832    41764    95573    95136    22242    12802   106837    86347   132675    12685    78457    19930    10198    11815     8515    56933    41764    41764    80737     2215   132675    17832    76573    87167    59003    82554    78324    52931    23534    86347    16856    34684    41764    68141    51880    56933    10848    78325    47560    91234    71544     2566    33440   112124    18768   134637    71727   131456   117362    80685    76964    18768    56933    74517    74517    60711    52714   123142    71544    74466    11815    75739    52714    52714    95573    80737    52931    53566    68141   149872    74798     9290   127284   113672    80737    69870    33440    79280   113672    11400    51880    11400    71616    75739    59259    66265     8515 
   99349    15752    78801   108772    54182   127914     3167    68389   114212     9165    54182    19349    12181    14391    42179    70426    81182    48176    12181     7753     9165    61269   107140     5009        0     5129   101251    53127   118887    82361   123812    95149    47960    83041   107585    90797     9219    16828    15891   128254    88860    12659    88145    16828     7984    83041    79804     9165    16032    86551     9219    15752    10568   128254    87194    57548    13688    42179    96160    97100    21032    16880   107585    86940   133623     9031    78801    16828    14405    15752     7753    57548    42179    42179    81553     5678   133623    13688    77066    88255    59426    83167    79026    53546    24115    86940    20889    35308    42179    69627    52493    57548     5348    78869    48176    91822    72205     3167    34928   112563    19349   135215    72141   132119   118080    81422    77403    19349    57548    72136    72136    61269    53127   123812    72205    74950    15752    76339    53127    53127    96160    81553    53546    54182    69627   150820    74733    12659   127914   114362    81553    70426    34928    79804   114362     8501    52493     8501    73581    76339    59887    66823     7753 
   96289    10623    75528   105429    50637   124355     3788    65153   110941     4594    50637    15839    13509    18221    38835    66941    77428    44631    13509     5526     4594    57782   103868     1539     5129        0    97758    49784   115544    80502   120213    91445    44609    79710   103908    87485     4213    17001    10885   124655    84892     8098    90194    17001     5772    79710    76351     4594    14342    83208     4213    10623     5439   124655    83864    54004    14005    38835    92644    94040    19313    11706   103908    83417   129746     7744    75528    17001     9006    10623     5526    54004    38835    38835    77808     3192   129746    14005    73644    84238    56074    80107    75395    50002    20605    83417    15760    31755    38835    65212    48951    54004     5906    75396    44631    88305    68615     3788    30511   109195    15839   131708    68798   128527   114433    77756    74035    15839    54004    71588    71588    57782    49784   120213    68615    71536    10623    73279    49784    49784    92644    77808    50002    50637    65212   146943    71869     8098   124355   110743    77808    66941    30511    76351   110743     7573    48951     7573    70520    73279    56330    63335     5526 
   20353   105974    66278    69182   119505    87829    99720    37325    35216   100463   119505    94379    91628    91715    67979    31991    87479   114368    91628    94698   100463    46372    30157   100687   101251    97758        0    61873    46081    75052    83727    16152    91980    10279    31754    10161   100516    90305   102864    75026    10256   103449    24469    90305    96284    10279    20887   100463    95790     9711   100516   105974    97004    75026     6201    82116    93366    67979    22774    49315    85942   103585    31754    24405    93538    97005    66278    90305   100991   105974    94698    82116    67979    67979    81978   101123    93538    93366    16559     7866    67499    47470    75940    87117    93854    24405   106887   110842    67979    40858   118252    82116    95218    23852   114368    18842    43436    99720    78948    72948    94379    95131    42787    58732    71753    12798    66856    94379    82116    41845    41845    46372    61873    83727    43436    25703   105974    54764    61873    61873    22774    81978    87117   119505    40858   102113    28589   103449    87829    74278    81978    31991    78948    20887    74278    94371   118252    94371    85998    54764    83773    33617    94698 
   59971    58159    48680    62216    72400    81049    51746    22327    74834    52489    72400    46909    43654    44416    19122    23850    71409    66394    43654    46883    52489    10389    67762    52714    53127    49784    61873        0    60862    56994    76947    55771    31242    43663    68207    51419    52543    42331    54890    81389    49482    55983    33452    42331    45696    43663    26504    52489    47816    48157    52543    58159    49189    81389    47816    58181    45392    19122    56782    50235    37968    55611    68207    32069    86758    47766    48680    42331    53405    58159    46883    58181    19122    19122    63921    53150    86758    45392    29133    48877    35389    36302    59870    71359    45880    32069    59071    62868    19122    20683    71120    58181    47244    21705    66394    52444    14147    51746    30974    65698    46909    88351    17799    73682    71215    42044    50785    46909    58181    26073    26073    10389        0    76947    14147    19720    58159    29474        0        0    56782    63921    71359    72400    20683   103955    28158    55983    81049    67498    63921    23850    30974    26504    67498    46556    71120    46556    69928    29474    60216    15943    46883 
   33485   124267    47889    35885    80888    48748   117505    43522    35667   118249    80888   112668   109414   110176    69936    38090    68309    79077   109414   113119   118249    54205    30245   118473   118887   115544    46081    60862        0    57603    34789    33052    70156    40508    24612    48265   118302   108090   120650    30718    36274   121742    28473   108090   111455    40508    38045   118249   113576    44006   118302   124267   115142    30718    41733    70952   111151    69936    22749    19757   103728   121370    24612    31628    49047   113525    47889   108090   119164   124267   113119    70952    69936    69936    57755   118909    49047   111151    47960    38533    56712    36684    54825    76330   111640    31628   125018    86101    69936    47649    84712    70952   113004    44419    79077    26808    61221   117505    96734    35701   112668    56050    45085    14424    27133    38651    56069   112668    70952    38769    38769    54205    60862    34789    61221    46270   124267    43977    60862    60862    22749    57755    76330    80888    47649    58516    34688   121742    48748    31520    57755    38090    96734    38045    31520   110877    84712   110877    72030    43977    72987    54883   113119 
   77645    87084    11885    19661    34526    37734    81075    50005    85230    81055    34526    63003    72389    79369    66199    58151    13105    37657    72389    75808    81055    63793    78596    83431    82361    80502    75052    56994    57603        0    37167    70482    44761    69181    76935    73985    83260    80624    78663    41610    70341    84559    56139    80624    74181    69181    61817    81055    72326    69708    83260    87084    76687    41610    73334    26534    81941    66199    63310    35277    72071    73101    76935    57755    43159    76234    11885    80624    80674    87084    75808    26534    66199    66199    11734    83867    43159    81941    73621    72467    31317    32778     5107    31881    62246    57755    71948    48746    66199    73987    39445    26534    77382    71321    37657    61134    67256    81075    64825    21902    63003    45121    67786    43849    31387    64532    20465    63003    26534    48356    48356    63793    56994    37167    67256    73172    87084    30176    56994    56994    63310    11734    31881    34526    73987    60640    57436    84559    37734    27697    11734    58151    64825    61817    27697    73601    39445    73601    16325    30176    24513    61216    75808 
