dep54 0 0 60
**************************************DATA
15 172 480 8 1.33
**************************************DISTANCE
       0    17945    43747    30480   118552    54219    17945    14488    46233    17945    18701    39720    21009    79708    16396    14488    23444    11449    20743    10321    11449    20703     9430    35055    24733    24733   111905    23719   110997    20268    36855    39720    53106    46305    39065    32373    39720   123804    17444    58518    20906    21755   130194    11449    28245    47100    46233   121833    13836    32314    37392    28341    35055   121984    60749    81096    16492    54908    23444   131346    26152    26152    33267   132456    24733    38950    77355   114621    38115   111487    79708    15962    32373    38115    32373   132818   114621    13438    15953    77355    40549    13969    14380   121833    15953   118552   132818    44845    81096    46233   130976    25976   111905    29672    17945    47292    25976    16662   120710    28518    77355    53106    44845    39720    28518    52110   130992    18302    27902    49604    37392    38115   134135    51866   121148    86920    83102    81658    32536    13663    51548    33467    86806    89971    84468    13969    58518    50040    86920    47292    14488    14380    17945    83102   122010    84262    44196   130976    83102    97812    17444    32251    42860    20906    35630    83102     9430    67885    53106   107176    18302    43292    24160    49604    39720   138711    50582    58518    50040    51866    53520    42860   146643   121984    28245    20703   111336    77355    83188   154353    45110   136096   122010 
   17945        0    36726    40729   103978    47255        0    19202    41894        0    30888    43770    32617    75078    19196    19202    30760    17273    32357    28069    17273    17813    25166    31778    22586    22586    97331    36789    96422    17433    20011    43770    49829    24137    35788    10668    43770   109229     9696    53167    22159     9009   115620    17273    24513    43823    41894   102887    21622    29037    20145    11753    31778   107410    57472    76466    23809    40334    30760   116771     8905     8905    16712   115579    22586    35673    73170    97776    21271    94643    75078     7982    10668    21271    10668   118244    97776    20276    28146    73170    28817    21286    18095   102887    28146   103978   118244    30271    76466    41894   116402    23830    97331    11112        0    41335    23830    24793   106136    13944    73170    49829    30271    43770    13944    48833   116418    30137    24625    35029    20145    21271   119560    48589   106574    68393    64569    67084    16460    26400    36973    29471    83427    71508    67623    21286    53167    45411    68393    41335    19202    18095        0    64569   107435    79632    40077   116402    64569    83237     9696    15655    26016    22159    16183    64569    25166    63255    49829    92602    30137    27429    12965    35029    43770   124136    47305    53167    45411    48589    50243    26016   132069   107410    24513    17813    96761    73170    68613   137178    26434   121521   107435 
   43747    36726        0    39301   135279    11445    36726    45003    73195    36726    56689    22070    31189    42192    24801    45003    35154    45447    30929    42871    45447    26153    48809     5202    22675    22675   128632    35362   127723    49122    49103    22070    16577    21232     8144    16852    22070   140530    27605    14997    20731    41907   146920    45447    18900     8013    73195   134187    47424     6657    29930    40589     5202   138711    24220    43580    24071    71635    35154   148072    23485    23485    48013   144704    22675     4828    39839   126869    50363   123735    42192    33903    16852    50363    16852   149544   126869    38237    53948    39839    60118    26805    30121   134187    53948   135279   149544    61571    43580    73195   147703    23918   128632    24234    36726     5525    23918    29851   137437    45245    39839    16577    61571    22070    45245    13533   147719    54024    20785    66330    29930    50363   150861    15337   137874    99694    95870    98385    13384    52202    68274    58564    49291   102219    96716    26805    14997    19889    99694     5525    45003    30121    36726    95870   138736    46746     7893   147703    95870   114538    27605    16730    55108    20731    20109    95870    48809    30369    16577   123902    54024    37213    18812    66330    22070   155437    12142    14997    19889    15337    13712    55108   163370   138711    18900    26153   128062    39839    99914   166601    24469   152822   138736 
   30480    40729    39301        0   137241    49773    40729    46071    75374    40729    43356    17015    12928    75262    19714    46071    16945    49450    11279    33396    49450    25826    33179    32072    25304    25304   130704    22155   129684    50840    53106    17015    44672    41844    36080    31510    17015   142482    28140    54072    20174    43599   148548    49450    23784    46340    75374   138084    34028    29372    44480    44592    32072   140299    57256    76650    20269    73629    16945   154031    43693    43693    49518   148707    25304    34031    55851   130872    54367   127738    75262    34886    31510    54367    31510   150984   130872    23282    36449    55851    64020    17010    20598   138084    36449   137241   150984    63846    76650    75374   149608    24869   130704    38226    40729    42847    24869    17696   139331    46757    55851    44672    63846    17015    46757    47352   150824    34584    25638    68289    44480    54367   153046    48417   138942   103171    99353   101933    31415    36712    70225    62567    82361   106222   100719    17010    54072    18986   103171    42847    46071    20598    40729    99353   140662    79816    39750   149608    99353   117874    28140    31181    59111    20174    34581    99353    33179    63439    44672   125787    34584    51764    32049    68289    17015   157899    47783    54072    18986    48417    47633    59111   165486   140299    23784    25826   125002    55851   103446   170604    44230   156178   140662 
  118552   103978   135279   137241        0   145750   103978   122246    53187   103978   133304   139601   125816   171239   114904   122246   126392   106691   128869   130857   106691   114325   127690   128290   121296   121296     4776   133301    10335   106658    89631   139601   140649   116483   132057   105949   139601    22841   105470   150049   117712   102698    31556   106691   119776   142318    53187    14481   123992   125349   102444    96159   128290    23307   153233   172627   119436    51967   126392    25221   101111   101111   101085    34554   121296   130008   168886    10849    91749     8559   171239   103890   105949    91749   105949    33993    10849   126436   130556   168886    86565   116912   120224    14481   130556        0    33993    82435   172627    53187    32616   120862     4776   103342   103978   138824   120862   120113     6646    98324   168886   140649    82435   139601    98324   143329    33832   132905   121137    84544   102444    91749    36055   144394    22469    23084    25893    29277   127407   128266    52877    84137   178338    22702    24872   116912   150049   141571    23084   138824   122246   120224   103978    25893    12251   175793   135728    32616    25893    22611   105470   110544    80498   117712   111145    25893   127690   159416   140649    12419   132905    95167   107900    84544   139601    40907   143760   150049   141571   144394   143610    80498    36031    23307   119776   114325     6731   168886    22694    43852   108555    39186    12251 
   54219    47255    11445    49773   145750        0    47255    55475    83666    47255    67161    31475    41661    42024    35331    55475    45626    55976    41401    53343    55976    36625    59338    14969    33147    33147   139103    45833   138194    59593    59633    31475    16039    18754    10236    26133    31475   151002    29668    13570    31203    52378   157392    55976    24072     8516    83666   144659    57895    15938    33338    51118    14969   149182    22380    41744    34543    82106    45626   158544    33405    33405    39101   155233    33147    15429    38003   137398    60893   134265    42024    44375    26133    60893    26133   160016   137398    48709    62205    38003    70589    37276    40650   144659    62205   145750   160016    72043    41744    83666   158174    34390   139103    30672    47255     6201    34390    40322   147908    55716    38003    16039    72043    31475    55716    12729   158190    64554    31256    76802    33338    60893   161333    14799   148346   110166   105879   108856    22665    59914    78745    69093    49123   112748   107245    37276    13570    29234   110166     6201    55475    40650    47255   105879   149207    46578    18659   158174   105879   125010    29668    24849    65638    31203    21880   105879    59338    28533    16039   134374    64554    34948    24700    76802    31475   165909     9429    13570    29234    14799    10061    65638   173841   149182    24072    36625   138534    38003   110386   177130    21397   163294   149207 
   17945        0    36726    40729   103978    47255        0    19202    41894        0    30888    43770    32617    75078    19196    19202    30760    17273    32357    28069    17273    17813    25166    31778    22586    22586    97331    36789    96422    17433    20011    43770    49829    24137    35788    10668    43770   109229     9696    53167    22159     9009   115620    17273    24513    43823    41894   102887    21622    29037    20145    11753    31778   107410    57472    76466    23809    40334    30760   116771     8905     8905    16712   115579    22586    35673    73170    97776    21271    94643    75078     7982    10668    21271    10668   118244    97776    20276    28146    73170    28817    21286    18095   102887    28146   103978   118244    30271    76466    41894   116402    23830    97331    11112        0    41335    23830    24793   106136    13944    73170    49829    30271    43770    13944    48833   116418    30137    24625    35029    20145    21271   119560    48589   106574    68393    64569    67084    16460    26400    36973    29471    83427    71508    67623    21286    53167    45411    68393    41335    19202    18095        0    64569   107435    79632    40077   116402    64569    83237     9696    15655    26016    22159    16183    64569    25166    63255    49829    92602    30137    27429    12965    35029    43770   124136    47305    53167    45411    48589    50243    26016   132069   107410    24513    17813    96761    73170    68613   137178    26434   121521   107435 
   14488    19202    45003    46071   122246    55475    19202        0    31343    19202    23170    49326    35541    80964    24629        0    35375     9519    37800    20722     9519    25500    17555    37774    31021    31021   115709    31832   114689    13552    21821    49326    50374    47561    41782    23299    49326   127487    20736    59774    27437    16936   133553     9519    29501    52042    31343   123089     8766    35074    39841    29597    37774   125304    62958    82352    29160    37639    35375   139036    28698    28698    34523   133712    31021    39733    78611   115877    28759   112744    80964    20056    23299    28759    23299   135989   115877    26132    20422    78611    25114    26637    18066   123089    20422   122246   135989    26985    82352    31343   134613    30587   115709    30929    19202    48549    30587    29838   124336    31762    78611    50374    26985    49326    31762    53054   135829    22770    35493    32299    39841    28759   138051    54119   123097    88176    84358    57486    37132    13707    34235    25608    88063    91227    85724    26637    59774    51296    88176    48549        0    18066    19202    84358   125667    85518    45452   134613    84358   102879    20736    36898    27910    27437    40298    84358    17555    69141    50374   110792    22770    35937    25416    32299    49326   142904    53485    59774    51296    54119    53335    27910   150491   125304    29501    25500   110007    78611    88451   155609    46367   141183   125667 
   46233    41894    73195    75374    53187    83666    41894    31343        0    41894    39611    77517    63732   109155    52820    31343    64308    37511    67002    46060    37511    52458    42893    66424    59212    59212    53653    55698    47193    37478    24883    77517    78565    54399    69973    43865    77517    99641    43386    87965    55628    40614   105706    37511    57692    80234        0    95243    33841    63265    40975    34075    66424    98212    91149   110543    57352    14120    64308    71988    39027    39027    39001   105866    59212    67924   106802    88031    29992    49916   109155    41806    43865    29992    43865   108143    88031    51471    43146   106802    13461    54828    58140    95243    43146    53187   108143    12783   110543        0   106767    58778    53653    41258    41894    76740    58778    58029    56840    36240   106802    78565    12783    77517    36240    81245   107983    48109    59270    12660    40975    29992   110205    82310    97376    35098    31280    23974    65323    37243    12991    16718   116254    34528    35914    54828    87965    79488    35098    76740    31343    58140    41894    31280    53655   113709    73644   106767    31280    40409    43386    48460    18597    55628    49061    31280    42893    97332    78565    43295    48109    33697    45816    12660    77517   115058    81676    87965    79488    82310    81526    18597    73759    98212    57692    52458    47497   106802    30904    81580    47086   113336    53655 
   17945        0    36726    40729   103978    47255        0    19202    41894        0    30888    43770    32617    75078    19196    19202    30760    17273    32357    28069    17273    17813    25166    31778    22586    22586    97331    36789    96422    17433    20011    43770    49829    24137    35788    10668    43770   109229     9696    53167    22159     9009   115620    17273    24513    43823    41894   102887    21622    29037    20145    11753    31778   107410    57472    76466    23809    40334    30760   116771     8905     8905    16712   115579    22586    35673    73170    97776    21271    94643    75078     7982    10668    21271    10668   118244    97776    20276    28146    73170    28817    21286    18095   102887    28146   103978   118244    30271    76466    41894   116402    23830    97331    11112        0    41335    23830    24793   106136    13944    73170    49829    30271    43770    13944    48833   116418    30137    24625    35029    20145    21271   119560    48589   106574    68393    64569    67084    16460    26400    36973    29471    83427    71508    67623    21286    53167    45411    68393    41335    19202    18095        0    64569   107435    79632    40077   116402    64569    83237     9696    15655    26016    22159    16183    64569    25166    63255    49829    92602    30137    27429    12965    35029    43770   124136    47305    53167    45411    48589    50243    26016   132069   107410    24513    17813    96761    73170    68613   137178    26434   121521   107435 
   18701    30888    56689    43356   133304    67161    30888    23170    39611    30888        0    61467    42658    92650    36315    23170    36591    26565    42398    17914    26565    35511    21213    49476    40284    40284   126657    33305   125749    30430    49797    61467    67527    59247    53485    35412    61467   138556    32196    71460    39856    39932   144946    26565    41187    61520    39611   134775    16111    46735    52144    41283    49476   136736    75170    94038    41506    69660    36591   146098    40904    40904    46209   145398    40284    53370    90297   127563    51058   124430    92650    31646    35412    51058    35412   147570   127563    23324     7935    90297    42823    38983    30678   134775     7935   133304   147570    59597    94038    39611   145728    41527   126657    42615    30888    60235    41527    42491   135462    43270    90297    67527    59597    61467    43270    66531   145744    14726    42323    64356    52144    51058   148887    66286   135900    97720    96044    61499    48087     6667    66299    43561    99749   102913    97410    38983    71460    62982    97720    60235    23170    30678    30888    96044   136762    97204    57139   145728    96044   112564    32196    47802    55803    39856    51181    96044    21213    80827    67527   121928    14726    58044    37102    64356    61467   153463    65002    71460    62982    66286    67941    55803   161395   136736    41187    35511   126088    90297    97940   167295    58053   150848   136762 
   39720    43770    22070    17015   139601    31475    43770    49326    77517    43770    61467        0    26298    51328    31845    49326    38015    52490    33854    40685    52490    28784    55853    29822    28344    28344   132954    38286   132725    53881    56147        0    19302    44884    29529    34542        0   145523    31180    27073    23215    46639   151588    52490    25378    29232    77517   141125    51746    22768    47521    47632    29822   143033    34059    44964    23224    76669    38015   157072    46733    46733    52558   151747    28344    17537    40060   133912    57407   130779    51328    37926    34542    57407    34542   154025   133912    36373    58719    40060    67060    25958    29838   141125    58719   139601   154025    66887    44964    77517   152648    27910   132954    41267    43770    26751    27910    29728   142372    49797    40060    19302    66887        0    49797    24859   152041    61068    28893    71330    47521    57407   156087    23408   142197   106211   102394   104973    26298    56429    72596    65608    58426   109262   103759    25958    27073     3196   106211    26751    49326    29838    43770   102394   143703    55882    16234   152648   102394   120915    31180    34420    62152    23215    37799   102394    55853    39505    19302   128827    61068    54805    35090    71330        0   160940    23330    27073     3196    23408    26141    62152   168526   143033    25378    28784   128043    40060   106486   173645    47270   159218   143703 
   21009    32617    31189    12928   125816    41661    32617    35541    63732    32617    42658    26298        0    67150    10237    35541    10153    41338     4419    18435    41338    14549    24447    22261    13117    13117   119169    10423   118260    39659    44994    26298    40312    33732    26271    20757    26298   131067    18047    45960     9290    32444   137457    41338    14659    34305    63732   129972    37961    19520    33834    36480    22261   129248    47955    68538     6822    62172    10153   138609    33415    33415    41406   140595    13117    26155    64797   122760    46255   119627    67150    24440    20757    46255    20757   140082   122760    13801    32519    64797    50655     7539    11122   129972    32519   125816   140082    52109    68538    63732   138240    14360   119169    30114    32617    34735    14360     8221   127974    35782    64797    40312    52109    26298    35782    39316   138256    29285    15108    56867    33834    46255   141398    39071   128412    90231    91241    88922    20920    33963    58811    54455    74249    98110    92607     7539    45960    22754    90231    34735    35541    11122    32617    91241   129273    71704    31639   138240    91241   105075    18047    20635    51000     9290    24014    91241    24447    55327    40312   114440    29285    41118    23937    56867    26298   145974    37787    45960    22754    39071    40726    51000   153907   129248    14659    14549   118599    64797    90451   162492    36118   143359   129273 
   79708    75078    42192    75262   171239    42024    75078    80964   109155    75078    92650    51328    67150        0    62584    80964    71115    86064    66890    78832    86064    62114    86929    47074    58636    58636   164592    71322   163683    85082    89721    51328    35892    53623    50016    66276    51328   176491    63566    28845    56692    77867   182881    86064    54861    50745   109155   170148    83384    50622    79353    79015    47074   174671    25570    23711    60032   107595    71115   184033    78839    78839    83974   182841    58636    44905    22697   167486    90981   164353        0    69864    66276    90981    66276   185505   167486    74198    89908    22697    96078    62765    65174   170148    89908   171239   185505    97532    23711   109155   183663    59879   164592    73658    75078    41935    59879    65811   173397    81205    22697    35892    97532    51328    81205    35386   183679    92257    56745   102291    79353    90981   186822    34477   173835   135655   131831   134345    55443    88162   104234    94632     8779   138769   137333    62765    28845    51685   135655    41935    80964    65174    75078   131831   174696    14317    45798   183663   131831   150499    63566    66154    95726    56692    69533   131831    86929    24583    35892   159863    92257    86637    68236   102291    51328   191398    31196    28845    51685    34477    30947    95726   199330   174671    54861    62114   164023    22697   135875   204439    52981   188783   174696 
   16396    19196    24801    19714   114904    35331    19196    24629    52820    19196    36315    31845    10237    62584        0    24629    12677    27917     9977    17361    27917     5501    19845    19854    10662    10662   108257    12953   107349    28747    31573    31845    37905    29181    23863    18302    31845   120156    14078    41394    10234    21532   126546    27917    12588    31898    52820   113813    27049    17113    33744    22680    19854   118336    45548    63972     5726    51260    12677   127698    22504    22504    27639   126506    10662    23748    61246   109339    32833   106205    62584    13529    18302    32833    18302   129170   109339    12727    33573    61246    39743     3203     6520   113813    33573   114904   129170    41197    63972    52820   127328    11905   108257    24711    19196    29411    11905     6711   117062    24870    61246    37905    41197    31845    24870    36909   127344    36494    12701    45956    33744    32833   130487    36664   117500    79320    75496    78010    18465    31827    47899    41034    71503    82434    79186     3203    41394    32916    79320    29411    24629     6520    19196    75496   118362    67138    28152   127328    75496    94164    14078    18180    37578    10234    21559    75496    19845    50761    37905   103528    36494    39644    20262    45956    31845   135063    35380    41394    32916    36664    38318    37578   142995   118336    12588     5501   107688    61246    79540   149071    31567   132448   118362 
   14488    19202    45003    46071   122246    55475    19202        0    31343    19202    23170    49326    35541    80964    24629        0    35375     9519    37800    20722     9519    25500    17555    37774    31021    31021   115709    31832   114689    13552    21821    49326    50374    47561    41782    23299    49326   127487    20736    59774    27437    16936   133553     9519    29501    52042    31343   123089     8766    35074    39841    29597    37774   125304    62958    82352    29160    37639    35375   139036    28698    28698    34523   133712    31021    39733    78611   115877    28759   112744    80964    20056    23299    28759    23299   135989   115877    26132    20422    78611    25114    26637    18066   123089    20422   122246   135989    26985    82352    31343   134613    30587   115709    30929    19202    48549    30587    29838   124336    31762    78611    50374    26985    49326    31762    53054   135829    22770    35493    32299    39841    28759   138051    54119   123097    88176    84358    57486    37132    13707    34235    25608    88063    91227    85724    26637    59774    51296    88176    48549        0    18066    19202    84358   125667    85518    45452   134613    84358   102879    20736    36898    27910    27437    40298    84358    17555    69141    50374   110792    22770    35937    25416    32299    49326   142904    53485    59774    51296    54119    53335    27910   150491   125304    29501    25500   110007    78611    88451   155609    46367   141183   125667 
   23444    30760    35154    16945   126392    45626    30760    35375    64308    30760    36591    38015    10153    71115    12677    35375        0    38396    10225    20875    38396    16989    24363    28604    21157    21157   119746     3136   119715    40871    43137    38015    46655    37696    31932    27100    38015   131644    24390    49925    15844    33630   138579    38396    18624    40649    64308   128115    25617    25863    40333    34623    28604   129824    54298    72503    14259    62748        0   139186    33724    33724    39549   138738    21157    32499    68762   120903    44398   117769    71115    25017    27100    44398    27100   141015   120903    16241    26452    68762    54051     9979    13561   128115    26452   126392   141015    53877    72503    64308   138816    20722   119746    35955    30760    38699    20722     8732   128550    36359    68762    46655    53877    38015    36359    45659   138832    23218    21451    57444    40333    44398   143077    44270   128988    93202    89384    89499    27268    27896    59388    52598    78213    96253    90750     9979    49925    40050    93202    38699    35375    13561    30760    89384   130693    75669    35603   138816    89384   105652    24390    26978    49142    15844    30357    89384    24363    59292    46655   115016    23218    47617    27902    57444    38015   147930    43636    49925    40050    44270    43486    49142   155517   129824    18624    16989   119176    68762    93477   160635    40083   143936   130693 
   11449    17273    45447    49450   106691    55976    17273     9519    37511    17273    26565    52490    41338    86064    27917     9519    38396        0    41077    23747        0    26534    16683    40499    31307    31307   100044    35110    99135     4033    18250    52490    58550    34058    44509    21376    52490   111943    19182    61887    30879    10489   118333        0    33233    52543    37511   105600    13867    37758    24121    13680    40499   110123    66193    86010    22119    43047    38396   119485    16991    16991    18359   118293    31307    44393    81891   100591    23186    95019    86064    17849    21376    23186    21376   120957   100591    22458    23824    81891    23893    19596    16987   105600    23824   106691   120957    27270    86010    37511   119115    32550   100044    19198    17273    50056    32550    25682   108849    15591    81891    58550    27270    52490    15591    57554   119131    26172    33346    37743    24121    23186   122274    57309   109287    71107    67283    69797    39110    18645    39686    25899    92148    74221    68496    19596    61887    54459    71107    50056     9519    16987    17273    67283   110148    88571    48798   119115    67283    85951    19182    26270    28727    30879    26798    67283    16683    72388    58550    95315    26172    30365    23580    37743    52490   126850    56025    61887    54459    57309    58964    28727   134782   110123    33233    26534    99475    81891    71327   139891    34817   124235   110148 
   20743    32357    30929    11279   128869    41401    32357    37800    67002    32357    42398    33854     4419    66890     9977    37800    10225    41077        0    18179    41077    17454    24187    23700    16932    16932   122332    10267   121312    42468    44734    33854    36300    33471    27707    23138    33854   134110    19767    45700    11619    35227   140175    41077    14399    37968    67002   129712    31018    21000    36108    36220    23700   131926    48884    68278     9978    65257    10225   145659    35320    35320    41145   140335    16932    25659    64537   122500    45994   119366    66890    26513    23138    45994    23138   142612   122500    13545    32258    64537    55648     7273    10861   129712    32258   128869   142612    55474    68278    67002   141236    16497   122332    29854    32357    34474    16497     7959   130959    38384    64537    36300    55474    33854    38384    38980   142452    29025    21419    59917    36108    45994   144674    40045   129720    94798    90981    93560    23043    33703    61853    54195    73988    97850    92347     7273    45700    35825    94798    34474    37800    10861    32357    90981   132290    71444    31378   141236    90981   109502    19767    22808    50739    11619    26209    90981    24187    55067    36300   117414    29025    43392    23677    59917    33854   149527    39411    45700    35825    40045    39261    50739   157114   131926    14399    17454   116630    64537    95073   162232    35858   147805   132290 
   10321    28069    42871    33396   130857    53343    28069    20722    46060    28069    17914    40685    18435    78832    17361    20722    20875    23747    18179        0    23747    21667     6577    36020    26067    26067   124210    21293   123557    27779    46979    40685    48242    42607    39650    31842    40685   136355    29604    57642    20755    37471   142420    23747    23535    48064    46060   131957    10964    33279    48709    38464    36020   134289    61714    80220    17457    67501    20875   143650    37565    37565    43390   142579    26067    39914    76479   124744    48239   121611    78832    28924    31842    48239    31842   144857   124744     5410    16843    76479    40248    14934    15344   131957    16843   130857   144857    42120    80220    46060   143281    25633   124210    39796    28069    46417    25633    14204   133204    40629    76479    48242    42120    40685    40629    53075   143297    15072    28867    62161    48709    48239   146919    51987   133452    97043    93226    66202    32178    13247    63852    40742    85931   100094    94591    14934    57642    42978    97043    46417    20722    15344    28069    93226   134535    83386    43320   143281    93226   111747    29604    31720    52984    20755    35099    93226     6577    67009    48242   119659    15072    55417    32812    62161    40685   151771    51353    57642    42978    51987    51203    52984   159358   134289    23535    21667   118875    76479    97318   164476    55234   150050   134535 
   11449    17273    45447    49450   106691    55976    17273     9519    37511    17273    26565    52490    41338    86064    27917     9519    38396        0    41077    23747        0    26534    16683    40499    31307    31307   100044    35110    99135     4033    18250    52490    58550    34058    44509    21376    52490   111943    19182    61887    30879    10489   118333        0    33233    52543    37511   105600    13867    37758    24121    13680    40499   110123    66193    86010    22119    43047    38396   119485    16991    16991    18359   118293    31307    44393    81891   100591    23186    95019    86064    17849    21376    23186    21376   120957   100591    22458    23824    81891    23893    19596    16987   105600    23824   106691   120957    27270    86010    37511   119115    32550   100044    19198    17273    50056    32550    25682   108849    15591    81891    58550    27270    52490    15591    57554   119131    26172    33346    37743    24121    23186   122274    57309   109287    71107    67283    69797    39110    18645    39686    25899    92148    74221    68496    19596    61887    54459    71107    50056     9519    16987    17273    67283   110148    88571    48798   119115    67283    85951    19182    26270    28727    30879    26798    67283    16683    72388    58550    95315    26172    30365    23580    37743    52490   126850    56025    61887    54459    57309    58964    28727   134782   110123    33233    26534    99475    81891    71327   139891    34817   124235   110148 
   20703    17813    26153    25826   114325    36625    17813    25500    52458    17813    35511    28784    14549    62114     5501    25500    16989    26534    17454    21667    26534        0    29896    19561     3034     3034   107788    21886   106768    27924    30190    28784    31523    20400    22931    10066    28784   119566     5501    40924     6895    20683   125632    26534     6102    33192    52458   115168    26198    16224    23037    21676    19561   117383    44107    63502    10032    50713    16989   131115    20777    20777    26602   125791     3034    20883    59761   107956    31451   104822    62114    11970    10066    31451    10066   128068   107956    17033    32763    59761    41104     7509     8137   115168    32763   114325   128068    40930    63502    52458   126692     4010   107788    23008    17813    29698     4010    10710   116415    23841    59761    31523    40930    28784    23841    34204   127908    35111    12407    45373    23037    31451   130130    35268   118371    80255    76437    79016     9971    30472    47309    39651    69212    83306    77803     7509    40924    30755    80255    29698    25500     8137    17813    76437   117746    66667    26602   126692    76437    94958     5501     9737    36195     6895    13137    76437    29896    50291    31523   102871    35111    38629    10605    45373    28784   134983    34635    40924    30755    35268    34485    36195   142570   117383     6102        0   102086    59761    80530   147688    22786   133262   117746 
    9430    25166    48809    33179   127690    59338    25166    17555    42893    25166    21213    55853    24447    86929    19845    17555    24363    16683    24187     6577    16683    29896        0    43861    34669    34669   121043    21077   120134    20384    44076    55853    61912    53525    47871    29797    55853   132941    26581    65738    24349    34318   139331    16683    36596    55906    42893   126598     7778    41120    46530    35465    43861   131122    69555    88317    19936    64046    24363   140483    35289    35289    40424   139291    34669    47756    85253   121841    45336   118708    86929    26032    29797    45336    29797   141956   121841    11988    12835    85253    37209    17412    17815   126598    12835   127690   141956    53983    88317    42893   140114    35913   121043    37496    25166    53418    35913    20782   129848    37656    85253    61912    53983    55853    37656    60916   140130    12982    36708    58741    46530    45336   143272    60672   130286    92105    88281    64781    42473     9817    60685    37839    95510    95220    91688    17412    65738    57261    92105    53418    17555    17815    25166    88281   131147    91482    52160   140114    88281   106949    26581    42187    50081    24349    45566    88281        0    75105    61912   116313    12982    52429    32094    58741    55853   147848    59388    65738    57261    60672    62326    50081   155781   131122    36596    29896   120473    85253    92325   161573    52331   145233   131147 
   35055    31778     5202    32072   128290    14969    31778    37774    66424    31778    49476    29822    22261    47074    19854    37774    28604    40499    23700    36020    40499    19561    43861        0    17974    17974   121753    28133   120734    41889    44156    29822    18616    14444     4854    13716    29822   133531    16506    19879    14157    34648   139597    40499    14321    11004    66424   129133    40164     3996    26687    35641        0   131348    29067    48462    17381    64678    28604   145080    20052    20052    40567   139756    17974     8301    44721   121921    45416   118788    47074    25935    13716    45416    13716   142034   121921    31386    46728    44721    55069    21862    25173   129133    46728   128290   142034    54895    48462    66424   140657    16358   121753    20432    31778     9221    16358    25063   130381    37806    44721    18616    54895    29822    37806    18249   141873    49077    13556    59338    26687    45416   144096    20228   130646    94220    90403    92982     8768    44438    61275    53616    54172    97271    91768    21862    19879    27576    94220     9221    37774    25173    31778    90403   131712    51627    11555   140657    90403   108924    16506    11845    50161    14157    13492    90403    43861    35251    18616   116836    49077    33970    14255    59338    29822   148948    19595    19879    27576    20228    18530    50161   156535   131348    14321    19561   116052    44721    94495   161653    20473   147227   131712 
   24733    22586    22675    25304   121296    33147    22586    31021    59212    22586    40284    28344    13117    58636    10662    31021    21157    31307    16932    26067    31307     3034    34669    17974        0        0   114649    21364   113741    35139    34964    28344    34844    21382    19453    10539    28344   126548     7829    37446     4430    25456   130405    31307     3662    28837    59212   119942    33441    14052    23616    26449    17974   124728    42487    60024    10073    57652    21157   134090    17172    17172    31375   130564        0    20687    56283   112729    36224   109596    58636    12106    10539    36224    10539   135562   112729    21433    37536    56283    46135    12807    10680   119942    37536   121296   135562    47589    60024    59212   133720     3252   114649    17765    22586    26220     3252    15853   123454    31262    56283    34844    47589    28344    31262    33848   133736    39885     9640    52348    23616    36224   136879    31791   123892    85028    81211    84402    10702    35246    54291    44424    65735    88079    82576    12807    37446    28873    85028    26220    31021    10680    22586    81211   124754    63190    23124   133720    81211   100556     7829    10417    40969     4430    13796    81211    34669    46813    34844   109920    39885    30900    11588    52348    28344   139756    32319    37446    28873    31791    35257    40969   149387   124728     3662     3034   114080    56283    85932   152461    23768   138840   124754 
