dep59 0 0 60
**************************************DATA
13 192 480 8 1.33
**************************************DISTANCE
       0   196643    28075    85022    88590    84612    80880   196643   149858    45700    78885    84242    21898    61718    61718    81096   119475    55457   123317   133327   154614    78278   162659   128172    75088    84612   162656   130903   129077    81583   119475    87700    88590      300     9257   165602   136491   148222   120265    74573    21898    92694   187405   196643   125041   114130     5125    50367   114130    79347   120265   180110    79347    60141   162656      300   114130   130048   127020    79347   131355   126074   136620   155970   149858    81374   126074    74231   116951    92694   131074   116984    95424    20479   124791   106028   114865   122529    93219    91674   172970    20479    91674   132713    83615    79729   155548   136491    93217    92694    85451    96267   122529   119347   147295   119347   192333   162656    59209   124172    62769    76560   124251   158234   132310    91969   122727   123317    81333    90447    90491    54504   116984   104365    74231   114130   170684   113210   130903    80880   168692   114865   133327    81333   122196   155970    59209    83080    81096    62769    55354    88590   136608   113120    60141   131355      300    98965   124791   155970    83080   172970    50367   110937    90447   128172   165175   136620    16935   165602   135975    45700    28075   113120   132178    91674    81333    79796    76700   122196   104365   122727   113210   120773   136620   107778    84612   168692    74231    55354   115324   142148   155548   176836   137983   120265   120265    16008    83080   180110   115324   135975   159427   136608    62656    83080    78278   120554   168692   133327   124172    84242   136608 
  196643        0   176364   143420   122412   128298   119854        0    73168   162540   121881   129484   194884   143978   143978   124381    85467   157203    77998    81966    69703   127556    32743    99268   127551   128298    36477    79542    74860   127475    85467   127878   122412   196467   204723    41877    90103    64585    83650   136956   194884   137927    12073        0    87064   110418   197996   148652   110418   134823    83650    17593   134823   142732    36477   196467   110418    90122    93732   134823    93172    74736    85258    41503    73168   132083    74736   128260    88044   137927    69300   106747   128751   209491    73941   106330    85986   100425   130490   135360    41874   209491   135360    79850   140773   138565    56853    90103   128991   137927   144287   132042   100425   109011    71703   109011    15566    36477   141992    98191   150177   135397    87013    36666    90191   127537    80871    77998   140536   127717   113427   168575   106747    95947   128260   110418    43620   118834    79542   119854    45527    85986    81966   140536    99144    41503   141992   137868   124381   150177   146713   122412    73491    92277   142732    93172   196467   114617    73941    41503   137868    41874   148652   110550   127717    99268    37155    85258   184424    41877    84614   162540   176364    92277    86939   135360   140536   132863   125111    99144    95947    80871   118834   106837    85258   101544   128298    45527   128260   146713   108665    49250    56853    19213    86622    83650    83650   208267   137868    17593   108665    84614    34902    73491   135629   137868   127556   103786    45527    81966    98191   129484    73491 
   28075   176364        0    65028    68596    64439    61120   176364   132238    21380    58513    64657    26901    41724    41724    61491    97550    34068   103322   112567   134620    57967   142665   109885    53578    64439   140518   110144   109083    61387    97550    68205    68596    28206    22562   144593   116496   128227   100063    54681    26901    69272   167077   176364   105047    94610    29427    30373    94610    59353   100063   160116    59353    40333   140518    28206    94610   110054    92701    59353   111360   105433   115459   135883   132238    60923   105433    54371    96744    69272   111171    96771    75500    23937   104817    85472    94610   102695    73214    71124   153455    23937    71124   113485    63620    58518   135554   116496    74936    69272    63531    78126   102695    99353   128637    99353   172076   140518    38936   104135    42862    55229   105328   137938   112316    71974   102733   103322    61635    69556    70497    29836    96771    84371    54371    94610   150570    93215   110144    61120   148698    94610   112567    61635   102199   135883    38936    63086    61491    42862    35407    68596   116782    92208    40333   111360    28206    79603   104817   135883    63086   153455    30373    90600    69556   109885   144913   115459    11178   144593   117185    21380        0    92208   104967    71124    61635    60731    55466   102199    84371   102733    93215   101804   115459    87331    64439   148698    54371    35407    95277   121712   135554   156842   116658   100063   100063    40198    63086   160116    95277   117185   139742   116782    42817    63086    57967    98970   148698   112567   104135    64657   116782 
   85022   143420    65028        0    40715    34724    27261   143420    64970    51204    26638    40392   102194    35172    35172    17959    66251    30435    69642    58379    69154    28390   108984    43284    19468    34724   109433    55955    75098    31695    66251    40433    40715    85132    93388   112378    51632    67199    54129    34001   102194    42806   134181   143420    39275    29242    87013    39846    29242     6857    54129   126435     6857    31396   109433    85132    29242    81162    42132     6857    45589    72850    59073   102746    64970     9435    72850    24343    63727    42806    77850    32096    42200    98156    71568    34829    61641    37641    12247    41786   119746    98156    41786    79489    43719     8791    85533    51632    41546    42806     6801    44597    37641    34570    62407    34570   139109   109433    29881    39284    21145    10654    49396   105010    46544    38293    69336    69642    38410    13936    36926    39559    32096    50620    24343    29242   117461    26352    55955    27261   114925    61641    58379    38410    37308   102746    29881     4386    17959    21145    28817    40715    83384    44640    31396    45589    85132    13459    71568   102746     4386   119746    39846    23196    13936    43284   111951    59073    73209   112378    54397    51204    65028    44640    78954    41786    38410    29908    22172    37308    50620    69336    26352    35885    59073    43121    34724   114925    24343    28817    30436    88925    85533   123161    49921    54129    54129    96931     4386   126435    30436    54397   106204    83384    24293     4386    28390    35666   114925    58379    39284    40392    83384 
   88590   122412    68596    40715        0    17055     9892   122412    79361    54771    14924    18241    92179    41273    41273    16613    45244    49435    49618    59095    89720    20175    88960    57674    19783    17055    88425    56672    55378    16232    45244    12537        0    88699    96955    86726    66616    74523    46034    25713    92179    26684   113174   122412    60147    36574    90581    45947    36574    32118    46034   106411    32118    34964    88425    88699    36574    43721    39095    32118    66461    51842    62388    81738    79361    24315    51842    20492    42719    26684    56842    46487     3522   101723    50560    31797    40633    52031    22722    14704    88602   101723    14704    58481    29012    30797    81849    66616     9833    26684    36519    13478    52031    48961    76798    48961   118101    88425    33448    53674    42409    27629    50020    84002    67417     2807    49028    49618    29293    19949     7098    60807    46487    30666    20492    36574    88052    40743    56672     9892    86732    40633    59095    29293    51699    81738    33448    35163    16613    42409    38945        0    62377    38888    34964    66461    88699    28467    50560    81738    35163    88602    45947    36706    19949    57674    90944    62388    81720    86726    61744    54771    68596    38888    38632    14704    29293    21620    17343    51699    30666    49028    40743    50275    62388    33547    17055    86732    20492    38945    44827    67917    81849   103137    63751    46034    46034   100499    35163   106411    44827    61744    85196    62377    27861    35163    20175    36186    86732    59095    53674    18241    62377 
   84612   128298    64439    34724    17055        0    14712   128298    85830    50905    17668     5453    82853    23915    23915    19220    49484    45368    55257    64502    88212     8850    94600    63477    23274        0    92453    62078    61017     3150    49484     5878    17055    84744    92723    96528    72256    80162    51998    13153    82853     7950   119012   128298    58639    48202    85965    36621    48202    29049    51998   112051    29049    30403    92453    84744    48202    62009    44636    29049    64952    57367    67394    87817    85830    27624    57367    12919    48679     7950    63106    50363    13614    80897    56752    37407    46545    56287    26806     9153   105389    80897     9153    65420    18185    28215    87488    72256     8671     7950    33228    12426    56287    52945    82229    52945   124011    92453    29961    57727    38903    24620    57263    89872    65908    17316    54668    55257    17962    23148    21897    57045    50363    36306    12919    48202   102505    46807    62078    14712   100632    46545    64502    17962    55791    87817    29961    32782    19220    38903    34633    17055    68717    44143    30403    64952    84744    33195    56752    87817    32782   105389    36621    42535    23148    63477    96848    67394    72393    96528    69120    50905    64439    44143    56923     9153    17962     9046    15375    55791    36306    54668    46807    55396    67394    39265        0   100632    12919    34633    46894    73647    87488   108776    68593    51998    51998    96735    32782   112051    46894    69120    91677    68717    23335    32782     8850    41799   100632    64502    57727     5453    68717 
   80880   119854    61120    27261     9892    14712        0   119854    73885    47173     2466    15651    79121    28215    28215     6644    45351    41994    46813    59203    76267    11736    86155    51533    12046    14712    84009    53634    52573    12927    45351    16721     9892    81223    88991    91478    58143    71718    43553    18277    79121    24340   113281   119854    46694    35799    82233    32889    35799    23792    43553   103607    23792    26671    84009    81223    35799    53565    48689    23792    53007    51950    58950    79373    73885    13996    51950    12127    42827    24340    54662    38652    21300    77165    50668    28963    38101    44342    14861    21773    96945    77165    21773    56976    26811    23321    79044    58143    19907    24340    29043    23098    44342    41000    70284    41000   118209    84009    26229    45783    35171    20152    48819    81428    53963    15486    46223    46813    26949     9456    14254    53313    38652    27862    12127    35799    94060    34863    53634        0    92188    38101    59203    26949    43846    79373    26229    21709     6644    35171    31469     9892    60273    35699    26671    53007    81223    20633    50668    79373    21709    96945    32889    34090     9456    51533    88404    58950    68661    91478    60676    47173    61120    35699    58054    21773    26949    14588     5920    43846    27862    46223    34863    43452    58950    30821    14712    92188    12127    31469    36992    65203    79044   100332    60149    43553    43553    93003    21709   103607    36992    60676    83233    60273    19603    21709    11736    40617    92188    59203    45783    15651    60273 
  196643        0   176364   143420   122412   128298   119854        0    73168   162540   121881   129484   194884   143978   143978   124381    85467   157203    77998    81966    69703   127556    32743    99268   127551   128298    36477    79542    74860   127475    85467   127878   122412   196467   204723    41877    90103    64585    83650   136956   194884   137927    12073        0    87064   110418   197996   148652   110418   134823    83650    17593   134823   142732    36477   196467   110418    90122    93732   134823    93172    74736    85258    41503    73168   132083    74736   128260    88044   137927    69300   106747   128751   209491    73941   106330    85986   100425   130490   135360    41874   209491   135360    79850   140773   138565    56853    90103   128991   137927   144287   132042   100425   109011    71703   109011    15566    36477   141992    98191   150177   135397    87013    36666    90191   127537    80871    77998   140536   127717   113427   168575   106747    95947   128260   110418    43620   118834    79542   119854    45527    85986    81966   140536    99144    41503   141992   137868   124381   150177   146713   122412    73491    92277   142732    93172   196467   114617    73941    41503   137868    41874   148652   110550   127717    99268    37155    85258   184424    41877    84614   162540   176364    92277    86939   135360   140536   132863   125111    99144    95947    80871   118834   106837    85258   101544   128298    45527   128260   146713   108665    49250    56853    19213    86622    83650    83650   208267   137868    17593   108665    84614    34902    73491   135629   137868   127556   103786    45527    81966    98191   129484    73491 
  149858    73168   132238    64970    79361    85830    73885    73168        0   116150    70874    84629   148099    97192    97192    70253    47205    85523    39952    32260     3980    80713    73988    22017    73124    85830    71842    29665    42516    81905    47205    87057    79361   152342   157968    76842    23414    15134    33432    89799   148099    95459    66567    73168    21219    53510   151210   101866    53510    64781    33432    59597    64781    95649    71842   152342    53510    64275    37190    64781    30777    36735    31335    67206        0    64770    36735    81105    36475    95459    42494    29427    88824   146143    39710    50518    40638    26665    63146    92891    84778   146143    92891    55854    95788    70485    19992    23414    85701    95459    76765    88891    26665    28664     5837    28664   103573    71842    95206    26557    84219    71366    31022    39695    34199    82739    43276    39952    98068    69601    75832    99079    29427    58352    81105    53510    81893    32926    29665    73885    80021    40638    32260    98068    42907    67206    95206    63227    70253    84219   102588    79361    48105    36286    95649    30777   152342    61806    39710    67206    63227    84778   101866    57360    69601    22017    76236    31335   137639    76842    24583   116150   132238    36286    61295    92891    98068    85706    77889    42907    58352    43276    32926    28053    31335    46035    85830    80021    81105   102588    52123    53035    19992    88165    30079    33432    33432   144741    63227    59597    52123    24583    71066    48105    88581    63227    80713    46327    80021    32260    26557    84629    48105 
   45700   162540    21380    51204    54771    50905    47173   162540   116150        0    44689    50534    43941    27899    27899    47389    85767    12882    89498    99619   120795    44571   128841    94464    39754    50905   126694    96319    95258    47875    85767    53992    54771    45634    53890   131894   102672   114403    86239    40866    43941    58987   153697   162540    91222    80423    47052    16549    80423    45529    86239   146292    45529    26433   126694    45634    80423    96229    93313    45529    97536    92366   101635   122059   116150    47099    92366    40523    83243    58987    97366    83276    61716    41985    91084    71648    80786    88821    59511    57966   139262    41985    57966    99661    49796    46021   121729   102672    59509    58987    51743    62560    88821    85529   113587    85529   158625   126694    25111    90464    21816    42853    91504   124526    98492    58150    88909    89498    47626    56739    56673     7491    83276    70547    40523    80423   136977    79391    96319    47173   134873    80786    99619    47626    88488   122059    25111    49261    47389    21816    21646    54771   102901    78384    26433    97536    45634    65257    91084   122059    49261   139262    16549    77230    56739    94464   131089   101635    33481   131894   102268        0    21380    78384    98470    57966    47626    46089    42993    88488    70547    88909    79391    87980   101635    74071    50905   134873    40523    21646    81616   108441   121729   143017   104275    86239    86239    57823    49261   146292    81616   102268   125720   102901    28949    49261    44571    86847   134873    99619    90464    50534   102901 
   78885   121881    58513    26638    14924    17668     2466   121881    70874    44689        0    18854    77125    26219    26219     5121    44713    39352    49651    58564    75643    15268    88993    49187     8282    17668    87894    56141    55411    15184    44713    18894    14924    78617    86873    90840    57520    74556    45503    21637    77125    27296   112643   121881    46070    35146    80237    30893    35146    14547    45503   106444    14547    24881    87894    78617    35146    56382    48036    14547    52384    51312    61857    81207    70874    11881    51312    10409    42188    27296    56311    38000    20662    91641    50029    31266    40103    43544    12221    24729    98207    91641    24729    59814    27122    20714    81882    57520    20008    27296    26436    23058    43544    40377    68310    40377   117570    87894    24233    45187    32326    17546    51657    83472    53339    18302    49061    49651    29905     7933    14679    50725    38000    30699    10409    35146    95922    34239    56141     2466    95026    40103    58564    29905    43212    81207    24233    19238     5121    32326    28863    14924    61846    38357    24881    52384    78617    19980    50029    81207    19238    98207    30893    34393     7933    49187    90413    61857    66665    90840    61213    44689    58513    38357    57415    24729    29905    17544     4479    43212    30699    49061    34239    41788    61857    33016    17668    95026    10409    28863    36340    67386    81882   103170    55824    45503    45503    90416    19238   106444    36340    61213    84665    61846    17778    19238    15268    41570    95026    58564    45187    18854    61846 
   84242   129484    64657    40392    18241     5453    15651   129484    84629    50534    18854        0    82482    23544    23544    18889    52445    44997    56443    66297    89398     8480    95785    64663    19696     5453    93639    63264    62203     4750    52445     4810    18241    84761    92352    98572    73442    81348    53183    12788    82482     4057   120375   129484    59825    48901    85594    36250    48901    28678    53183   113237    28678    31025    93639    84761    48901    63195    46296    28678    66138    59044    68580    89003    84629    28810    59044    12548    49921     4057    64292    51755    16830    80526    57761    38593    47731    57473    27990     7939   106575    80526     7939    66606     9087    30989    88674    73442     8227     4057    36711    11377    57473    54131    82065    54131   125303    93639    29590    58914    38532    27821    58449    91058    67094    18502    55853    56443    10782    25217    23083    56674    51755    37492    12548    48901   103691    47993    63264    15651   101818    47731    66297    10782    56967    89003    29590    34840    18889    38532    35007    18241    69578    45329    31025    66138    84761    33735    57761    89003    34840   106575    36250    43907    25217    64663    98034    68580    72022    98572    68945    50534    64657    45329    65147     7939    10782     8284    16561    56967    37492    55853    47993    56583    68580    40451     5453   101818    12548    35007    50095    74833    88674   109962    70953    53183    53183    96364    34840   113237    50095    68945    92397    69578    22965    34840     8480    42984   101818    66297    58914        0    69578 
   21898   194884    26901   102194    92179    82853    79121   194884   148099    43941    77125    82482        0    78890    78890    79337   117716    53698   140488   131568   152283    76519   179831   126412    73329    82853   160897   129144   126562    79823   117716    85941    92179    22520     7900   163843   153662   165394   118506    72814        0   112198   185646   194884   142213   112371    15343    67539   112371    96519   118506   197282    96519    58382   160897    22520   112371   157756   125261    96519   148526   124315   134860   154210   148099    79614   124315    72472   115191   112198   129314   115225    93665     4007   123032   104269   113106   120769    91460    89914   171210     4007    89914   130953    69785    77970   158405   153662    91457   112198    83691   118067   120769   117699   145535   117699   190573   160897    57450   122412    61009    74801   122492   156475   149482   109140   139899   140488    62430    88687    88391    52744   115225   121537    72472   112371   168925   109481   129144    79121   185864   113106   131568    62430   120437   154210    57450   100252    79337    61009    53594    92179   134849   111361    58382   148526    22520    97205   123032   154210   100252   171210    67539   109178    88687   126412   163416   134860    17332   163843   134216    43941    26901   111361   152667    89914    62430    78037    74941   120437   121537   139899   109481   119013   134860   106019    82853   185864    72472    53594   113565   140389   158405   194008   136223   118506   118506    35856   100252   197282   113565   134216   157668   134849    60897   100252    76519   118795   185864   131568   122412    82482   134849 
   61718   143978    41724    35172    41273    23915    28215   143978    97192    27899    26219    23544    78890        0        0    28431    66809    21307    71546    80661   101376    17581   110561    75506    22422    23915   109991    78237    75656    20886    66809    27003    41273    61827    70083   112936    83854    96412    67600    14438    78890    31997   134739   143978    73270    61465    63709    11999    61465    27576    67600   127777    27576     4267   109991    61827    61465    81720    74355    27576    79583    73408    83954   103304    97192    28708    73408    13534    64285    31997    78408    64318    42759    74851    72126    53362    62199    69863    40553    30977   120304    74851    30977    80047    20833    27063   107499    83854    40551    31997    32785    43602    69863    66793    94629    66793   139667   109991     5320    71506    14281    23895    71585   105568    80539    39276    69895    71546    18711    37781    37485    33935    64318    51178    13534    61465   118019    58575    78237    28215   115483    62199    80661    18711    69530   103304     5320    31309    28431    14281    11116    41273    83943    60454     4267    79583    61827    46299    72126   103304    31309   120304    11999    58272    37781    75506   112510    83954    49905   112936    83310    27899    41724    60454    79512    30977    18711    17682    24035    69530    51178    69895    58575    68107    83954    55113    23915   115483    13534    11116    62658    89483   107499   124828    85317    67600    67600    73627    31309   127777    62658    83310   106762    83943     3332    31309    17581    67889   115483    80661    71506    23544    83943 
   61718   143978    41724    35172    41273    23915    28215   143978    97192    27899    26219    23544    78890        0        0    28431    66809    21307    71546    80661   101376    17581   110561    75506    22422    23915   109991    78237    75656    20886    66809    27003    41273    61827    70083   112936    83854    96412    67600    14438    78890    31997   134739   143978    73270    61465    63709    11999    61465    27576    67600   127777    27576     4267   109991    61827    61465    81720    74355    27576    79583    73408    83954   103304    97192    28708    73408    13534    64285    31997    78408    64318    42759    74851    72126    53362    62199    69863    40553    30977   120304    74851    30977    80047    20833    27063   107499    83854    40551    31997    32785    43602    69863    66793    94629    66793   139667   109991     5320    71506    14281    23895    71585   105568    80539    39276    69895    71546    18711    37781    37485    33935    64318    51178    13534    61465   118019    58575    78237    28215   115483    62199    80661    18711    69530   103304     5320    31309    28431    14281    11116    41273    83943    60454     4267    79583    61827    46299    72126   103304    31309   120304    11999    58272    37781    75506   112510    83954    49905   112936    83310    27899    41724    60454    79512    30977    18711    17682    24035    69530    51178    69895    58575    68107    83954    55113    23915   115483    13534    11116    62658    89483   107499   124828    85317    67600    67600    73627    31309   127777    62658    83310   106762    83943     3332    31309    17581    67889   115483    80661    71506    23544    83943 
   81096   124381    61491    17959    16613    19220     6644   124381    70253    47389     5121    18889    79337    28431    28431        0    45566    41852    51339    60117    72634    14974    90682    47900     8510    19220    88535    58160    57100    16165    45566    19948    16613    81228    89207    92610    54511    70986    48080    21516    79337    28848   115094   124381    43061    32625    82449    33105    32625    11525    48080   108133    11525    26887    88535    81228    32625    58070    45192    11525    49375    52864    63476    83900    70253     8780    52864    12343    43741    28848    59188    34786    22214    77381    51581    33489    42627    40709     9367    26281   101472    77381    26281    61502    30049    20589    88647    54511    22953    28848    27478    26143    40709    37368    66652    37368   119123    88535    26445    42150    35387    12515    52702    85955    50331    19991    50750    51339    31457     4304    18514    53529    34786    32388    12343    32625    98587    31230    58160     6644    96714    42627    60117    31457    40214    83900    26445    16216        0    35387    31117    16613    64799    47384    26887    49375    81228    13054    51581    83900    16216   101472    33105    22779     4304    47900    92930    63476    68877    92610    55709    47389    61491    47384    58967    26281    31457    19096     6354    40214    32388    50750    31230    39819    63476    35347    19220    96714    12343    31117    33048    69729    88647   104858    53928    48080    48080    93219    16216   108133    33048    55709    87759    64799    19819    16216    14974    36985    96714    60117    42150    18889    64799 
  119475    85467    97550    66251    45244    49484    45351    85467    47205    85767    44713    52445   117716    66809    66809    45566        0    80231    10606    22117    46255    50330    51768    37802    50641    49484    49621    19246    12262    49721        0    50606    45244   117653   127586    53696    29424    37330    12737    59692   117716    59113    76180    85467    49967    34051   120827    71483    34051    57654    12737    69219    57654    65266    49621   117653    34051    15417    19724    57654    32493    14864    24562    44986    47205    54669    14864    50722     9428    59113    20274    36098    49937   115760    13581    29161     7284    38506    53851    56546    62558   115760    56546    13642    63604    61552    44656    29424    51584    59113    65472    54774    38506    41030    45876    41030    81123    49621    64823    36618    73766    56582    26334    47041    29512    50368    10735    10606    61722    48903    36259    91907    36098    18779    50722    34051    59673    47267    19246    45351    57801     7284    22117    61722    38220    44986    64823    60699    45566    73766    67899    45244    25885    18717    65266    32493   117653    35803    13581    44986    60699    62558    71483    34289    48903    37802    54016    24562   107256    53696    26288    85767    97550    18717    13516    56546    61722    54049    47506    38220    18779    10735    47267    40067    24562    22171    49484    57801    50722    67899    34406    30815    44656    65944    25761    12737    12737   131598    60699    69219    34406    26288    48845    25885    58198    60699    50330    33553    57801    22117    36618    52445    25885 
   55457   157203    34068    30435    49435    45368    41994   157203    85523    12882    39352    44997    53698    21307    21307    41852    80231        0    84161    94082    91179    38806   123504    71688    34417    45368   121357    90983    89922    42226    80231    48456    49435    55224    63568   126357    80208   108393    80902    35329    53698    53450   148161   157203    68759    57647    56810    15356    57647    35758    80902   140955    35758    18514   121357    55224    57647    90893    70537    35758    75072    86829    96298   116722    85523    41762    86829    35210    77706    53450    92010    60501    56180    51742    85547    66311    75449    66407    44805    52429   134294    51742    52429    94324    44459    30516   107191    80208    55775    53450    24270    58965    66407    63065    82960    63065   153088   121357    17637    67848     9290    34012    78399   118777    76028    52813    83572    84161    42089    51202    51336     9362    60501    65210    35210    57647   131409    56927    90983    41994   129537    75449    94082    42089    65713   116722    17637    34765    41852     9290    13921    49435    97364    73082    18514    75072    55224    46017    85547   116722    34765   134294    15356    56894    51202    71688   125752    96298    43238   126357   101747    12882    34068    73082    92933    52429    42089    40552    36305    65713    65210    83572    56927    65516    96298    68170    45368   129537    35210    13921    58841   102551   107191   137681    78325    80902    80902    67580    34765   140955    58841   101747   120183    97364    23656    34765    38806    62682   129537    94082    67848    44997    97364 
  123317    77998   103322    69642    49618    55257    46813    77998    39952    89498    49651    56443   140488    71546    71546    51339    10606    84161        0    14231    38633    54515    44582    31533    54510    55257    44011    11807     3505    54434    10606    54836    49618   123426   131682    46957    23432    29981    13737    63915   140488    64886    68760    77998    51582    37377   125307    75999    37377    61643    13737    61798    61643    69691    44011   123426    37377    13514    25997    61643    25058     6978    17524    37324    39952    59042     6978    55219    15003    64886     6215    39012    55709   136450     4292    32600    12945    32690    57448    62319    54324   136450    62319     7896    65798    65524    41068    23432    55950    64886    71245    59000    32690    41487    38289    41487    73687    44011    68175    30456    77136    62355    20180    39589    22077    54152     1852        0    67494    54676    41204    95534    39012    22717    55219    37377    52039    48367    11807    46813    49503    12945    14231    67494    31409    37324    68175    64688    51339    77136    73672    49618     8845    25037    69691    25058   123426    41576     4292    37324    64688    54324    75999    37509    54676    31533    46530    17524   111504    46957    16879    89498   103322    25037    14490    62319    67494    59822    52070    31409    22717     1852    48367    39102    17524    28502    55257    49503    55219    73672    40931    23503    41068    58849    18887    13737    13737   135226    64688    61798    40931    16879    40782     8845    62588    64688    54515    36051    49503    14231    30456    56443     8845 
  133327    81966   112567    58379    59095    64502    59203    81966    32260    99619    58564    66297   131568    80661    80661    60117    22117    94082    14231        0    31310    64182    48267    22857    64493    64502    46120     2424    16795    63573    22117    64457    59095   133458   141437    50195    14479    15209     7648    73543   131568    74131    72679    81966    44458    33521   134679    85335    33521    58190     7648    65718    58190    79118    46120   133458    33521    38554    17762    58190    17549     6917     7062    41485    32260    68520     6917    64573    11015    74131    16773    30805    64954   129612    14175    30886    16409    23561    67702    71564    59057   129612    71564    30132    77456    75404    25734    14479    65436    74131    63745    68626    23561    33387    30931    33387    78039    46120    78675    21673    87618    71600    11390    33982    14567    64220    17555    14231    76739    64045    50111   105759    30805    32631    64573    33521    56172    43210     2424    59203    54300    16409        0    76739    23275    41485    78675    56636    60117    87618    83347    59095    22384    16654    79118    17549   133458    53358    14175    41485    56636    59057    85335    36960    64045    22857    50515     7062   121108    50195     8742    99619   112567    16654    35761    71564    76739    69067    61358    23275    32631    17555    43210    25122     7062    26402    64502    54300    64573    83347    33068    17652    25734    62443    10816     7648     7648   145449    56636    65718    33068     8742    45344    22384    72050    56636    64182    26695    54300        0    21673    66297    22384 
  154614    69703   134620    69154    89720    88212    76267    69703     3980   120795    75643    89398   152283   101376   101376    72634    46255    91179    38633    31310        0    85812    72669    19332    78253    88212    72947    28886    41197    85728    46255    88666    89720   154723   162979    75892    16446    11619    32207    92181   152283    97840    63038    69703    19099    52560   156605   106050    52560    68965    32207    56082    68965   100988    72947   154723    52560    59200    36240    68965    23809    35785    18647    66260     3980    69991    35785    86516    35526    97840    41364    27128    91206   167747    38760    48505    46775    24247    68330    95273    83260   167747    95273    54751    99972    72867    16157    16446    89780    97840    79147    92830    24247    26024     3299    26024    72403    72947    99472    23903    92830    73747    30422    36226    32880    86923    41957    38633   100449    71983    75033   103579    27128    57033    86516    52560    80975    36341    28886    76267    78702    46775    31310   100449    41652    66260    99472    67411    72634    92830   104969    89720    46899    35280   100988    23809   154723    64188    38760    66260    67411    83260   106050    56410    71983    19332    75466    18647   141823    75892    22722   120795   134620    35280    60346    95273   100449    88088    83367    41652    57033    41957    36341    25485    18647    44974    88212    78702    86516   104969    29968    33148    16157    54467    29129    32207    32207   166316    67411    56082    29968    22722    69718    46899    93885    67411    85812    46294    78702    31310    23903    89398    46899 
   78278   127556    57967    28390    20175     8850    11736   127556    80713    44571    15268     8480    76519    17581    17581    14974    50330    38806    54515    64182    85812        0    93858    59027    16940     8850    91711    61336    60275     4377    50330    11938    20175    78070    86389    96457    67689    79420    51256     7443    76519    16933   118260   127556    56239    44985    79631    30287    44985    22715    51256   111309    22715    24335    91711    78070    44985    61246    57876    22715    62553    56929    66652    87075    80713    24285    56929     4042    47806    16933    62364    47839    19774    74563    55647    36665    45803    53887    24074    15912   104647    74563    15912    64678    12759    22120    86746    67689    18759    16933    27841    17285    53887    50546    78150    50546   123188    91711    23627    55027    32569    18951    56521    89130    63509    23167    53926    54515    11852    21302    21690    50178    47839    35564     4042    44985   101763    44408    61336    11736    99890    45803    64182    11852    53051    87075    23627    26448    14974    32569    28317    20175    67463    43401    24335    62553    78070    29820    55647    87075    26448   104647    30287    41793    21302    59027    96106    66652    66059    96457    66831    44571    57967    43401    63033    15912    11852     3350    18878    53051    35564    53926    44408    52997    66652    38523     8850    99890     4042    28317    46179    72905    86746   108034    68838    51256    51256    90401    26448   111309    46179    66831    90283    67463    17001    26448        0    50163    99890    64182    55027     8480    67463 
