dep3 0 0 60
**************************************DATA
10 124 480 8 1.33
**************************************DISTANCE
       0    25779    79211    83707   105385    79211    29365    39584    86490    17789    53348    15669    77677    10485    45007   109007   116056     6420    98741    20248    28984   107606    40185   116056    82866   107009    73423    88564    87569    24439    98741    35562    59637   116056    83707   109126    26716   114775    73423    32513   118255    42693    47574    21654    72234    95151    35562    38499    79211    29365   121467   118255    81862    17102    85415    84345   109126   116056    84345   109126    30936   120757    45007    39584    21294    84345     6079    80045    52322    86490    94141    77677    14682    24071    10619    62540    26899    85415    46424    72508    40986    82866    40120   113366    38499   147144    80045   107606    40185   117842   121467    74943    28984    17102    82796    72234   119938    98741    98741    50740   127674    97671    45007    83628    50740    46424    97671    64300    88564    73423   102656    62552    94141    59637    47574    85017    64597    94387   107009   105385    62540    40986    76599    94387   107009 
   25779        0    70483    89471    88881    70483    33545    39566    91716    17895    54427    19849    53155    23322    46031   114233   121282    22842    88288    20834    27573   112832    25371   121282    52974   102095    64695    93756    82092    25015    88288    24341    46932   121282    89471   114890    14105   120539    64695    33776   123481    33156    39147    12618    61196    77220    24341    39578    70483    33545   104124   123481    87088    20055    81274   112167   114890   121282   112167   114890    37325   125570    46031    39566    18417   112167    20215    50153    47395    91716    61725    53155    11212    19821    19875    63618    21091    81274    50763    70270    31449    52974    47020   119130    39578   109743    50153   112832    25371   123606   104124    70210    27573    20055    61523    61196   125702    88288    88288    53412   133438   103436    46031    74901    53412    50763   103436    39499    93756    64695   107882    63631    61725    46932    39147    90781    39164    85557   102095    88881    63618    31449    51798    85557   102095 
   79211    70483        0    65002    26871        0    58218    45605    66707    62856    25840    63979    76972    68783    36695    62401    75082    73102    19793    59741    93800    66633    45899    75082    71554    27951     8758    68782    17445    60275    19793    44246    23516    75082    65002    79746    55865    74428     8758    51780    50765    35057    33832    78852    12236    34509    44246    53954        0    58218    31909    50765    62080    88053     7955    87194    79746    75082    87194    79746    62975    79784    36695    45605    63294    87194    77289    57569    23945    66707    20963    76972    76646    61706    68592    32014    49504     7955    50914    10455    41734    71554    64200    83987    53954    39413    57569    66633    45899    77495    31909    13010    93800    88053    37625    12236    61788    19793    19793    58611    87327    56675    36695     8413    58611    50914    56675    38215    68782     8758    74133    16636    20963    23516    33832    48385    45187    39608    27951    26871    32014    41734    31592    39608    27951 
   83707    89471    65002        0    32920    65002    61523    41340     4314    74919    54439    69486   105159    74291    37552    29905    33390    79238    47322    72342   108964    20080    56192    33390    99741    59914    52231     4395    44383    69171    47322    53095    60346    33390        0    14855    60930    28235    52231    63154    32895    49703    43620    99199    42912    30151    53095    41837    65002    61523    49808    32895     2628    97082    76780    26714    14855    33390    26714    14855    54139    28577    37552    41340    64288    26714    82796    85904    57056     4314    35841   105159    86330    62798    74099    34370    53487    76780    34720    57794    52391    99741    41095    19095    41837    52331    85904    20080    56192    39828    49808    60755   108964    97082    85821    42912    46777    47322    47322    36775    49660    20769    37552    49683    36775    34720    20769    77422     4395    52231    11740    48364    35841    60346    43620    11495    84393    22012    59914    32920    34370    52391    68676    22012    59914 
  105385    88881    26871    32920        0    26871    83201    54250    31029    71502    48750    91165    99882    95969    42624    35770    48452   100308    13045    68386   108581    40003    63844    48452    94464    27054    29219    35365    10106    66050    13045    61662    46461    48452    32920    42320    68582    48123    29219    60425    24134    57938    47703   100510    22252    11175    61662    51739    26871    83201    15174    24134    31297    96698    28949    57685    42320    48452    57685    42320    75817    53153    42624    54250    71940    57685   104475    80139    46855    31029    22626    99882    85292    66808    95777    28508    61138    28949    50493    34205    60043    94464    59323    49811    51739    24240    80139    40003    63844    50903    15174    35920   108581    96698    60534    22252    29991    13045    13045    48638    60683    30148    42624    19085    48638    50493    30148    61143    35365    29219    35053    39546    22626    46461    47703    21773    68115    12977    27054        0    28508    60043    63223    12977    27054 
   79211    70483        0    65002    26871        0    58218    45605    66707    62856    25840    63979    76972    68783    36695    62401    75082    73102    19793    59741    93800    66633    45899    75082    71554    27951     8758    68782    17445    60275    19793    44246    23516    75082    65002    79746    55865    74428     8758    51780    50765    35057    33832    78852    12236    34509    44246    53954        0    58218    31909    50765    62080    88053     7955    87194    79746    75082    87194    79746    62975    79784    36695    45605    63294    87194    77289    57569    23945    66707    20963    76972    76646    61706    68592    32014    49504     7955    50914    10455    41734    71554    64200    83987    53954    39413    57569    66633    45899    77495    31909    13010    93800    88053    37625    12236    61788    19793    19793    58611    87327    56675    36695     8413    58611    50914    56675    38215    68782     8758    74133    16636    20963    23516    33832    48385    45187    39608    27951    26871    32014    41734    31592    39608    27951 
   29365    33545    58218    61523    83201    58218        0    14651    64324    15706    32413    14135    78657    18981    24014    82019    93890    23278    72942    12591    53785    85440    37276    93890    77399    86016    52430    65808    66633     8488    72942    28247    46334    93890    61523    86942    25059    92591    52430     5411    95301    30732    26639    43068    51241    55206    28247    13986    58218        0    82110    95301    59696    41903    70750    84219    86942    93890    84219    86942     8732    97622    24014    14651    19314    84219    27445    65402    40442    64324    47041    78657    32306    17694    18748    41604    21043    70750    17624    51515    33432    77399    14111    91182    13986   124960    65402    85440    37276    95658    82110    54007    53785    41903    79609    51241    97754    72942    72942    21940   105490    75488    24014    62635    21940    17624    75488    54514    65808    52430    80490    41617    47041    46334    26639    62833    56333    72221    86016    83201    41604    33432    62646    72221    86016 
   39584    39566    45605    41340    54250    45605    14651        0    43555    24107    19764    24590    86983    29199    11400    62900    73767    33496    60328    19335    62276    65328    24705    73767    81494    73402    39817    45625    54026    14603    60328    21510    33721    73767    41340    60274    22892    73472    39817     8213    62089    18118    14340    51093    38627    42613    21510     6845    45605    14651    69424    62089    38713    50393    58136    61304    60274    73767    61304    60274    20276    78502    11400        0    23761    61304    37861    52788    27794    43555    34427    86983    40796    22100    28989    28956    15707    58136    10598    38901    20818    81494    18646    68565     6845    78490    52788    65328    24705    76538    69424    41474    62276    50393    66995    38627    78635    60328    60328    18295    86370    56368    11400    50022    18295    10598    56368    41901    45625    39817    60555    28969    34427    33721    14340    42651    43719    50897    73402    54250    28956    20818    50032    50897    73402 
   86490    91716    66707     4314    31029    66707    64324    43555        0    77134    56654    71701   107374    77151    39762    22914    29535    81448    43717    74557   111955    16225    58407    29535   102348    58022    54441     4417    41162    71381    43717    55305    62556    29535     4314    15003    63245    23848    54441    65369    29330    51913    45834   101238    45122    26930    55305    42822    66707    64324    46588    29330     4842   100073    59631    26229    15003    29535    26229    15003    54343    25796    39762    43555    66502    26229    85011    88114    59271        0    38051   107374    90476    65008    76314    36585    55701    59631    36935    60004    54613   102348    45719    19244    42822    50439    88114    16225    58407    35442    46588    62970   111955   100073    87849    45122    42416    43717    43717    34923    45274    16382    39762    49778    34923    36935    16382    79632     4417    54441     7885    50579    38051    62556    45834     9604    86603    18791    58022    31029    36585    54613    70886    18791    58022 
   17789    17895    62856    74919    71502    62856    15706    24107    77134        0    37872     9123    64904     9424    28652    95416   108701    11702    77580     4771    38135    97844    24634   108701    64537    90654    57068    79204    72092     8084    77580    18252    42327   108701    74919   100338    11101   105988    57068    18316   108697    25383    32097    27418    55879    60665    18252    22169    62856    15706    87568   108697    74507    26252    68106    97615   100338   108701    97615   100338    23126   111018    28652    24107     4228    97615    18428    61716    36771    77134    51679    64904    16655     5469     7064    47063    11348    68106    34207    56153    23676    64537    32469   104579    22169    95742    61716    97844    24634   109054    87568    59466    38135    26252    68883    55879   111151    77580    77580    36856   118886    88884    28652    67274    36856    34207    88884    45369    79204    57068    95302    47075    51679    42327    32097    76229    47188    69001    90654    71502    47063    23676    51933    69001    90654 
   53348    54427    25840    54439    48750    25840    32413    19764    56654    37872        0    38139    66241    42964    10854    75999    87857    47261    45386    33901    76040    78427    20059    87857    61729    53638    20052    58724    39197    34434    45386    18405    14163    87857    54439    69184    34102    86571    20052    25940    56580     9216     7992    64858    18863    37063    18405    28149    25840    32413    57411    56580    52158    64158    38372    77136    69184    87857    77136    69184    38038    91601    10854    19764    37526    77136    51449    47496     8235    56654    27625    66241    54561    35865    42751    15706    23664    38372    25074    19137    15893    61729    38359    73424    28149    65099    47496    78427    20059    89638    57411    21594    76040    64158    47231    18863    91734    45386    45386    32771    99469    69467    10854    30257    32771    25074    69467    33911    58724    20052    64211     9204    27625    14163     7992    48067    35730    45388    53638    48750    15706    15893    30268    45388    53638 
   15669    19849    63979    69486    91165    63979    14135    24590    71701     9123    38139        0    73269     5284    29775    89983   100850     9581    98127     5104    40089    92411    32154   100850    72525    91777    58191    73771    91824     9207    98127    26239    50314   100850    69486    94906    19088   100555    58191    17287   103264    30071    32715    29372    57002    80070    26239    23292    63979    14135   106339   103264    66859    28206    76511    92183    94906   100850    92183    94906    17693   105585    29775    24590    10297    92183    13946    69704    40874    71701    52802    73269    18610    11723     5209    47330    18883    76511    31908    57276    31663    72525    27036    99146    23292   132924    69704    92411    32154   103622   106339    59949    40089    28206    85370    57002   105718    98127    98127    35954   113454    83451    29775    68396    35954    31908    83451    53357    73771    58191    87638    47343    52802    50314    32715    70797    55176    79854    91777    91165    47330    31663    68407    79854    91777 
   77677    53155    76972   105159    99882    76972    78657    86983   107374    64904    66241    73269        0    71977    77095   126719   138909    71589    96518    69031    76480   129146    47161   138909     5418    93716    71184   109444    90648    71196    96518    50958    53263   138909   105159   119904    54059   137290    71184    76760   114284    56626    74234    61524    74035    94763    50958    81950    76972    78657   108543   114284   103210    68977    72895   127855   119904   138909   127855   119904    88014   142321    77095    86983    60676   127855    77931    22867    61404   107374    78345        0    65478    62223    69335    72873    60432    72895    92293    59063    50662     5418   104601   124144    81950   116231    22867   129146    47161   140357   108543    65671    76480    68977    40438    74035   142453    96518    96518    99990   150189   120187    77095    81389    99990    92293   120187    38740   109444    71184   115263    60336    78345    53263    74234    98786    27191   103092    93716    99882    72873    50662    39800   103092    93716 
   10485    23322    68783    74291    95969    68783    18981    29199    77151     9424    42964     5284    71977        0    34579    99668   106717     4903    88356     9864    39640    98268    34229   106717    72037    96581    62995    78575    77184    14011    88356    31043    55118   106717    74291    99710    23892   105359    62995    22129   108068    34875    37190    28516    61806    85813    31043    28115    68783    18981   112128   108068    72524    27593    81315    96987    99710   106717    96987    99710    22761   110390    34579    29199    15087    96987     9194    69216    45679    77151    57606    71977    18161    16527     8433    52156    20899    81315    36248    62080    36467    72037    31840   103950    28115   137728    69216    98268    34229   108426   112128    64558    39640    27593    89867    61806   110522    88356    88356    40564   118258    88255    34579    73200    40564    36248    88255    53471    78575    62995    93318    52168    57606    55118    37190    75601    53768    85049    96581    95969    52156    36467    73211    85049    96581 
   45007    46031    36695    37552    42624    36695    24014    11400    39762    28652    10854    29775    77095    34579        0    63784    70833    38918    50175    25536    65731    62384    20994    70833    71677    63007    30920    41836    42373    26069    50175    18812    24834    70833    37552    54317    25732    70505    30920    17576    50439    14486     5080    57660    37567    30946    18812    19749    36695    24014    57850    50439    35134    53848    49203    60249    54317    70833    60249    54317    28771    75535        0    11400    29090    60249    43085    57353    18883    39762    30502    77095    42442    23958    34387    17420    18289    49203    16710    30733    17193    71677    30506    56458    19749    66864    57353    62384    20994    73285    57850    32448    65731    53848    57757    37567    75378    50175    50175    24407    82503    52500        0    41079    24407    16710    52500    38188    41836    30920    47187    20057    30502    24834     5080    35489    40094    39282    63007    42624    17420    17193    41099    39282    63007 
  109007   114233    62401    29905    35770    62401    82019    62900    22914    95416    75999    89983   126719    99668    63784        0    10276   103965    48458    92839   134472     9418    77751    10276   126370    56030    62231    29774    45578    93898    48458    79328    86578    10276    29905    18276    87268    18007    62231    83651    13850    75936    65179   123755    52913    34425    79328    66845    62401    82019    39462    13850    27298   122590    64372    33365    18276    10276    33365    18276    76860    19591    63784    62900    98062    33365   103293   112137    78616    22914    49238   126719   112993   104252    94596    55930    75046    64372    56280    65337    78636   126370    81818    19419    66845    43720   112137     9418    77751    21074    39462    68118   134472   122590   111872    52913    20732    48458    48458    58232    28113     7795    63784    54520    58232    56280     7795   103654    29774    62231    15394    69924    49238    86578    65179    31768   110626    22928    56030    35770    55930    78636    94909    22928    56030 
  116056   121282    75082    33390    48452    75082    93890    73767    29535   108701    87857   100850   138909   106717    70833    10276        0   111014    61140   104682   141521    15584    88618        0   133420    67009    74913    33258    57958   100947    61140    86377    93628        0    33390    21200    94317    16491    74913    94518    22600    82985    77351   130804    65594    46805    86377    73894    75082    93890    47989    22600    37054   129639    77054    36289    21200        0    36289    21200    83909    21521    70833    73767   109875    36289   114160   119186    89483    29535    69123   138909   120042   111301   105463    67481    85913    77054    67147    91076    85685   133420    88867    22344    73894    53174   119186    15584    88618    14076    47989    93181   141521   129639   118921    65594    25968    61140    61140    69098    19301    17956    70833    67201    69098    67147    17956   110703    33258    74913    25150    81143    69123    93628    77351    35414   117675    35575    67009    48452    67481    85685   101958    35575    67009 
    6420    22842    73102    79238   100308    73102    23278    33496    81448    11702    47261     9581    71589     4903    38918   103965   111014        0    92653    14161    34778   102565    34098   111014    71457   100920    67327    83523    81481    18350    92653    28205    52259   111014    79238   104882    20628   110685    67327    26426   113213    35411    41487    23670    66145    90109    28205    32412    73102    23278   116425   113213    76820    22896    79327   101935   104882   111014   101935   104882    27057   115715    38918    33496    15207   101935     4498    70301    46235    81448    61924    71589    13299    16627     4532    56452    20811    79327    40545    67141    33607    71457    36081   108290    32412   142067    70301   102565    34098   113465   116425    68855    34778    22896    76709    66145   115558    92653    92653    44860   122597    92595    38918    77486    44860    40545    92595    54556    83523    67327    97615    56465    61924    52259    41487    79940    54793    89345   100920   100308    56452    33607    66855    89345   100920 
   98741    88288    19793    47322    13045    19793    72942    60328    43717    77580    45386    98127    96518    88356    50175    48458    61140    92653        0    74464   113447    52691    65446    61140    91354    14305    24292    48059     7310    79826        0    63797    43067    61140    47322    54953    79494    60602    24292    66504    33358    54608    53378    98491    19612    23863    63797    57817    19793    72942    12116    33358    43985   102776    18180    69871    54953    61140    69871    54953    82563    65633    50175    60328    78018    69871   111437    77121    43491    43717    22576    96518    99953    81257   102739    28189    69050    18180    56571    30006    61285    91354    71333    59193    57817    21060    77121    52691    65446    63669    12116    28412   113447   102776    56078    19612    39532        0        0    57149    73501    42849    50175    14155    57149    56571    42849    57766    48059    24292    47741    36182    22576    43067    53378    34559    64738    25665    14305    13045    28189    61285    51143    25665    14305 
   20248    20834    59741    72342    68386    59741    12591    19335    74557     4771    33901     5104    69031     9864    25536    92839   104682    14161    74464        0    41074    95266    27196   104682    68287    87538    53953    76627    67320     4969    74464    22001    46076   104682    72342    97761    14850   103411    53953    13545   106120    25833    28476    30357    52764    55893    22001    19054    59741    12591    83561   106120    70489    29191    72272    95038    97761   104682    95038    97761    20549   108441    25536    19335     6567    95038    18414    65465    35815    74557    48564    69031    19595     7485     9717    43092    11035    72272    29436    53038    27425    68287    29892   102002    19054    92627    65465    95266    27196   106477    83561    54694    41074    29191    81132    52764   108574    74464    74464    32085   116309    86307    25536    64158    32085    29436    86307    49119    76627    53953    91283    43105    48564    46076    28476    73652    50937    65034    87538    68386    43092    27425    64168    65034    87538 
   28984    27573    93800   108964   108581    93800    53785    62276   111955    38135    76040    40089    76480    39640    65731   134472   141521    34778   113447    41074        0   133072    52949   141521    76291   125411    88012   113249   107252    45163   113447    53979    70249   141521   108964   134383    40976   140033    88012    56485   143721    62794    66812    14947    92958    98834    53979    62287    93800    53785   125737   143721   107328    11882   104591   141527   134383   141521   141527   134383    57565   145063    65731    62276    41126   141527    30482    73469    72554   111955    88758    76480    27557    42687    37163    85232    46731   104591    72376    93586    61087    76291    66514   138624    62287   133059    73469   133072    52949   143100   125737    95369        0    11882    86682    92958   145196   113447   113447    75368   152931   122929    65731    98217    75368    72376   122929    62815   113249    88012   128122    85244    88758    70249    66812   110274    62480   119853   125411   108581    85232    61087    75114   119853   125411 
  107606   112832    66633    20080    40003    66633    85440    65328    16225    97844    78427    92411   129146    98268    62384     9418    15584   102565    52691    95266   133072        0    80179    15584   124970    65238    66464    19948    49519    92498    52691    77928    85178    15584    20080    10760    85868     9784    66464    86079    23059    74536    67607   122355    57145    38366    77928    65445    66633    85440    48772    23059    20597   121190    68605    25849    10760    15584    25849    10760    75459    11858    62384    65328   100490    25849   105721   110737    81044    16225    60674   129146   111593   102851    97024    58358    77474    68605    58707    82627    77236   124970    80418    11903    65445    56759   110737        0    80179    14373    48772    84742   133072   121190   110472    57145    29553    52691    52691    50341    28981     9912    62384    58752    50341    58707     9912   102254    19948    66464     8478    72352    60674    85178    67607    25748   109226    26869    65238    40003    58358    77236    93509    26869    65238 
   40185    25371    45899    56192    63844    45899    37276    24705    58407    24634    20059    32154    47161    34229    20994    77751    88618    34098    65446    27196    52949    80179        0    88618    46417    74426    40111    60477    59269    26753    65446     4484    20296    88618    56192    70937    13057    88323    40111    30838    71683    12452    18361    37994    38922    52207     4484    33012    45899    37276    79018    71683    53872    48135    53605    78888    70937    88618    78888    70937    42901    93354    20994    24705    20406    78888    40235    32091    20553    58407    41020    47161    29043    19206    30856    35548    13271    53605    30977    42601     5876    46417    47827    75177    33012    85159    32091    80179        0    91390    79018    46651    52949    48135    44717    38922    93486    65446    65446    38689   101222    71220    20994    50317    38689    30977    71220    21203    60477    40111    75406    29263    41020    20296    18361    57502    23022    60491    74426    63844    35548     5876    29903    60491    74426 
  116056   121282    75082    33390    48452    75082    93890    73767    29535   108701    87857   100850   138909   106717    70833    10276        0   111014    61140   104682   141521    15584    88618        0   133420    67009    74913    33258    57958   100947    61140    86377    93628        0    33390    21200    94317    16491    74913    94518    22600    82985    77351   130804    65594    46805    86377    73894    75082    93890    47989    22600    37054   129639    77054    36289    21200        0    36289    21200    83909    21521    70833    73767   109875    36289   114160   119186    89483    29535    69123   138909   120042   111301   105463    67481    85913    77054    67147    91076    85685   133420    88867    22344    73894    53174   119186    15584    88618    14076    47989    93181   141521   129639   118921    65594    25968    61140    61140    69098    19301    17956    70833    67201    69098    67147    17956   110703    33258    74913    25150    81143    69123    93628    77351    35414   117675    35575    67009    48452    67481    85685   101958    35575    67009 
   82866    52974    71554    99741    94464    71554    77399    81494   102348    64537    61729    72525     5418    72037    71677   126370   133420    71457    91354    68287    76291   124970    46417   133420        0    88298    65766   104422    85159    71063    91354    50825    47845   133420    99741   114486    54015   131873    65766    87669   108767    65474    69721    61343    68618    89273    50825    89843    71554    77399   103470   108767    97720    68780    67478   122835   114486   133420   122835   114486    98864   138121    71677    81494    60656   122835    77187    18013    55914   102348    72927     5418    65346    62090    68591    67654    59687    67478    86803    53646    50530        0    99183   118726    89843   110814    18013   124970    46417   134939   103470    60181    76291    68780    34995    68618   137964    91354    91354    94500   144771   114769    71677    75971    94500    86803   114769    33322   104422    65766   109773    55165    72927    47845    69721    93368    24947    97610    88298    94464    67654    50530    34382    97610    88298 
  107009   102095    27951    59914    27054    27951    86016    73402    58022    90654    53638    91777    93716    96581    63007    56030    67009   100920    14305    87538   125411    65238    74426    67009    88298        0    35801    62358    21615    85201    14305    73813    55163    67009    59914    69314    84391    75116    35801    79577    42179    63555    61630   110464    34024    38169    73813    72123    27951    86016    16791    42179    58290   112969    20840    91049    69314    67009    91049    69314    97084    74096    63007    73402    85044    91049   105070    72764    53181    58022    36613    93716   101563    83900    96389    46890    78030    20840    70876    38853    71171    88298    84672    73203    72123    19143    72764    65238    74426    77896    16791    31039   125411   112969    58846    34024    41723    14305    14305    71455    85597    57141    63007    29206    71455    70876    57141    63250    62358    35801    62046    44433    36613    55163    61630    48569    70222    39971        0    27054    46890    71171    56606    39971        0 
   73423    64695     8758    52231    29219     8758    52430    39817    54441    57068    20052    58191    71184    62995    30920    62231    74913    67327    24292    53953    88012    66464    40111    74913    65766    35801        0    56516    19701    54500    24292    38471    17763    74913    52231    68997    50077    91358        0    45992    50596    29283    28044    73064     9580    31615    38471    48166     8758    52430    35734    50596    49814    82265    15931    74928    68997    74913    74928    68997    57187    79614    30920    39817    57506    74928    71501    51795    18157    54441    18064    71184    70858    55931    62804    20084    43716    15931    45126     5508    35946    65766    58425    78212    48166    47262    51795    66464    40111    94425    35734     7222    88012    82265    31837     9580    59235    24292    24292    52823   104257    74255    30920    10727    52823    45126    74255    32440    56516        0    61867    10848    18064    17763    28044    43944    39412    39438    35801    29219    20084    35946    25817    39438    35801 
   88564    93756    68782     4395    35365    68782    65808    45625     4417    79204    58724    73771   109444    78575    41836    29774    33258    83523    48059    76627   113249    19948    60477    33258   104422    62358    56516        0    45120    73456    48059    57380    64630    33258     4395    10460    65215    27572    56516    67439    33632    53988    47905   103313    47197    30888    57380    46122    68782    65808    50546    33632     6913   101367    81065    21812    10460    33258    21812    10460    58424    23867    41836    45625    68573    21812    87081    90189    61341     4417    40126   109444    92551    67083    78384    38655    57771    81065    39005    62079    56688   104422    39420    14700    46122    54775    90189    19948    60477    39165    50546    65040   113249   101367    90105    47197    46139    48059    48059    37080    48997    20106    41836    54114    37080    39005    20106    81706        0    56516    11608    52649    40126    64630    47905    13940    88678    22749    62358    35365    38655    56688    72961    22749    62358 
   87569    82092    17445    44383    10106    17445    66633    54026    41162    72092    39197    91824    90648    77184    42373    45578    57958    81481     7310    67320   107252    49519    59269    57958    85159    21615    19701    45120        0    68654     7310    57602    36872    57958    44383    52014    68322    57663    19701    60195    32235    48413    47189    92296    12712    20927    57602    51488    17445    66633    17700    32235    41048    98378    19416    70458    52014    57958    70458    52014    74760    62693    42373    54026    71746    70458    85846    70925    37315    41162    15135    90648    88781    70085    96437    25257    60914    19416    50242    23810    55090    85159    63531    56254    51488    26766    70925    49519    59269    60730    17700    26379   107252    98378    50971    12712    43088     7310     7310    50847    70562    39910    42373     9564    50847    50242    39910    51571    45120    19701    44746    29993    15135    36872    47189    31620    58543    22750    21615    10106    25257    55090    44948    22750    21615 
   24439    25015    60275    69171    66050    60275     8488    14603    71381     8084    34434     9207    71196    14011    26069    93898   100947    18350    79826     4969    45163    92498    26753   100947    71063    85201    54500    73456    68654        0    79826    20860    48414   100947    69171    94816    17715   100618    54500     9535   103147    29952    28659    34743    53299    57227    20860    13939    60275     8488    84131   103147    66754    33281    69936    91868    94816   100947    91868    94816    16991   105649    26069    14603    11853    91868    22517    68301    40776    71381    49097    71196    21874    10359    13820    43625    13170    69936    26009    54313    26262    71063    22463    98228    13939   132655    68301    92498    26753   103398    84131    56028    45163    33281    81337    53299   105492    79826    79826    30325   113178    82533    26069    64658    30325    26009    82533    47967    73456    54500    87548    43637    49097    48414    28659    69879    49786    79279    85201    66050    43625    26262    64016    79279    85201 
   98741    88288    19793    47322    13045    19793    72942    60328    43717    77580    45386    98127    96518    88356    50175    48458    61140    92653        0    74464   113447    52691    65446    61140    91354    14305    24292    48059     7310    79826        0    63797    43067    61140    47322    54953    79494    60602    24292    66504    33358    54608    53378    98491    19612    23863    63797    57817    19793    72942    12116    33358    43985   102776    18180    69871    54953    61140    69871    54953    82563    65633    50175    60328    78018    69871   111437    77121    43491    43717    22576    96518    99953    81257   102739    28189    69050    18180    56571    30006    61285    91354    71333    59193    57817    21060    77121    52691    65446    63669    12116    28412   113447   102776    56078    19612    39532        0        0    57149    73501    42849    50175    14155    57149    56571    42849    57766    48059    24292    47741    36182    22576    43067    53378    34559    64738    25665    14305    13045    28189    61285    51143    25665    14305 
   35562    24341    44246    53095    61662    44246    28247    21510    55305    18252    18405    26239    50958    31043    18812    79328    86377    28205    63797    22001    53979    77928     4484    86377    50825    73813    38471    57380    57602    20860    63797        0    24781    86377    53095    69861    12033    86048    38471    22903    68448    10270    15175    39032    38310    48955        0    26793    44246    28247    75859    68448    50678    42295    52993    75792    69861    86377    75792    69861    37907    91078    18812    21510    14370    75792    34396    36575    20013    55305    37834    50958    28523    13313    24942    32362     7356    52993    27797    41060     5475    50825    45645    72995    26793    84546    36575    77928     4484    89208    75859    44997    53979    42295    49434    38310    90922    63797    63797    35494    99040    69038    18812    49704    35494    27797    69038    25687    57380    38471    62731    27609    37834    24781    15175    55321    27506    57291    73813    61662    32362     5475    37986    57291    73813 
   59637    46932    23516    60346    46461    23516    46334    33721    62556    42327    14163    50314    53263    55118    24834    86578    93628    52259    43067    46076    70249    85178    20296    93628    47845    55163    17763    64630    36872    48414    43067    24781        0    93628    60346    77111    37095    90839    17763    39896    68975    15554    21948    55301    25710    49481    24781    42070    23516    46334    55183    68975    57928    62738    34342    83043    77111    93628    83043    77111    51091    98329    24834    33721    38445    83043    66054    26888     6680    62556    31894    53263    54314    37367    49017    27862    31431    34342    39030    15079    18804    47845    52339    77693    42070    62810    26888    85178    20296    93906    55183    24989    70249    62738    30515    25710    98172    43067    43067    46727   103738    73735    24834    27968    46727    39030    73735    16761    64630    17763    69981    15373    31894        0    21948    52335    25715    57818    55163    46461    27862    18804    14402    57818    55163 
  116056   121282    75082    33390    48452    75082    93890    73767    29535   108701    87857   100850   138909   106717    70833    10276        0   111014    61140   104682   141521    15584    88618        0   133420    67009    74913    33258    57958   100947    61140    86377    93628        0    33390    21200    94317    16491    74913    94518    22600    82985    77351   130804    65594    46805    86377    73894    75082    93890    47989    22600    37054   129639    77054    36289    21200        0    36289    21200    83909    21521    70833    73767   109875    36289   114160   119186    89483    29535    69123   138909   120042   111301   105463    67481    85913    77054    67147    91076    85685   133420    88867    22344    73894    53174   119186    15584    88618    14076    47989    93181   141521   129639   118921    65594    25968    61140    61140    69098    19301    17956    70833    67201    69098    67147    17956   110703    33258    74913    25150    81143    69123    93628    77351    35414   117675    35575    67009    48452    67481    85685   101958    35575    67009 
   83707    89471    65002        0    32920    65002    61523    41340     4314    74919    54439    69486   105159    74291    37552    29905    33390    79238    47322    72342   108964    20080    56192    33390    99741    59914    52231     4395    44383    69171    47322    53095    60346    33390        0    14855    60930    28235    52231    63154    32895    49703    43620    99199    42912    30151    53095    41837    65002    61523    49808    32895     2628    97082    76780    26714    14855    33390    26714    14855    54139    28577    37552    41340    64288    26714    82796    85904    57056     4314    35841   105159    86330    62798    74099    34370    53487    76780    34720    57794    52391    99741    41095    19095    41837    52331    85904    20080    56192    39828    49808    60755   108964    97082    85821    42912    46777    47322    47322    36775    49660    20769    37552    49683    36775    34720    20769    77422     4395    52231    11740    48364    35841    60346    43620    11495    84393    22012    59914    32920    34370    52391    68676    22012    59914 
