dep12 0 0 60
**************************************DATA
9 112 480 8 1.33
**************************************DISTANCE
       0    89733   121479   112095    43887    56526    57779    66609   108420    43887    94937    77679    97796    84953    40177    93767   143094    93767   143094    90843   143094   151172    17009    60906   105584   146514   113749   116779    94937   122211   111355    71721    62014    88757   104620    93767    53206    17009    94266   105114    63417    13671   111485   138908   122211    55712   116043   116779    62482    40346    58149    94704   105584   104209    60039    64395    65215    72662   122211    73975    89293    29878    76159    76456    17954    56526    69033    88511    53206   122211    43459    76456   103331    48803   103331    44576    89733    97390    44576    93767   106547   105114    63417    93767   105114    97390    75869    60039    84953   121479    89733    94704    60039    27257    60039   111066    93599    76159    65215    84872    66818    59767    76159    69033    89637    66818    44338    17556    58149    88757    27257    77679    28306 
   89733        0    48415    42180    47516    63170    48846    76353    44847    47516    27502    33792    57637    23126    60092    37370    86540    37370    86540     6827    86540    78108   105368    37230    65424    73506    81697    51858    27502    88071    85819    22080    29557    36786    49921    37370    37062   105368    10288    32211    35046    76356    80361    65371    88071    42285    45226    51858    56259    83679    58629    21259    65424    22149    80704    59886    42155    36127    88071    42368    23455    71179    13549    40741   106942    63170    28301    59700    37062    88071    59994    40741    50667    64530    50667    65243        0    34366    65243    37370    17500    32211    35046    37370    32211    34366    51948    80704    23126    48415        0    21259    51359    71577    51359    78105    55063    13549    42155    29052    23739    54301    13549    28301     4586    23739    51768   106544    58629    36786    71577    33792   116665 
  121479    48415        0    74200    79262   110722    80512   121941    28324    79262    78725    52088   108859    36629    91797    87127    49498    87127    49498    55241    49498    39437   137114    83011    92347    36464    45700    18237    78725    61606    76499    63757    60400    49658    84309    87127    68808   137114    40540    16365    64625   108007    72827    16955    61606    74031    75976    18237    78233   115365   107647    34627    92347    27561   112450   107438    71970    85145    61606    89920    71007   102924    58251    62276   138580   110722    57651   108719    68808    61606    91740    62276    32182   104234    32182    96989    48415    32488    96989    87127    65914    16365    64625    87127    16365    32488    64960   112450    36629        0    48415    34627    82998   103323    82998    44931   106286    58251    71970    40694    58091   101853    58251    57651    44799    58091    83406   137661   107647    49658   103323    52088   148411 
  112095    42180    74200        0    77646    62176    78896   106483    70784    77646    23764    70522    21710    72635    96822    20113   112316    20113   112316    37739   112316   103893   129345    60694    22074    99282   111827    77643    23764   124801   115949    45187    60486    82380     9027    20113    67192   129345    51466    57986    65176   101016   117091    92470   124801    72415     5971    77643    85552   113749    56642    62438    22074    47927   110834    49115    78885    47263   124801    42219    43486    83958    50278    70871   129628    62176    65030    29249    67192   124801    71231    70871    76443    63536    76443    95373    42180    69968    95373    20113    22281    57986    65176    20113    57986    69968    82078   110834    72635    74200    42180    62438    88089   101707    88089   105299    23250    50278    78885    64460    54409    53307    50278    65030    45765    54409    88497   128278    56642    82380   101707    70522   139027 
   43887    47516    79262    77646        0    47131    17868    40983    66204        0    52721    35462    75049    42736    24684    63196   106652    63196   106652    48056   106652   108955    59522    26895    82837   110302    74123    74562    52721    85046    74190    32740    19797    46540    75877    63196    10419    59522    52050    62897    20630    30415    74320    96121    85046    16919    84510    74562    25588    43348    45185    52496    82837    61992    45333    56448    23554    41971    85046    48324    47076    25332    33942    34239    61000    47131    26816    65764    10419    85046    25028    34239    60544    46822    60544    29873    47516    55174    29873    63196    63760    62897    20630    63196    62897    55174    38755    45333    42736    79262    47516    52496    20688    25752    20688    67596    70852    33942    23554    42085    24601    45267    33942    26816    47420    24601    13952    60603    45185    46540    25752    35462    70818 
   56526    63170   110722    62176    47131        0    57667    80782    92826    47131    41855    62094    46924    69368    62366    44549   124399    44549   124399    56613   124399   140425    73776    28690    54711   124272   109112   101185    41855   109861   107443    47613    47820    71820    53747    44549    43685    73776    72549    94468    49682    46061   102288   127629   109861    35106    66123   101185    67387    78815     4622    79120    54711    84409    82229    10839    54240    27155   109861    24757    40037    36951    52869    68156    73105        0    55423    35521    43685   109861    24159    68156    87167     7000    87167    67458    63170    81806    67458    44549    52846    94468    49682    44549    94468    81806    70669    82229    69368   110722    63170    79120    63444    61229    63444   102584    42726    52869    54240    68709    51260    10549    52869    55423    65923    51260    57019    72708     4622    71820    61229    62094    83458 
   57779    48846    80512    78896    17868    57667        0    27465    63708    17868    54728    36712    76320    43986    17608    64446    90284    64446    90284    49327    90284   115899    73414    37905    84108    93935    59345    71965    54728    68678    57883    34428    19299    42662    77148    64446    17190    73414    53300    64296    17449    40131    57952    97392    68678    28083    89524    71965     9220    41196    55690    53767    84108    63242    38254    67092    10002    43348    68678    49574    48326    43200    35192    26013    70716    57667    27018    67034    17190    68678    40971    26013    61815    57359    61815    22793    48846    56423    22793    64446    65031    64296    17449    64446    64296    56423    21465    38254    43986    80512    48846    53767     4320    35615     4320    56662    72123    35192    10002    43356    25851    61507    35192    27018    48670    25851     9284    73961    55690    42662    35615    36712    84776 
   66609    76353   121941   106483    40983    80782    27465        0    76735    40983    81558    62624   103843    71195    27221    92033    82058    92033    82058    76850    82058   108396    82244    60729   111631    85478    74322    84992    81558    61175    50319    61577    47734    55689   104671    92033    40283    82244    80508    91355    46020    53137    50449   117157    61175    52725   113347    84992    22127    49816    80789    80946   111631    90451    28806    94679    38437    70808    61175    77161    75913    56684    62779    41107    83723    80782    50419    94557    40283    61175    60633    41107    68457    80474    68457    22468    76353    68364    22468    92033    92554    91355    46020    92033    91355    68364    35594    28806    71195   121941    76353    80946    26205    44445    26205    79225    99646    62779    38437    70879    53438    78918    62779    50419    76257    53438    25717    83325    80789    55689    44445    62624    93404 
  108420    44847    28324    70784    66204    92826    63708    76735        0    66204    65254    32429    95389    22184    73547    74127    44432    74127    44432    51674    44432    46062   124056    70000   103177    41101    41075    12995    65254    53775    58552    50698    47342    21334    80741    74127    55750   124056    37084    12797    50505    94984    53385    46070    53775    60973    72408    12995    52016    97135    94177    31059   103177    24152    96779    94438    50032    71675    53775    76920    58007    89866    44873    35855   125569    92826    44557    95249    55750    53775    78681    35855     5659    92518     5659    78353    44847    10225    78353    74127    62347    12797    50505    74127    12797    10225    38538    96779    22184    28324    44847    31059    57802    94140    57802    33097    92816    44873    50032    24661    45033    88853    44873    44557    41343    45033    70395   124603    94177    21334    94140    32429   135352 
   43887    47516    79262    77646        0    47131    17868    40983    66204        0    52721    35462    75049    42736    24684    63196   106652    63196   106652    48056   106652   108955    59522    26895    82837   110302    74123    74562    52721    85046    74190    32740    19797    46540    75877    63196    10419    59522    52050    62897    20630    30415    74320    96121    85046    16919    84510    74562    25588    43348    45185    52496    82837    61992    45333    56448    23554    41971    85046    48324    47076    25332    33942    34239    61000    47131    26816    65764    10419    85046    25028    34239    60544    46822    60544    29873    47516    55174    29873    63196    63760    62897    20630    63196    62897    55174    38755    45333    42736    79262    47516    52496    20688    25752    20688    67596    70852    33942    23554    42085    24601    45267    33942    26816    47420    24601    13952    60603    45185    46540    25752    35462    70818 
   94937    27502    78725    23764    52721    41855    54728    81558    65254    52721        0    39674    31744    41787    65974    11397   102189    11397   102189    20338   102189   108418   110572    29846    39532   101693    86901    73613        0    93953    91023    20869    35439    51532    24029    11397    42267   110572    40598    62359    40251    82238    86243    93559    93953    47489    29734    73613    62141    89561    37396    49447    39532    52459    85908    38571    48037    17359    93953    18080    12638    55886    19431    46749   112823    41855    34182    30967    42267    93953    43158    46749    57993    43215    57993    70448    27502    54224    70448    11397    10950    62359    40251    11397    62359    54224    57152    85908    41787    78725    27502    49447    57241    77554    57241    80374    29171    19431    48037    39534    29621    32986    19431    34182    32405    29621    57649   112426    37396    51532    77554    39674   121869 
   77679    33792    52088    70522    35462    62094    36712    62624    32429    35462    39674        0    69809    15620    47997    49509    68381    49509    68381    34274    68381    81839    93314    39268    77597    68893    53094    40797    39674    66630    64212    25118    16600    12716    62094    49509    25008    93314    24933    35900    20824    64207    58831    68996    66630    30231    74470    40797    40398    71565    65774    25371    77597    34876    68649    68454    28227    43159    66630    50937    33389    59124    20255    20534    94837    62094    13004    66845    25008    66630    47940    20534    26770    60433    26770    53189    33792    21408    53189    49509    49977    35900    20824    49509    35900    21408    30341    68649    15620    52088    33792    25371    39255    59523    39255    53690    67236    20255    28227     8171    14291    62869    20255    13004    33348    14291    39663    93861    65774    12716    59523        0   104610 
   97796    57637   108859    21710    75049    46924    76320   103843    95389    75049    31744    69809        0    71922    87566    19198   132960    19198   132960    50916   132960   138553   114744    48751    10275   132602   117643   103748    31744   125386   123068    53425    62511    81667    15434    19198    64178   114744    70733    92494    65437    85764   117677   125767   125386    62988    21961   103748    83733   111154    42040    74393    10275    82593   108217    34080    69629    32972   125386    27564    45854    69356    49565    76884   114376    46924    64317    14902    64178   125386    56660    76884    89349    48284    89349    92754    57637    84359    92754    19198    33344    92494    65437    19198    92494    84359    85820   108217    71922   108859    57637    74393    78833    94380    78833   111730     7062    49565    69629    71262    61057    38055    49565    64317    62540    61057    79242   113979    42040    81667    94380    69809   124425 
   84953    23126    36629    72635    42736    69368    43986    71195    22184    42736    41787    15620    71922        0    55271    50670    63085    50670    63085    29952    63085    66379   100588    45123    79710    61671    57981    37188    41787    70777    78581    27231    23874    14341    64207    50670    32282   100588    12838    20441    28099    71481    73160    53536    70777    37505    76583    37188    48969    78839    70709     9911    79710    18558    75924    70980    35502    48207    70777    53462    35535    66398    21415    33503   102111    69368    21125    71781    32282    70777    55214    33503    23084    67708    23084    60463    23126    12200    60463    50670    40625    20441    28099    50670    20441    12200    44710    75924        0    36629    23126     9911    46529    66797    46529    50003    69349    21415    35502     4092    21566    65395    21415    21125    21296    21566    46937   101135    70709    14341    66797    15620   111885 
   40177    60092    91797    96822    24684    62366    17608    27221    73547    24684    65974    47997    87566    55271        0    75732   103499    75732   103499    60573   103499   129255    55813    44427    95353   107149    73038    84384    65974    82034    71098    45674    32192    55081    88393    75732    24006    55813    64585    75542    33147    26706    71308   108638    82034    36448   100769    84384    21974    23568    60420    65013    95353    78482    20652    78377    27837    54594    82034    60859    59611    41135    46477    40305    57291    62366    39207    78280    24006    82034    40263    40305    73060    63264    73060     5192    60092    67709     5192    75732    76277    75542    33147    75732    75542    67709    35157    20652    55271    91797    60092    65013    19862    18014    19862    70355    83369    46477    27837    54602    37153    60502    46477    39207    59955    37153     9415    56360    60420    55081    18014    47997    67175 
   93767    37370    87127    20113    63196    44549    64446    92033    74127    63196    11397    49509    19198    50670    75732        0   112664        0   112664    30814   112664   116831   111017    39715    26986   112169    97377    82486    11397   103916   101499    30738    46036    61416    11685        0    52742   111017    48954    70874    50726    83302    96127   104035   103916    57965    24061    82486    71102    99299    38314    59923    26986    60815    96384    39585    57921    25426   103916    21255    22507    65630    29274    56421   110347    44549    44044    24513    52742   103916    52903    56421    68469    44241    68469    80924    37370    63107    80924        0    21388    70874    50726        0    70874    63107    67628    96384    50670    87127    37370    59923    66959    87257    66959    90850    16625    29274    57921    50010    39959    34000    29274    44044    42329    39959    67478   109950    38314    61416    87257    49509   120699 
  143094    86540    49498   112316   106652   124399    90284    82058    44432   106652   102189    68381   132960    63085   103499   112664        0   112664        0    93165        0    35953   158729   101573   140747    11767    15317    34218   102189    21707    36707    88277    76918    61069   125244   112664    89891   158729    78616    54441    70952   130205    31598    43119    21707    98739   114174    34218    81723   142892   136618    72550   140747    65684   132349   130760    79237   106888    21707   113242    96544   131261    83410    56243   160791   124399    68970   137690    89891    21707   116447    56243    40003   124091    40003    97178    86540    48423    97178   112664   113128    54441    70952   112664    54441    48423    61187   132349    63085    49498    86540    72550    86248   121513    86248    24308   130387    83410    79237    59005    76894   125175    83410    68970    82875    76894    97622   160393   136618    61069   121513    68381   203502 
   93767    37370    87127    20113    63196    44549    64446    92033    74127    63196    11397    49509    19198    50670    75732        0   112664        0   112664    30814   112664   116831   111017    39715    26986   112169    97377    82486    11397   103916   101499    30738    46036    61416    11685        0    52742   111017    48954    70874    50726    83302    96127   104035   103916    57965    24061    82486    71102    99299    38314    59923    26986    60815    96384    39585    57921    25426   103916    21255    22507    65630    29274    56421   110347    44549    44044    24513    52742   103916    52903    56421    68469    44241    68469    80924    37370    63107    80924        0    21388    70874    50726        0    70874    63107    67628    96384    50670    87127    37370    59923    66959    87257    66959    90850    16625    29274    57921    50010    39959    34000    29274    44044    42329    39959    67478   109950    38314    61416    87257    49509   120699 
  143094    86540    49498   112316   106652   124399    90284    82058    44432   106652   102189    68381   132960    63085   103499   112664        0   112664        0    93165        0    35953   158729   101573   140747    11767    15317    34218   102189    21707    36707    88277    76918    61069   125244   112664    89891   158729    78616    54441    70952   130205    31598    43119    21707    98739   114174    34218    81723   142892   136618    72550   140747    65684   132349   130760    79237   106888    21707   113242    96544   131261    83410    56243   160791   124399    68970   137690    89891    21707   116447    56243    40003   124091    40003    97178    86540    48423    97178   112664   113128    54441    70952   112664    54441    48423    61187   132349    63085    49498    86540    72550    86248   121513    86248    24308   130387    83410    79237    59005    76894   125175    83410    68970    82875    76894    97622   160393   136618    61069   121513    68381   203502 
   90843     6827    55241    37739    48056    56613    49327    76850    51674    48056    20338    34274    50916    29952    60573    30814    93165    30814    93165        0    93165    84935   105623    34106    58704    81774    82107    58685    20338    88552    86234    25129    30038    43612    39840    30814    37317   105623    17115    38876    35270    76837    80842    72149    88552    42879    47207    58685    56740    84161    51908    28083    58704    28975    81224    53329    42636    29570    88552    35811    16898    64342    14030    41349   107423    56613    28782    52980    37317    88552    51780    41349    57494    57973    57494    65761     6827    41193    65761    30814    17848    38876    35270    30814    38876    41193    52203    81224    29952    55241     6827    28083    51840    72153    51840    75424    48343    14030    42636    34121    24220    47744    14030    28782    11413    24220    52249   107025    51908    43612    72153    34274   116920 
  143094    86540    49498   112316   106652   124399    90284    82058    44432   106652   102189    68381   132960    63085   103499   112664        0   112664        0    93165        0    35953   158729   101573   140747    11767    15317    34218   102189    21707    36707    88277    76918    61069   125244   112664    89891   158729    78616    54441    70952   130205    31598    43119    21707    98739   114174    34218    81723   142892   136618    72550   140747    65684   132349   130760    79237   106888    21707   113242    96544   131261    83410    56243   160791   124399    68970   137690    89891    21707   116447    56243    40003   124091    40003    97178    86540    48423    97178   112664   113128    54441    70952   112664    54441    48423    61187   132349    63085    49498    86540    72550    86248   121513    86248    24308   130387    83410    79237    59005    76894   125175    83410    68970    82875    76894    97622   160393   136618    61069   121513    68381   203502 
  151172    78108    39437   103893   108955   140425   115899   108396    46062   108955   108418    81839   138553    66379   129255   116831    35953   116831    35953    84935    35953        0   166807   111343   122040    22918    37878    35986   108418    48060    62954    93450    90093    67406   114002   116831    98501   166807    70187    46058    94318   137700    58254    27956    48060   103724   105669    35986   107070   168135   137340    64320   122040    57255   158687   137141    93348   114838    48060   119623   102166   132618    88576    78863   187446   140425    87345   138412    98501    48060   121433    78863    49920   133927    49920   123517    78108    56287   123517   116831    95608    46058    94318   116831    46058    56287    76364   158687    66379    39437    78108    64320   112903   147268   112903    46869   135980    88576    93348    70388    87785   131556    88576    87345    74446    87785   124278   167355   137340    67406   147268    81839   229840 
   17009   105368   137114   129345    59522    73776    73414    82244   124056    59522   110572    93314   114744   100588    55813   111017   158729   111017   158729   105623   158729   166807        0    76542   121220   162149   128980   132414   110572   137846   126990    87356    77649   104392   120917   111017    68306        0   109902   120749    78664    29306   127121   154022   137846    70813   133293   132414    78117    43696    73784   110339   121220   119844    73894    81357    80850    88298   137846    91225   104928    44979    91794    92091     6220    73776    84668   107501    68306   137846    59094    92091   118966    66054   118966    60212   105368   113026    60212   111017   121432   120749    78664   111017   120749   113026    91064    73894   100588   137114   105368   110339    75674    35874    75674   126702   109235    91794    80850    99928    82453    77017    91794    84668   105272    82453    59974     3379    73784   104392    35874    93314    17069 
   60906    37230    83011    60694    26895    28690    37905    60729    70000    26895    29846    39268    48751    45123    44427    39715   101573    39715   101573    34106   101573   111343    76542        0    56539   101446    86286    76949    29846    87034    84617    15143    23164    48928    52266    39715    21190    76542    45272    66823    27855    47435    79395    99918    87034    14238    64642    76949    44561    67403    26705    56294    56539    55620    65079    34942    31347    15779    87034    22128    20660    30400    24105    45330    77860    28690    32597    39465    21190    87034    17673    45330    64341    28420    64341    49619    37230    58980    49619    39715    40149    66823    27855    39715    66823    58980    47843    65079    45123    83011    37230    56294    40551    49817    40551    79758    44554    24105    31347    45883    22780    26826    24105    32597    37079    22780    34271    77089    26705    48928    49817    39268    87838 
  105584    65424    92347    22074    82837    54711    84108   111631   103177    82837    39532    77597    10275    79710    95353    26986   140747    26986   140747    58704   140747   122040   121220    56539        0   118880   125431   111535    39532   133174   130856    61212    70299    89455    15878    26986    72418   121220    78520    75982    73224    93552   125465   105943   133174    70776    17500   111535    91521   118941    49444    82180        0    66081   116004    41868    77417    40760   133174    35352    53642    77175    57353    84672   122164    54711    72105    22307    72418   133174    64448    84672    95471    56072    95471   100542    65424    92147   100542    26986    41131    75982    73224    26986    75982    92147    94147   116004    79710    92347    65424    82180    86621   102168    86621   117852    15717    57353    77417    79050    68844    45842    57353    72105    70328    68844    87029   121766    49444    89455   102168    77597   132547 
  146514    73506    36464    99282   110302   124272    93935    85478    41101   110302   101693    68893   132602    61671   107149   112169    11767   112169    11767    81774    11767    22918   162149   101446   118880        0    14959    28106   101693    25357    40357    88149    76790    57798   110842   112169    79503   162149    65582    41407    70595   133855    35248    31728    25357    88351   101140    28106    85373   146542   127787    59611   118880    52650   135769   130632    70343   106761    25357   113114    96049   113619    83293    56116   164441   124272    68843   128859    79503    25357   106060    56116    35741   123963    35741   100598    73506    50545   100598   112169    92448    41407    70595   112169    41407    50545    53446   135769    61671    36464    73506    59611    89898   125163    89898    23950   130029    83293    70343    54743    76767   125047    83293    68843    69841    76767   101272   164043   127787    57798   125163    68893   206922 
  113749    81697    45700   111827    74123   109112    59345    74322    41075    74123    86901    53094   117643    57981    73038    97377    15317    97377    15317    82107    15317    37878   128980    86286   125431    14959        0    27526    86901    17798    37007    72990    61631    45782   109928    97377    64544   128980    70185    47271    55638    99744    27689    46512    17798    73392   118690    27526    51507    96625   112828    56134   125431    58514    93689   115472    55183    91601    17798    97954    81257    98660    68123    40956   130329   109112    53683   113900    64544    17798    95013    40956    35529   108803    35529    90075    81697    43514    90075    97377    97811    47271    55638    97377    47271    43514    38486    93689    57981    45700    81697    56134    55308    91052    55308     8991   115070    68123    55183    53881    61607   109887    68123    53683    81601    61607    67161   129931   112828    45782    91052    53094   204890 
  116779    51858    18237    77643    74562   101185    71965    84992    12995    74562    73613    40797   103748    37188    84384    82486    34218    82486    34218    58685    34218    35986   132414    76949   111535    28106    27526        0    73613    46495    66809    59057    55700    29692    96032    82486    64108   132414    43937    19808    58762   103307    61642    38283    46495    69331    79419        0    60069   107951   102535    38070   111535    31005   105036   102796    58289    80033    46495    85278    67361    98224    54182    44112   133928   101185    52951   103607    64108    46495    87040    44112    14017    99534    14017    86610    51858    22439    86610    82486    69358    19808    58762    82486    19808    22439    46795   105036    37188    18237    51858    38070    66059   102397    66059    23871   101175    54182    58289    33019    53391    97211    54182    52951    48196    53391    78754   132961   102535    29692   102397    40797   143711 
   94937    27502    78725    23764    52721    41855    54728    81558    65254    52721        0    39674    31744    41787    65974    11397   102189    11397   102189    20338   102189   108418   110572    29846    39532   101693    86901    73613        0    93953    91023    20869    35439    51532    24029    11397    42267   110572    40598    62359    40251    82238    86243    93559    93953    47489    29734    73613    62141    89561    37396    49447    39532    52459    85908    38571    48037    17359    93953    18080    12638    55886    19431    46749   112823    41855    34182    30967    42267    93953    43158    46749    57993    43215    57993    70448    27502    54224    70448    11397    10950    62359    40251    11397    62359    54224    57152    85908    41787    78725    27502    49447    57241    77554    57241    80374    29171    19431    48037    39534    29621    32986    19431    34182    32405    29621    57649   112426    37396    51532    77554    39674   121869 
  122211    88071    61606   124801    85046   109861    68678    61175    53775    85046    93953    66630   125386    70777    82034   103916    21707   103916    21707    88552    21707    48060   137846    87034   133174    25357    17798    46495    93953        0    14893    79396    66870    60904   116372   103916    68301   137846    90312    66573    62080   108739     9891    56709        0    77149   128748    46495    59849   120914   115029    69289   133174    77769   111466   116221    56494    92414        0    98703    87796   102417    74662    47430   139366   109861    60124   116100    68301        0    94858    47430    48248   109689    48248    76296    88071    56669    76296   103916   104256    66573    62080   103916    66573    56669    39597   111466    70777    61606    88071    69289    64823   100047    64823    26789   121189    74662    56494    66600    68570   110636    74662    60124    88140    68570    76198   138394   115029    60904   100047    66630   182619 
  111355    85819    76499   115949    74190   107443    57883    50319    58552    74190    91023    64212   123068    78581    71098   101499    36707   101499    36707    86234    36707    62954   126990    84617   130856    40357    37007    66809    91023    14893        0    77111    65753    58487   114054   101499    65983   126990    87894    71350    59762    97804     5143    71709    14893    74831   122812    66809    49321   110491   112711    74177   130856    82704   100610   113804    54077    89932    14893    96286    85379    99522    72244    45078   128389   107443    57805   113782    65983    14893    92540    45078    53136   107135    53136    65440    85819    60992    65440   101499   101938    71350    59762   101499    71350    60992    37279   100610    78581    76499    85819    74177    53846    89112    53846    41910   118871    72244    54077    67418    65729   108219    72244    57805    85723    65729    65221   127991   112711    58487    89112    64212   171763 
   71721    22080    63757    45187    32740    47613    34428    61577    50698    32740    20869    25118    53425    27231    45674    30738    88277    30738    88277    25129    88277    93450    87356    15143    61212    88149    72990    59057    20869    79396    77111        0    18404    36976    43288    30738    22286    87356    30121    50529    22440    58249    71687    83689    79396    21689    55664    59057    41842    69262    43067    39577    61212    41982    65927    44329    27738    20453    79396    26811    11601    45543     8954    32034    88835    47613    19626    44139    22286    79396    32815    32034    45030    43524    45030    50467    22080    39668    50467    30738    31172    50529    22440    30738    50529    39668    43241    65927    27231    63757    22080    39577    36942    53565    36942    66462    49228     8954    27738    26571    15544    38744     8954    19626    21929    15544    37350    87904    43067    36976    53565    25118    98653 
   62014    29557    60400    60486    19797    47820    19299    47734    47342    19797    35439    16600    62511    23874    32192    46036    76918    46036    76918    30038    76918    90093    77649    23164    70299    76790    61631    55700    35439    66870    65753    18404        0    25807    57859    46036     9343    77649    33188    44211     5169    48457    59161    77306    66870    14566    70235    55700    26559    55780    52154    33682    70299    43130    52985    52351    11695    29539    66870    34833    29915    43459    16781    20675    79042    47820     8103    53225     9343    66870    32275    20675    41729    47512    41729    37524    29557    36311    37524    46036    45742    44211     5169    46036    44211    36311    31882    52985    23874    60400    29557    33682    21659    43858    21659    55103    58314    16781    11695    23271     5739    46766    16781     8103    30259     5739    23868    78196    52154    25807    43858    16600    88946 
   88757    36786    49658    82380    46540    71820    42662    55689    21334    46540    51532    12716    81667    14341    55081    61416    61069    61416    61069    43612    61069    67406   104392    48928    89455    57798    45782    29692    51532    60904    58487    36976    25807        0    73952    61416    36086   104392    26498    28073    29459    75285    53106    61168    60904    41309    86328    29692    33463    78648    76852    24093    89455    33760    75733    78123    28991    54238    60904    61975    45281    70203    32102    14809   105336    71820    17704    77924    36086    60904    59018    14809    15675    71512    15675    57307    36786    12148    57307    61416    61835    28073    29459    61416    28073    12148    24616    75733    14341    49658    36786    24093    36753    73094    36753    42594    79094    32102    28991    10173    26149    72538    32102    17704    33123    26149    49268   104940    76852        0    73094    12716   115689 
  104620    49921    84309     9027    75877    53747    77148   104671    80741    75877    24029    62094    15434    64207    88393    11685   125244    11685   125244    39840   125244   114002   120917    52266    15878   110842   109928    96032    24029   116372   114054    43288    57859    73952        0    11685    61769   120917    63017    67944    63091    92588   108663    96631   116372    70700    12975    96032    84561   111981    48213    66677    15878    58043   109044    40687    70457    39796   116372    33791    35058    75530    41850    69169   121200    53747    56602    20820    61769   116372    63484    69169    77495    55108    77495    93582    49921    76644    93582    11685    25628    67944    63091    11685    67944    76644    76655   109044    64207    84309    49921    66677    79661    99974    79661    99876    14822    41850    70457    63547    52040    44878    41850    56602    54825    52040    80069   120802    48213    73952    99974    62094   130599 
   93767    37370    87127    20113    63196    44549    64446    92033    74127    63196    11397    49509    19198    50670    75732        0   112664        0   112664    30814   112664   116831   111017    39715    26986   112169    97377    82486    11397   103916   101499    30738    46036    61416    11685        0    52742   111017    48954    70874    50726    83302    96127   104035   103916    57965    24061    82486    71102    99299    38314    59923    26986    60815    96384    39585    57921    25426   103916    21255    22507    65630    29274    56421   110347    44549    44044    24513    52742   103916    52903    56421    68469    44241    68469    80924    37370    63107    80924        0    21388    70874    50726        0    70874    63107    67628    96384    50670    87127    37370    59923    66959    87257    66959    90850    16625    29274    57921    50010    39959    34000    29274    44044    42329    39959    67478   109950    38314    61416    87257    49509   120699 
   53206    37062    68808    67192    10419    43685    17190    40283    55750    10419    42267    25008    64178    32282    24006    52742    89891    52742    89891    37317    89891    98501    68306    21190    72418    79503    64544    64108    42267    68301    65983    22286     9343    36086    61769    52742        0    68306    41596    52443    10359    39200    60591    85716    68301     8847    74056    64108    21981    47594    41707    42034    72418    51538    44657    55388    12544    31517    68301    37870    36622    34116    23488    23785    69785    43685    16362    55344        0    68301    29451    23785    50125    43376    50125    29194    37062    44720    29194    52742    53127    52443    10359    52742    52443    44720    28336    44657    32282    68808    37062    42034    17081    34516    17081    57177    60433    23488    12544    31623    14147    41821    23488    16362    36966    14147    15682    69388    41707    36086    34516    25008    79603 
   17009   105368   137114   129345    59522    73776    73414    82244   124056    59522   110572    93314   114744   100588    55813   111017   158729   111017   158729   105623   158729   166807        0    76542   121220   162149   128980   132414   110572   137846   126990    87356    77649   104392   120917   111017    68306        0   109902   120749    78664    29306   127121   154022   137846    70813   133293   132414    78117    43696    73784   110339   121220   119844    73894    81357    80850    88298   137846    91225   104928    44979    91794    92091     6220    73776    84668   107501    68306   137846    59094    92091   118966    66054   118966    60212   105368   113026    60212   111017   121432   120749    78664   111017   120749   113026    91064    73894   100588   137114   105368   110339    75674    35874    75674   126702   109235    91794    80850    99928    82453    77017    91794    84668   105272    82453    59974     3379    73784   104392    35874    93314    17069 
   94266    10288    40540    51466    52050    72549    53300    80508    37084    52050    40598    24933    70733    12838    64585    48954    78616    48954    78616    17115    78616    70187   109902    45272    78520    65582    70185    43937    40598    90312    87894    30121    33188    26498    63017    48954    41596   109902        0    24287    37412    80795    82504    57448    90312    46819    54429    43937    58283    88152    69520    11026    78520    14228    85237    69264    44845    47018    90312    51747    34346    75712    20078    42817   113471    72549    30439    70592    41596    90312    64527    42817    35287    75447    35287    69777    10288    25081    69777    48954    27788    24287    37412    48954    24287    25081    54024    85237    12838    40540    10288    11026    57888    76110    57888    62207    68160    20078    44845    16972    32375    63679    20078    30439     6625    32375    58297   110449    69520    26498    76110    24933   121198 
