dep15 0 0 60
**************************************DATA
14 188 480 8 1.33
**************************************DISTANCE
       0    41271    77093    52297   103202   105304    65226    89144   100832   107798    48453    48579    82255    69864    88542    15431    67101    77101   113012    65226   114640    98970   120128   120128    93112    94605    90164   107927    14925    55330    49683    48453    90494    85367    38539    32089    43170    76381   120451    29325    99407    40030    90113    54829    84689    48579   113505   106795    76381   102354    14653    90494   111873    52156   116329    36483    38539    24957   111845    96064    52297    78977   113188    62873    43950    32089   113188    21716     8427    52522    17537    22494   108439    89591    90113    88542   101909   117582    89179    94605    34056   100832    43009    49683    51020   107476    32822   102619    21716    99597   100832   109459   116359    34056    34138    92031    33318    14653    22494    57274   104109    78977    99888    49683   119932    96229    77101    33318    49683    48454    76475    45490    94094    79104    87412    90164   106978   125382    52245    98970    52297    92356    62728    34056    52156    21409    15431    43009    76381    77101    78888    75369    52156    91274   109876     6530    24957   107476     5659    89144    79669    76475    52156     8427    65226    49683    78977    41491     6530   117582   109876    59085    91847   112983   120451    88244    82092    14653    91847    48579    96014    79669    92536    27283    74445    69864    55837    70479   118900   113188    79104   114294    22494   125327     8427   112983    34402   110473     6530   121260    61864    33618    55837    81496    53881    96014    82504    96348    12850 
   41271        0    42119    11443    65608    77233    36039    52262    63943    74563    31414     9580    49022    32110    55849    54285    37937    47587    78143    36039    81374    58116    87015    87015    56251    61381    56940    64141    53222    38297    22720    31414    57261    56196    11936    32738    42604    53642    76911    17598    69893    30798    81684    39980    43835     9580    80264    69964    53642    61451    28296    57261    78759    39145    75994    24599    11936    28696    81466    62839    11443    95762    79955    29983    40740    32738    79955    25983    45296    12408    36358    21731    71550    59106    81684    55849    68888    80650    61097    61381     8284    63943    16627    22720    21856    74234    17801    80371    25983    70777    63943    81388    96887     8284    32985    64634    15387    28296    21731    40251    74922    95762    66774    22720    91078    55375    47587    15387    22720    35190    47287    30654    66360    64188    54179    56940    63276    92116    23038    58116    11443    60520    33511     8284    39145    51474    54285    16627    53642    47587    74684    39380    39145    61421    76555    38687    28696    74234    46230    52262    38815    47287    39145    45296    36039    22720    95762    14439    38687    80650    76555    29921    50735    72080    76911    55020    63983    28296    50735     9580    55170    38815    61665    27932    50680    32110    28874    37256    89616    79955    64188    87851    21731    92061    45296    72080    37682    66770    38687    87994    32646    23015    28874    88715    13027    55170    49390    63107    34209 
   77093    42119        0    33775    58838    32901    15629    45492    57174    74573    45456    39362    49147    10006    55748    86730    25447    19238    78268    15629    81499    48078    86914    86914    49460    57865    56939    33889    84236    42170    58677    45456    57386    18244    52353    69173    76692    25292    56697    50817    25561    61135    81809    48476    37065    39362    80163    34369    25292    39331    64119    57386    78884    64303    42482    60422    52353    64518    78501    62720    33775   113586    79844    46849    67219    69173    79844    58513    81118    30699    68917    55827    64781    52337    81809    55748    68684    65603    21598    57865    44818    57174    41860    58677    33816    74133    53160    80496    58513    70776    57174    37055    97020    44818    65544    64759    46864    64119    55827    48065    36592   113586    66899    58677    46899    25323    19238    46864    58677    70299     8578    57133    66485    65833    55782    56939    33023    92241    25573    48078    33775    18401    20007    44818    64303    84033    86730    41860    25292    19238    92314     3791    64303    23470    42359    74539    64518    74133    82052    45492    32045     8578    64303    81118    15629    58677   113586    36443    74539    65603    42359    32776    43966    45673    56697    55019    65628    64119    43966    39362    48400    32045    18581    60491    26341    10006    52393    48774    89515    79844    65833    87976    55827    92186    81118    45673    70241    36518    74539    88119    16933    50344    52393   100084    40737    48400    51035    63006    70031 
   52297    11443    33775        0    56545    66660    33268    43199    54886    65511    39129    11905    39960    23750    46255    64608    37462    44846    69080    33268    72353    49053    77952    77952    47167    52318    47877    55162    62114    48513    32748    39129    48198    53409    22963    43161    53042    50901    67848    28625    59319    41039    67499    50221    34772    11905    71218    60985    50901    52438    39323    48198    69696    48054    66932    35626    22963    39923    69558    53776        0   104525    70900    20920    50956    43161    70900    36391    56322     6985    48222    32110    62494    50043    67499    46255    59622    71587    55357    52318    19311    54886    25257    32748    25551    65172    28827    71429    36391    61714    54886    70830    87958    19311    44849    55580    26891    39323    32110    45269    70367   104525    57711    32748    82016    46312    44846    26891    32748    44395    44517    40869    57306    55125    45116    47877    54213    83053    20395    49053        0    52176    30770    19311    48054    61894    64608    25257    50901    44846    81615    31435    48054    58681    67492    49714    39923    65172    57515    43199    29752    44517    48054    56322    33268    32748   104525    19839    49714    71587    67492    32185    41673    63066    67848    45957    54921    39323    41673    11905    46097    29752    52602    38355    47940    23750    26464    28192    80553    70900    55125    78788    32110    83040    56322    63066    48514    57708    49714    78931    29906    33230    26464    90897     3964    46097    40327    54044    45236 
  103202    65608    58838    56545        0    60716    68953    13330    20621    40973    98779    67279    24746    62713    15978   117513    78770    72571    48203    68953    64830    35862    33758    33758    16270    10880    36412    47824   115018    95503    55111    98779    25970    70013    67427    96066   105947    78626    36559    81529    62687    97321    50494   101822    25188    67279    27007    53226    78626    34063    90174    25970    61512   104336    47017    72310    67427    87404    31000    24551    56545    82276    46920    43282   101838    96066    46920    89295   107216    62358    99655    84929    18433    10693    50494    15978    37307    30927    69112    10880    73351    20621    80636    55111    87112    25844    69569    49181    89295    39465    20621    65604    76502    73351    96299    36643    80578    90174    84929   101398    56533    82276    30815    55111    53776    46007    72571    80578    55111    66757    66551    97177    35861    45727    20913    36412    38351    75572    78897    35862    56545    60423    73330    73351   104336   114799   117513    80636    78626    72571    73513    55047   104336    74614    49117   100361    87404    25844   108162    13330    33063    66551   104336   107216    68953    55111    82276    75213   100361    30927    49117    86099    26995    44692    36559    25666    45522    90174    26995    67279    27722    33063    52573    91260    79674    62713    48827    33754    36523    46920    45727    70604    84929    75147   107216    44692   101418    39672   100361    69655    69655    89538    48827    68757    53085    27722    30938    14324    96076 
  105304    77233    32901    66660    60716        0    43075    48777    50507    93343    68148    68640    67801    42891    68825   109955    49490    35488    96687    43075   100186    38403    91305    91305    45686    66973    75710    16263   107461    55467    91578    68148    76040    26120    81574    82469    89979    38589    32244    83236     8476    74422    95332    61786    60635    68640    86368    12098    38589    29449    93720    76040    96671    77590    16774    88633    81574    94116    90361    77398    66660   132357    94522    79750    80515    82469    94522    89168   109330    63583    96111    85159    50675    63044    95332    68825    87455    50249    16395    66973    73030    50507    71194    91578    63157    82863    82528    99262    89168    89546    50507     5241   112271    73030    88798    83413    76232    93720    85159    61366     7151   132357    83300    91578    20054    24273    35488    76232    91578   103225    29976    70431    85138    84252    74201    75710    31925   110928    54941    38403    66660    21784    49375    73030    77590   107241   109955    71194    38589    35488   111134    36692    77590    29117    11844   103907    94116    82863   118203    48777    49720    29976    77590   109330    43075    91578   132357    65771   103907    50249    11844    57745    35328    23323    32244    73790    84048    93720    35328    68640    40490    49720    26429    86754    39642    42891    85294    67556    95884    94522    84252   106662    85159   110872   109330    23323    88576    24126   103907   104794    52669    77723    85294   118838    73638    40490    69454    70417    99622 
   65226    36039    15629    33268    68953    43075        0    55596    67288    84803    30459    27495    59262    13417    65862    74977    10913     8997    88382        0    91614    61461    97028    97028    59596    67997    67044    44467    73914    28648    51493    30459    67501    21834    40487    55651    63161    15052    67275    38960    35734    44692    91924    34954    47180    27495    90278    44543    15052    49909    52252    67501    88998    54052    52656    48555    40487    52651    91480    72824    33268   124219    89968    50125    53698    55651    89968    46676    69252    30192    57051    43961    74895    62451    91924    65862    79127    76181    26938    67997    32952    67288    29994    51493    21949    84248    41304    90611    46676    80880    67288    47229   107126    32952    53677    74874    35007    52252    43961    29329    40733   124219    77014    51493    57073    35902     8997    35007    51493    60540    13098    43611    76599    75947    65896    67044    43601   102356    13557    61461    33268    28980     8150    32952    54052    72167    74977    29994    15052     8997   102428    13896    54052    27723    46500    62682    52651    84248    70186    55596    42160    13098    54052    69252        0    51493   124219    24577    62682    76181    46500    17779    54080    59006    67275    65123    75743    52252    54080    27495    58515    42160    29160    48625    13984    13417    55670    58889    99630    89968    75947    98090    43961   102300    69252    59006    58375    47096    62682    98233    11444    38477    55670   110199    36061    58515    61149    73121    58165 
   89144    52262    45492    43199    13330    48777    55596        0    11665    44693    85443    53921    19152    49367    20049   103345    65896    59215    48273    55596    51504    23551    43919    43919     3973    18435    26933    35696   103370    82147    42721    85443    27391    63736    53260    81798    91664    65269    31307    67404    50646    82643    51814    88453    11841    53921    37169    41168    65269    21693    76170    27391    48257    91006    36237    57589    53260    72036    42634    28621    43199    84110    45746    29114    92585    81798    45746    75043    93169    49012    85418    71969    19272    14629    51814    20049    39018    28372    56984    18435    60129    11665    67284    42721    73793    37479    57180    50501    75043    40769    11665    53550    63686    60129    82045    34764    67249    76170    71969    88042    44232    84110    34885    42721    48244    33705    59215    67249    42721    52564    53204    82499    36490    35838    25787    26933    26050    62246    65400    23551    43199    48294    59994    60129    91006   100534   103345    67284    65269    59215    62318    41701    91006    62537    36816    87971    72036    37479    94104        0    20771    53204    91006    93169    55596    42721    84110    61867    87971    28372    36816    72763    14685    32322    31307    25012    35633    76170    14685    53921    15412    20771    40444    76992    66318    49367    36437    18779    46521    45746    35838    57349    71969    61872    93169    32322    86742    27544    87971    56379    56309    74860    36437    70089    39739    15412    21040    21900    82083 
  100832    63943    57174    54886    20621    50507    67288    11665        0    56231    97115    65609    30840    61054    30289   117108    77105    70902    59960    67288    63192    26077    51211    51211    12363    29539    38598    36122   114614    93834    54386    97115    39079    58342    64948    93485   105542    76957    23715    81125    52375    95656    63502   100141    23529    65609    44460    42898    76957    20828    87858    39079    58498   102671    34189    69277    64948    83723    49926    40286    54886    95245    65846    42558   104273    93485    65846    88891   104857    60700    97106    83656    11703    24870    63502    30289    50343    20803    57410    29539    71817        0    78972    54386    85480    44771    68845    62189    88891    52434        0    55183    75158    71817    93732    46452    78914    87858    83656    99730    46112    95245    45126    54386    40674    34315    70902    78914    54386    64251    64886    94186    48177    47525    37474    38598    26659    73934    77232    26077    54886    48721    71665    71817   102671   112221   117108    78972    76957    70902    74006    53382   102671    62964    38696    99637    83723    44771   105791    11665    23296    64886   102671   104857    67288    54386    95245    73554    99637    20803    38696    84435    17210    31511    23715    36677    47321    87858    17210    65609    10806    23296    40871    88679    78005    61054    48102    30467    53812    65846    47525    67590    83656    72112   104857    31511    98429    27970    99637    66620    67991    86547    48102    81777    51421    10806    32727    32191    93770 
  107798    74563    74573    65511    40973    93343    84803    44693    56231        0   102312    76233    27035    78447    25832   121998    94620    88295    11276    84803     7257    68117    32788    32788    48662    34154    26099    80262   122023   111227    59586   102312    18794    92817    71914   100452   110422    94350    76000    86005    95212   101690    23760   117534    40922    76233    32987    85734    94350    66259    94824    18794     4641   108705    80803    80823    71914    89043    24288    20581    65511    53012    26629    47757   109346   100452    26629    93770   111823    71324   104072    90622    55417    32093    23760    25832     7384    70631    96171    34154    78183    56231    87578    59586    89778    28897    74044    21655    93770    11136    56231    97996    21543    78183   100698    26390    84947    94824    90622   117123    88925    53012    13396    59586    90502    78398    88295    84947    59586    68852    82401   101604    15846    39271    23324    26099    70743    17998    81843    68117    65511    92974    89074    78183   108705   119188   121998    87578    94350    88295    46784    70897   108705    98042    81509   104836    89043    28897   112758    44693    51690    82401   108705   111823    84803    59586    53012    85911   104836    70631    81509   101950    59251    76888    76000    19553    27776    94824    59251    76233    59978    51690    85010    95646    95398    78447    53302    38213    32467    26629    39271    13733    90622    17943   111823    76888   105395    72110   104836    13876    85390    93965    53302    42035    62051    59978    32513    33991    90376 
   48453    31414    45456    39129    98779    68148    30459    85443    97115   102312        0    26890    76771    40927    83597    52449    20936    35613   105891    30459   109123    89404   114763   114763    89411    89171    84731    75215    51386    12681    44249        0    85010    45500    33072    24825    34699    33732    93123    20886    60807    16148   101506    13816    77006    26890   108012    69616    33732    80657    44838    85010   106507    22310    77729    41141    33072    45237   109215    90630    39129   110464   107703    57372    22871    24825   107703    26809    57598    31668    37185    31397   104722    84106   101506    83597    96636   106929    52011    89171    25537    97115    15928    44249    19118   101983    34059   108120    26809    98567    97115    72302   124635    25537    31149    92383    19802    44838    31397    10387    66956   110464    94523    44249    82146    66702    35613    19802    44249    53125    44849    12785    94108    81936    81928    84731    74402   119865    24712    89404    39129    59727    32353    25537    22310    49638    52449    15928    33732    35613    91225    43743    22310    46909    72723    50727    45237   101983    62128    85443    71987    44849    22310    57598    30459    44249   110464    23971    50727   106929    72723    15529    83907    84079    93123    82810    84982    44838    83907    26890    88341    71987    59907    29110    31804    40927    50403    65004   117364   107703    81936   115599    31397   119809    57598    84079    30932    77844    50727   115742    34591    16527    50403   100108    41922    88341    77139    90855    50750 
   48579     9580    39362    11905    67279    68640    27495    53921    65609    76233    26890        0    50693    25593    56977    58256    29370    38994    79814    27495    83076    59787    88685    88685    57889    63040    58600    70033    55761    35789    35249    26890    58932    47636    22148    34646    47715    45048    78570    22342    61300    28073    78222    37493    45506        0    81941    69064    45048    63160    35605    58932    80429    35326    78222    31908    22148    36004    80281    64499    11905   101091    81623    31642    38232    34646    81623    30038    52604     5125    40403    27317    73221    60777    78222    56977    70344    82321    52504    63040    16719    65609    13346    35249    13262    75905    24686    82042    30038    72436    65609    71728    98680    16719    37030    66302    18389    35605    27317    33212    66378   101091    68445    35249    82639    57034    38994    18389    35249    44150    38744    28145    68030    65859    55850    58600    64935    93787    14514    59787    11905    54625    24997    16719    35326    55542    58256    13346    45048    38994    81993    33267    35326    52828    72145    46064    36004    75905    53865    53921    40486    38744    35326    52604    27495    35249   101091     7929    46064    82321    72145    21354    52406    73789    78570    56679    65654    35605    52406        0    56840    40486    54805    32003    42087    25593    37186    38927    91287    81623    65859    89522    27317    93731    52604    73789    42161    68430    46064    89665    24133    21830    37186   101630    14686    56840    51061    64778    41517 
   82255    49022    49147    39960    24746    67801    59262    19152    30840    27035    76771    50693        0    52905     9967    96447    69079    62753    30613    59262    33877    42575    41672    41672    23121    16030    10927    54675    93952    85685    34045    76771     9731    67393    46372    75000    84881    68807    50459    60464    69669    76149    29023    85331    15380    50693    34930    60077    68807    40914    69108     9731    31229    83164    55260    50700    46372    66338    32564    16782    39960    66049    33906    22216    83803    75000    33906    68229    86281    45773    78529    63863    39185    11016    29023     9967    21146    47396    70628    16030    52641    30840    62035    34045    64236    28892    48503    32953    68229    23238    30840    72455    49482    52641    75156    17104    59406    69108    63863    91580    63384    66049    19244    34045    67676    52858    62753    59406    34045    45691    56860    76005    18830    23295     6649    10927    45202    44586    56292    42575    39960    67549    63639    52641    83164    93733    96447    62035    68807    62753    47887    45356    83164    72500    55968    79295    66338    28892    87096    19152    26264    56860    83164    86281    59262    34045    66049    58628    79295    47396    55968    76409    33708    51542    50459     7481    24547    69108    33708    50693    34573    26264    59424    70194    69856    52905    27761    12688    39619    33906    23295    40321    63863    44564    86281    51542    80352    46523    79295    40464    59965    68366    27761    52429    36500    34573     8873    17765    75010 
   69864    32110    10006    23750    62713    42891    13417    49367    61054    78447    40927    25593    52905        0    59072    79512    20917    22221    82142    13417    85290    55221    90788    90788    53335    61740    60814    43207    77017    45153    52435    40927    61261    28252    43215    55901    68971    28275    65931    43598    35551    49329    80436    51472    40940    25593    84036    49284    28275    48492    57133    61261    82758    56582    52472    53193    43215    57529    82376    66594    23750   117461    83718    40606    59507    55901    83718    51294    73890    20673    61689    48573    68661    56211    80436    59072    72558    77755    31667    61740    39238    61054    34632    52435    26570    78008    45941    84366    51294    74650    61054    47062   100894    39238    58315    68516    39645    57133    48573    42995    46598   117461    70774    52435    62420    34357    22221    39645    52435    64081    21892    49423    70242    69707    59656    60814    42258    96116    18355    55221    23750    28408    15477    39238    56582    76798    79512    34632    28275    22221    96237     7666    56582    33460    52365    67320    57529    78008    75121    49367    35920    21892    56582    73890    13417    52435   117461    29185    67320    77755    52365    28247    47840    54907    65931    58893    69503    57133    47840    25593    52265    35920    28588    53259    29324        0    46151    52660    89431    83718    69707    91850    48573    95976    73890    54907    63417    45752    67320    91993     9648    43091    46151   103942    25868    52265    54909    66879    63035 
   88542    55849    55748    46255    15978    68825    65862    20049    30289    25832    83597    56977     9967    59072        0   103273    75679    68921    33027    65862    32611    43599    32904    32904    24017     7400    18940    55744   100779    91853    40871    83597    10829    73442    52658    81827    91707    74975    48682    67290    70693    82975    35354    92157    21547    56977    26154    60973    74975    41810    75568    10829    29046    89990    56284    56987    52658    71433    25193     9411    46255    67135    26535    29043    90090    81827    26535    75056    92567    52068    84816    70689    30422     7098    35354        0    22167    45636    76796     7400    58927    30289    68322    40871    70522    20124    55329    33931    75056    24324    30289    73351    44283    58927    81442    21502    66233    75568    70689    97748    64280    67135    15674    40871    65507    53754    68921    66233    40871    52518    63460    82348    20721    30947     5773    18940    46099    43379    63118    43599    46255    68342    70240    58927    89990    99932   103273    68322    74975    68921    58268    51956    89990    78668    56865    86121    71433    20124    93502    20049    32315    63460    89990    92567    65862    40871    67135    65454    86121    45636    56865    83009    34732    52439    48682    10526    30743    75568    34732    56977    35460    32315    60492    77021    76023    59072    34587    18957    35506    26535    30947    38138    70689    42661    92567    52439    87179    47592    86121    37168    66565    74709    34587    53519    43326    35460    16149     8997    81481 
   15431    54285    86730    64608   117513   109955    74977   103345   117108   121998    52449    58256    96447    79512   103273        0    67281    77420   127743    74977   128799   111281   134439   134439   107313   108805   104365   117022     6659    54488    63883    52449   104686    87308    52748    31176    30331    75540   130779    35983   102615    36086    98417    50747    97000    58256   127688   111424    75540   122465    29397   104686   126183    39318   119537    51260    52748    39733   126046   110264    64608    93709   127388    77074    31025    31176   127388    30015    19842    62705    19617    31364   124715   103782    98417   103273   116110   133815    93819   108805    46109   117108    47432    63883    55856   121659    47554   117364    30015   118201   117108   114252   131091    46109    21214   112059    39975    29397    31364    56442   108903    93709   114199    63883   123954   108650    77420    39975    63883    63244    86226    41375   101521    93835   101603   104365   116350   139541    61903   111281    64608   101535    72375    46109    39318     8577        0    47432    75540    77420    93631    85120    39318    88717   114670    21262    39733   121659     8606   103345    91980    86226    39318    19842    74977    63883    93709    51176    21262   133815   114670    59265   103900   126149   130779   102444    96882    29397   103900    58256   108335    91980   101715    30299    73612    79512    70037    84680   137040   127388    93835   129038    31364   139485    19842   126149    21477   119652    21262   135418    71511    40206    70037    96233    66192   108335    96815   110531    27594 
   67101    37937    25447    37462    78770    49490    10913    65896    77105    94620    20936    29370    69079    20917    75679    67281        0    16955    98199    10913   101431    71278   106845   106845    69865    78270    77344    56557    66218    24058    53422    20936    77318    26842    42362    43518    51026    16634    74466    33038    42150    34841   101741    30365    56997    29370   100095    50958    16634    61999    54127    77318    98815    38637    59071    50430    42362    54526    98906    83124    37462   133991   100248    54318    41564    43518   100248    38979    71127    34385    49354    43567    84712    72268   101741    75679    88944    88271    33353    78270    34827    77105    26537    53422    16470    94065    43232   100428    38979    91180    77105    53648   116943    34827    45981    84691    31954    54127    43567    21339    48299   133991    86831    53422    63488    48046    16955    31954    53422    62415    25302    31477    86416    85765    75713    77344    55746   112173    17439    71278    37462    41070    12343    34827    38637    64470    67281    26537    16634    16955   100515    24196    38637    32732    54066    64610    54526    94065    72061    65896    51977    25302    38637    71127    10913    53422   133991    26451    64610    88271    54066     8256    63897    65421    74466    75423    85560    54127    63897    29370    68332    51977    41250    40928    13290    20917    60326    68706   109447   100248    85765   107907    43567   112117    71127    65421    49625    59186    64610   108050    15637    30196    60326   120016    40254    68332    70967    82938    60040 
   77101    47587    19238    44846    72571    35488     8997    59215    70902    88295    35613    38994    62753    22221    68921    77420    16955        0    92001     8997    95138    56928   100635   100635    63183    71588    70662    42713    74926    22932    63071    35613    70992    12770    51928    49934    57444     6055    60460    50701    28148    41887    90284    29251    50788    38994    93884    36979     6055    47974    64073    70992    92522    45055    45185    60375    51928    64470    92224    76442    44846   127309    93566    60572    47981    49934    93566    56633    81115    41770    63499    55513    78510    66042    90284    68921    82407    74358    19362    71588    44166    70902    41548    63071    33511    87855    52882    94214    56633    84498    70902    39642   110743    44166    56206    78365    46585    64073    55513    28827    34293   127309    80508    63071    50116    34040        0    46585    63071    72346    13364    37896    80090    79605    67909    70662    41740   105880    25295    56928    44846    27118    19728    44166    45055    74706    77420    41548     6055        0   106086    17514    45055    18680    40060    74260    64470    87855    85668    59215    45768    13364    45055    81115     8997    63071   127309    36125    74260    74358    40060    25211    57689    51538    60460    68741    79400    64073    57689    38994    62113    45768    27298    54219     7103    22221    66116    62508    99279    93566    79605   101614    55513   105824    81115    51538    56041    45234    74260   101757    23022    45188    66116   113790    46965    62113    64768    76727    69975 
  113012    78143    78268    69080    48203    96687    88382    48273    59960    11276   105891    79814    30613    82142    33027   127743    98199    92001        0    88382    18888    71833    40413    40413    52241    39590    25290    83796   127237   114933    63165   105891    23126    96513    75481   104121   114001    98055    79580    89584    98658   105269    17558   114451    44617    79814    40578    89197    98055    70034    98229    23126    16273   112284    84345    78247    75481    86703    32244    26017    69080    44523    34584    51337   109892   104121    34584    97350   111030    74893   107710    92983    62745    39288    17558    33027    10895    76710    99929    39590    81690    59960    91089    63165    93347    35452    77624    10379    97350     8039    59960   101575    33809    81690   104353    23917    88527    98229    92983   120828    92504    44523    19038    63165    96796    81978    92001    88527    63165    66262    85980   105125    13495    36798    26902    25290    74323    29630    85412    71833    69080    96669    92759    81690   112284   122853   127743    91089    98055    92001    39847    74476   112284   102420    85089   108902    86703    35452   117971    48273    55385    85980   112284   111030    88382    63165    44523    87748   108902    76710    85089   105529    62967    80663    79580    23132    25425    98229    62967    79814    63694    55385    88544    99315    99103    82142    56881    41808    40297    34584    36798    27574    92983    29575   111030    80663   109473    75644   108902    25508    89085    97486    56881    35091    65620    63694    36189    41207    87982 
   65226    36039    15629    33268    68953    43075        0    55596    67288    84803    30459    27495    59262    13417    65862    74977    10913     8997    88382        0    91614    61461    97028    97028    59596    67997    67044    44467    73914    28648    51493    30459    67501    21834    40487    55651    63161    15052    67275    38960    35734    44692    91924    34954    47180    27495    90278    44543    15052    49909    52252    67501    88998    54052    52656    48555    40487    52651    91480    72824    33268   124219    89968    50125    53698    55651    89968    46676    69252    30192    57051    43961    74895    62451    91924    65862    79127    76181    26938    67997    32952    67288    29994    51493    21949    84248    41304    90611    46676    80880    67288    47229   107126    32952    53677    74874    35007    52252    43961    29329    40733   124219    77014    51493    57073    35902     8997    35007    51493    60540    13098    43611    76599    75947    65896    67044    43601   102356    13557    61461    33268    28980     8150    32952    54052    72167    74977    29994    15052     8997   102428    13896    54052    27723    46500    62682    52651    84248    70186    55596    42160    13098    54052    69252        0    51493   124219    24577    62682    76181    46500    17779    54080    59006    67275    65123    75743    52252    54080    27495    58515    42160    29160    48625    13984    13417    55670    58889    99630    89968    75947    98090    43961   102300    69252    59006    58375    47096    62682    98233    11444    38477    55670   110199    36061    58515    61149    73121    58165 
  114640    81374    81499    72353    64830   100186    91614    51504    63192     7257   109123    83076    33877    85290    32611   128799   101431    95138    18888    91614        0    74960    37624    37624    55473    39200    32910    87105   126304   118070    66397   109123    25637    99659    78757   107294   117233   101192    98066    92816   102054   108501    30603   124376    47764    83076    37823    92429   101192    73102   101666    25637     8925   115516    87645    87666    78757    95885    29334    25627    72353    69689    24946    54568   116188   107294    24946   100581   118666    78167   110914    97465    81568    38871    30603    32611    14170    96782   103013    39200    85026    63192    94420    66397    96620    33732    80855    29268   100581    19136    63192   104807    22503    85026   107541    33232    91758   101666    97465   123965    95736    69689    21807    66397   116653    85209    95138    91758    66397    75695    89212   108447    22688    46113    30166    32910    77554    10944    88644    74960    72353    99816    95991    85026   115516   126030   128799    94420   101192    95138    53627    77708   115516   104885    88320   111647    95885    33732   119600    51504    58532    89212   115516   118666    91614    66397    69689    92753   111647    96782    88320   108761    66093    83894    98066    26364    34619   101666    66093    83076    66820    58532    91853   102488   102241    85290    60113    45056    24169    24946    46113    18018    97465    14221   118666    83894   112238    78952   111647     6822    92317   100808    60113    48878    68852    66820    39355    40770    97218 
   98970    58116    48078    49053    35862    38403    61461    23551    26077    68117    89404    59787    42575    55221    43599   111281    71278    56928    71833    61461    74960        0    66451    66451    20460    41747    50484    25188   108786    76723    63534    89404    50814    47377    69636    89834    99715    60034    27275    75297    40271    95678    70106    83042    33483    59787    61142    30590    60034    10278    86200    50814    71817    98846    25862    81150    69636    86596    65135    52172    49053   107131    69296    51705   101772    89834    69296    83063   102995    54866    94058    78783    37258    38189    70106    43599    62229    36142    46476    41747    65984    26077    73144    63534    79620    57637    75500    74036    83063    64320    26077    42967    87045    65984    90684    58187    73087    86200    78783    82806    33897   107131    58445    63534    41535    23370    56928    73087    63534    75180    45558    91687    59912    59398    49347    50484    15715    85806    71405        0    49053    37787    65838    65984    98846   108567   111281    73144    60034    56928    85908    47555    98846    52163    26481    96386    86596    57637   104187    23551    19301    45558    98846   102995    61461    63534   107131    67721    96386    36142    26481    78608     9350    20907    27275    48564    59193    86200     9350    59787    15264    19301    29936    85028    61082    55221    57250    42330    70658    69296    59398    81436    78783    85646   102995    20907    95186    17036    96386    79940    62163    82046    57250    93612    45593    15264    44600    45191    92101 
  120128    87015    86914    77952    33758    91305    97028    43919    51211    32788   114763    88685    41672    90788    32904   134439   106845   100635    40413    97028    37624    66451        0        0    46859    38104    53339    78414   131945   123579    72037   114763    32501   105159    84353   112992   122873   106701    67149    98456    94987   114141    45423   123323    53263    88685     8333    83815   106701    64652   107101    32501    33911   121156    79096    89236    84353   104330     9159    27412    77952    77204    12075    60208   118764   112992    12075   106222   124142    83765   116530   101855    49023    38264    45423    32904    29041    61517    99702    38104    90641    51211    99961    72037   102219    19378    86495    44109   106222    34007    51211    96193    49296    90641   113225    47985    97399   107101   101855   129462    87122    77204    28461    72037    84365    76596   100635    97399    72037    83683    94626   113997    37506    62653    37840    53339    68941    48366    94284    66451    77952    91012   101405    90641   121156   131725   134439    99961   106701   100635    68442    83122   121156   105203    79707   117287   104330    19378   125088    43919    64031    94626   121156   124142    97028    72037    77204    96620   117287    61517    79707   114175    59026    75281    67149    41234    49437   107101    59026    88685    58312    64031    83162   108186   107738    90788    65753    50680    17849    12075    62653    43398   101855    47941   124142    75281   118345    70262   117287    42449    97731   106358    65753    63685    74492    58312    47864    33456   113002 
