dep51 0 0 60
**************************************DATA
10 128 480 8 1.33
**************************************DISTANCE
       0   100798    37189    17362    82021    33615     8297    14829    19346    52924    99301    82021    82021    36036    43044    26559    19346    33744    54921    41090    59556    50114    52059     9127    83696    34469     8487    52360    82021    37669    52360    25502    81454     7231    25851     8564   109850    35151    19346    22539   100798   105408    54921    31586    22646    13648    19046     8487     8487    34372    12389    52924    15300    33615    66032    42657     7529    34962    54921    54921   101192    79481    30770     8487    30770    66032    33744    38132    30049     7529    42925    43044    55896   101192    47709    34962    50354    30770    17362    42729    30049    68363    53394    19346    42173    86223    70963    41005    53394   105408    15987     7231    91933   112991    34372    41090   101192    34469    23853    42173    52924    25502     7529    14896   112991    47709    87436   134887   124533    23853    59556    12449    30144     4067    41090    19046    32323   105408    43320     8297    36036    25502    53522    70963    37189    31586   103554    37669    79481 
  100798        0    56628   117793    44135    82816    97063   111308   103920    59456    20493    44135    44135   129676    93115   111340   103920    86370    62549    63955    54705    72819    31752   109558     9679    81299   105556    33337    44135    84549    33337   120191     5689   102706   120540   103060    56630    83102   103920    64310        0    31392    62549    86042    67512   114078    96506   105556   105556   128181   114915    59456   102822    82816    19567    76615   110600    85885    62549    62549    73719     8968    73312   105556    73312    19567    86370    78240   110898   110600    95303    93115    40252    73719    37959    85885    63997    73312   117793    92726   110898    87979    56003   103920    93024    61419    14776    98816    56003    31392   100561   102706    18947    36023   128181    63955    73719    81299   129234    93024    59456   120191   110600   109586    36023    37959     8070    81663    74599   129234    54705    96150    76690    98888    63955    96506    82772    31392    70266    97063   129676   120191    44522    14776    56628    86042    26549    84549     8968 
   37189    56628        0    53859    60128    32241    32706    38807    40311    26814    74754    60128    60128    65742    44316    48602    40311    37489    46526    22156    20298    50553    30167    45624    59149    30724    43717    25290    60128    39847    25290    56258    56907    31804    56606    39126    89905    38611    40311    16258    56628    80861    46526    36531    19353    50145    32997    43717    43717    64572    48886    26814    29539    32241    38559    31913    36763    38706    46526    46526    55551    52411    16582    43717    16582    38559    37489    27461    32775    36763    50601    44316    20678    55551    23162    38706    39684    16582    53859    72928    32775    72255     7635    40311    71879    61707    43893    51734     7635    80861    36952    31804    67386    85921    64572    22156    55551    30724    65625    71879    26814    56258    36763    45652    85921    23162    60366   112994   107873    65625    20298    24987    21699    35279    22156    32997    34667    80861    41198    32706    65742    56258    17045    43893        0    36531    76018    39847    52411 
   17362   117793    53859        0    98609    52648    33521    17442    38993    69321   118947    98609    98609    51006    58170    26984    38993    51029    74568    58471    79202    78209    68763    12796   103342    53502    15072    71393    98609    55063    71393    25502   101101    18846    22999    21152   126211    52859    38993    42186   117793   125055    74568    48765    39935     9754    36325    15072    15072    49498    11032    69321    26915    52648    82753    59955    17984    52246    74568    74568   120839    96861    49803    15072    49803    82753    51029    55535    36816    17984    57577    58170    73233   120839    67355    52246    67724    49803        0    57855    36816    81813    69443    38993    56027   105869    87780    55346    69443   125055    35634    18846   111580   132023    49498    58471   120839    53502    50552    56027    69321    25502    17984    18048   132023    67355   104348   153919   144180    50552    79202    24064    55085    22242    58471    36325    49278   125055    60648    33521    51006    25502    71549    87780    53859    48765   120212    55063    96861 
   82021    44135    60128    98609        0    39635    77880    92125    52107    40679    61997        0        0    56932    50640    92156    52107    44189    21109    45452    69806    31378    33051    90374    51183    40651    86779    37098        0    37155    37098   101008    47193    83522   102582    85081    18247    37950    52107    67918    44135    72896    21109    44312    81339    97317    77729    86779    86779    56918    96138    40679    83639    39635    48315    31014    91417    43410    21109    21109   111442    55852    54128    86779    54128    48315    44189    35082    92121    91417    44984    50640    44066   111442    39457    43410    23223    54128    98609    51285    92121    49596    60047    52107    52166    96473    50827    53449    60047    72896    81784    83522    60451    78219    56918    45452   111442    40651    65661    52166    40679   101008    91417    91958    78219    39457    49745    42975    36216    65661    69806    76967    82864    80111    45452    77729    40297    72896    29105    77880    56932   101008    45185    50827    60128    44312    68053    37155    55852 
   33615    82816    32241    52648    39635        0    23635    39349    13732    25217    94937    39635    39635    27648    13689    48677    13732     6906    24145    18349    52882    21410    32276    44478    79332     6669    38373    33452    39635    10705    33452    34587    77090    32346    41823    31965    54605     7191    13732    24182    82816   101044    24145     6030    21345    48911    18447    38373    38373    29121    47732    25217    41081        0    58742     9532    34664     8124    24145    24145    99901    72851    13447    38373    13447    58742     6906     4888    48093    34664    18436    13689    52541    99901    31580     8124    17302    13447    52648    26918    48093    43086    38683    13732    31645    84932    63769    21949    38683   101044    16174    32346    87569   105638    29121    18349    99901     6669    25516    31645    25217    34587    34664    36419   105638    31580    80337    70262    72615    25516    52882    33482    41572    31705    18349    18447     3830   101044    14565    23635    27648    34587    23238    63769    32241     6030    96201    10705    72851 
    8297    97063    32706    33521    77880    23635        0    20223    11896    48592    98218    77880    77880    27265    26831    29974    11896    23932    46814    34032    58473    40397    48034    25351    82613    24122    13601    48932    77880    27966    48932    24595    80372    13307    29007    10162   105482    25762    11896    21033    97063   104325    46814    21668    15496    19661    10384    13601    13601    41871    28606    48592    21954    23635    62024    32201    15537    25150    46814    46814   100110    76132    23605    13601    23605    62024    23932    26914    28966    15537    35462    26831    52503   100110    46626    25150    39971    23605    33521    50227    28966    60411    48714    11896    48399    85140    67050    32255    48714   104325     8537    13307    90851   108919    41871    34032   100110    24122    18158    48399    48592    24595    15537    18383   108919    46626    83619   130236   123451    18158    58473    14356    33933     4065    34032    10384    22181   104325    33552        0    27265    24595    36595    67050    32706    21668    99482    27966    76132 
   14829   111308    38807    17442    92125    39349    20223        0    27353    62837   112463    92125    92125    53760    59584    10901    27353    39389    67914    51818    52151    79623    62279     7704    96858    44576    16486    63177    92125    43423    63177    34663    94617     7879    33448    22566   119727    41219    27353    27135   111308   118570    67914    37126    33281    13704    29671    16486    16486    50912     8589    62837    10892    39349    76269    53301    26696    40607    67914    67914   114354    90377    41391    16486    41391    76269    39389    48882    15953    26696    58991    59584    66748   114354    60871    40607    61071    41391    17442    59268    15953    83227    43335    27353    57440    99385    81295    56760    43335   118570    23994     7879   105096   123164    50912    51818   114354    44576    51965    57440    62837    34663    26696    24504   123164    60871    97864   144481   137696    51965    52151    13821    25234    23656    51818    29671    37638   118570    62580    20223    53760    34663    54380    81295    38807    37126   113727    43423    90377 
   19346   103920    40311    38993    52107    13732    11896    27353        0    37267   105170    52107    52107    25808    17287    37017        0    13861    36849    30840    65574    30230    55181    30758    89714    14220    22210    55482    52107    17786    55482    26729    87473    20350    33964    15637    70437    15268        0    19268   103920   109420    36849    13364    14323    35278     7078    22210    22210    29807    34020    37267    28500    13732    69154    21914    31800    15079    36849    36849   107211    82603    22289    22210    22289    69154    13861    16974    36067    31800    24633    17287    59018   107211    52826    15079    29612    22289    38993    33978    36067    56912    56516        0    39638    92188    74085    29263    56516   109420     6909    20350    97952   116113    29807    30840   107211    14220    15932    39638    37267    26729    31800    28560   116113    52826    90558    79349    81768    15932    65574    20288    41623    19679    30840     7078    12439   109420    23437    11896    25808    26729    35391    74085    40311    13364   106676    17786    82603 
   52924    59456    26814    69321    40679    25217    48592    62837    37267        0    77043    40679    40679    42631    35242    62868    37267    28771    27877     6356    40709    37380     8597    61086    46720    23700    57682    13051    40679    26676    13051    71720    62240    54234    72069    54588    67600    25503    37267    27659    59456    68432    27877    28442    26802    65607    30404    57682    57682    48115    64348        0    54351    25217    26131    18742    62128    27366    27877    27877    82346    40084    15713    57682    15713    26131    28771    20437    63024    62128    37430    35242    22231    82346    14724    27366    26576    15713    69321    45912    63024    60222    30950    37267    51592    67376    31565    41218    30950    68432    32620    54234    54958    73593    48115     6356    82346    23700    81360    51592        0    71720    62128    61114    73593    14724    64894    93544    85569    81360    40709    47678    46876    51014     6356    30404    24543    68432    28090    48592    42631    71720     6436    31565    26814    28442    63589    26676    40084 
   99301    20493    74754   118947    61997    94937    98218   112463   105170    77043        0    61997    61997   130830   110930   112495   105170   104232    80364    81817    73055    90114    51732   110712    22256    93420   108806    51561    61997   102213    51561   121346    16094   103861   121695   104214    74488   100964   105170    82660    20493    33221    80364    99227    85715   115233    98528   108806   108806   129431   113974    77043   103977    94937    37659    94339   111755   102827    80364    80364    86296    26851    79278   108806    79278    37659   104232    90157   112148   111755   112048   110930    58476    86296    56257   102827    81859    79278   118947   110540   112148   105907    73822   105170   110886    73996    36502   116678    73822    33221   101811   103861    13585    32364   129431    81817    86296    93420   130484   110886    77043   121346   111755   110741    32364    56257    12815    99525    73488   130484    73055    91441    94908   100137    81817    98528   100004    33221    88127    98218   130830   121346    62746    36502    74754    99227    28354   102213    26851 
   82021    44135    60128    98609        0    39635    77880    92125    52107    40679    61997        0        0    56932    50640    92156    52107    44189    21109    45452    69806    31378    33051    90374    51183    40651    86779    37098        0    37155    37098   101008    47193    83522   102582    85081    18247    37950    52107    67918    44135    72896    21109    44312    81339    97317    77729    86779    86779    56918    96138    40679    83639    39635    48315    31014    91417    43410    21109    21109   111442    55852    54128    86779    54128    48315    44189    35082    92121    91417    44984    50640    44066   111442    39457    43410    23223    54128    98609    51285    92121    49596    60047    52107    52166    96473    50827    53449    60047    72896    81784    83522    60451    78219    56918    45452   111442    40651    65661    52166    40679   101008    91417    91958    78219    39457    49745    42975    36216    65661    69806    76967    82864    80111    45452    77729    40297    72896    29105    77880    56932   101008    45185    50827    60128    44312    68053    37155    55852 
   82021    44135    60128    98609        0    39635    77880    92125    52107    40679    61997        0        0    56932    50640    92156    52107    44189    21109    45452    69806    31378    33051    90374    51183    40651    86779    37098        0    37155    37098   101008    47193    83522   102582    85081    18247    37950    52107    67918    44135    72896    21109    44312    81339    97317    77729    86779    86779    56918    96138    40679    83639    39635    48315    31014    91417    43410    21109    21109   111442    55852    54128    86779    54128    48315    44189    35082    92121    91417    44984    50640    44066   111442    39457    43410    23223    54128    98609    51285    92121    49596    60047    52107    52166    96473    50827    53449    60047    72896    81784    83522    60451    78219    56918    45452   111442    40651    65661    52166    40679   101008    91417    91958    78219    39457    49745    42975    36216    65661    69806    76967    82864    80111    45452    77729    40297    72896    29105    77880    56932   101008    45185    50827    60128    44312    68053    37155    55852 
   36036   129676    65742    51006    56932    27648    27265    53760    25808    42631   130830    56932    56932        0     8723    64126    25808    15452    32010    36762    91085    28762    80646    42836   115225    32930    39951    82591    56932    20649    82591    20965   112984    44283    29299    38253    64591    19150    25808    54069   129676   136938    32010    18164    51818    47269    33770    39951    39951    11185    46090    42631    55608    27648    94636    27945    45154    18255    32010    32010   132722   108744    41000    39951    41000    94636    15452    25795    61578    45154     8130     8723    85116   132722    79238    18255    34254    41000    51006    10868    61578    34056    81326    25808    16097   117752    99663     5900    81326   136938    31497    44283   123463   141532    11185    36762   132722    32930    11833    16097    42631    20965    45154    25418   141532    79238   116231    73690    76043    11833    91085    48936    66968    34125    36762    33770    20701   136938    27726    27265        0    20965    44145    99663    65742    18164   132095    20649   108744 
   43044    93115    44316    58170    50640    13689    26831    59584    17287    35242   110930    50640    50640     8723        0    51952    17287     7041    28567    29372    79751    22731    42257    49935    91358    24469    49707    47992    50640    15747    47992    28355    95891    50107    36708    29801    67793    11712    17287    36617    93115   104029    28567    10876    33410    54456    25422    49707    49707    14624    53197    35242    43435    13689    61664    20447    50978    10033    28567    28567   126144    75114    27044    49707    27044    61664     7041    16931    55000    50978     6072        0    73953   126144    43598    10033    28145    27044    58170    13764    55000    36762    50752    17287    20478   107123    66595     9114    50752   104029    23082    50107    90340   108623    14624    29372   126144    24469    17140    20478    35242    28355    50978    32808   108623    43598    83069    76705    79125    17140    79751    35223    56559    40912    29372    25422    12302   104029    21398    26831     8723    28355    35313    66595    44316    10876    99186    15747    75114 
   26559   111340    48602    26984    92156    48677    29974    10901    37017    62868   112495    92156    92156    64126    51952        0    37017    49053    67946    51849    72749    71971    62310    17246    96890    45142    26028    63209    92156    61266    63209    52332    94648    14217    54456    36955   119758    50883    37017    36929   111340   118602    67946    46789    33313    23247    29703    26028    26028    61278    18132    62868    11342    48677    76300    53333    34943    50271    67946    67946   114386    90409    41422    26028    41422    76300    49053    48913     6819    34943    69356    51952    66780   114386    60903    50271    61102    41422    26984    69634     6819    93593    62990    37017    67806    99417    81327    67126    62990   118602    33658    14217   105127   123196    61278    51849   114386    45142    62331    67806    62868    52332    34943    43832   123196    60903    97895   144513   137727    62331    72749    19257    16810    31984    51849    29703    47302   118602    62611    29974    64126    52332    54412    81327    48602    46789   113759    61266    90409 
   19346   103920    40311    38993    52107    13732    11896    27353        0    37267   105170    52107    52107    25808    17287    37017        0    13861    36849    30840    65574    30230    55181    30758    89714    14220    22210    55482    52107    17786    55482    26729    87473    20350    33964    15637    70437    15268        0    19268   103920   109420    36849    13364    14323    35278     7078    22210    22210    29807    34020    37267    28500    13732    69154    21914    31800    15079    36849    36849   107211    82603    22289    22210    22289    69154    13861    16974    36067    31800    24633    17287    59018   107211    52826    15079    29612    22289    38993    33978    36067    56912    56516        0    39638    92188    74085    29263    56516   109420     6909    20350    97952   116113    29807    30840   107211    14220    15932    39638    37267    26729    31800    28560   116113    52826    90558    79349    81768    15932    65574    20288    41623    19679    30840     7078    12439   109420    23437    11896    25808    26729    35391    74085    40311    13364   106676    17786    82603 
   33744    86370    37489    51029    44189     6906    23932    39389    13861    28771   104232    44189    44189    15452     7041    49053    13861        0    27942    22902    77729    22273    35831    42793    84580    17687    38502    41210    44189     9850    41210    31305    82338    32386    38534    28676    59158     6350    13861    29839    86370   106292    27942     2970    27002    49040    18577    38502    38502    22473    47861    28771    40535     6906    63990    14085    43836     3250    27942    27942   119366    68331    20261    38502    20261    63990        0    10136    48222    43836    11788     7041    57789   119366    36828     3250    21855    20261    51029    20270    48222    43306    43931    13861    24997   104396    69017    15301    43931   106292    16303    32386    92817   101840    22473    22902   119366    17687    22227    24997    28771    31305    43836    33130   101840    36828    85585    71140    73479    22227    77729    32324    53188    31834    22902    18577     5104   106292    15436    23932    15452    31305    28486    69017    37489     2970   101449     9850    68331 
   54921    62549    46526    74568    21109    24145    46814    67914    36849    27877    80364    21109    21109    32010    28567    67946    36849    27942        0    27486    65771    13612    28136    66333    69317    25161    64426    37960    21109    17754    37960    51641    65327    59312    59995    59835    35661    19052    36849    41219    62549    91347        0    28370    38357    70854    41938    64426    64426    37909    69595    27877    59429    24145    49278    15434    67375    22621        0        0   108608    62728    30452    64426    30452    49278    27942    19514    67364    67375    25580    28567    44875   108608    37083    22621     7508    30452    74568    35676    67364    36009    52963    36849    36536    93144    54209    30596    52963    91347    34756    59312    78875    95941    37909    27486   108608    25161    41185    36536    27877    51641    67375    66361    95941    37083    67988    58652    53745    41185    65771    51752    58573    56327    27486    41938    24470    91347     9896    46814    32010    51641    37523    54209    46526    28370    86504    17754    62728 
   41090    63955    22156    58471    45452    18349    34032    51818    30840     6356    81817    45452    45452    36762    29372    51849    30840    22902    27486        0    45483    31511    13371    50236    51494    19364    45847    17825    45452    20806    17825    51251    67014    43215    61219    43738    72374    19634    30840    23001    63955    73206    27486    22573    22196    54757    25746    45847    45847    42246    55207     6356    43332    18349    30905    12873    51278    22143    27486    27486    87120    44858    11171    45847    11171    30905    22902    13814    51178    51278    31561    29372    26655    87120    18438    22143    20643    11171    58471    40043    51178    53187    28598    30840    45723    72150    35931    35074    28598    73206    27962    43215    59732    78367    42246        0    87120    19364    42529    45723     6356    51251    51278    51027    78367    18438    69668    98318    90343    42529    45483    38956    42218    39179        0    25746    19030    73206    22221    34032    36762    51251    10095    35931    22156    22573    68363    20806    44858 
   59556    54705    20298    79202    69806    52882    58473    52151    65574    40709    73055    69806    69806    91085    79751    72749    65574    77729    65771    45483        0    76573    30544    70967    56973    51365    69061    23367    69806    65879    23367    81601    54732    45148    81950    64469    97635    64630    65574    37364    54705    64423    65771    57173    38357    75488    58782    69061    69061    89076    74229    40709    64232    52882    37039    58005    72010    78947    65771    65771    36038    50488    37224    69061    37224    37039    77729    48102    43637    72010    97974    79751    18814    36038    20852    78947    63871    37224    79202    97432    43637    98992    14954    65574    97222    34892    41970    96055    14954    64423    61456    45148    65211    70178    89076    45483    36038    51365    90129    97222    40709    81601    72010    70996    70178    20852    58443   122671   115720    90129        0    38330    33981    59783    45483    58782    55308    64423    67217    58473    91085    81601    30730    41970    20298    57173    63805    65879    50488 
   50114    72819    50553    78209    31378    21410    40397    79623    30230    37380    90114    31378    31378    28762    22731    71971    30230    22273    13612    31511    76573        0    43618    69974    79300    29186    69746    53442    31378    12060    53442    48393    75310    48850    54217    47357    39753    17020    30230    45167    72819   101012    13612    22360    42382    74494    34946    69746    69746    28764    73236    37380    63454    21410    64661    22760    71016    20589    13612    13612   118209    78210    34477    69746    34477    64661    22273    23539    71312    71016    19889    22731    60356   118209    49893    20589    16711    34477    78209    23131    71312    26475    56996    30230    23996   103240    69691    25292    56996   101012    32673    48850    88568   106211    28764    31511   118209    29186    37507    23996    37380    48393    71016    52846   106211    49893    78258    49118    51205    37507    76573    55777    62557    48203    31511    34946    18460   101012    16280    40397    28762    48393    41548    69691    50553    22360    96169    12060    78210 
   52059    31752    30167    68763    33051    32276    48034    62279    55181     8597    51732    33051    33051    80646    42257    62310    55181    35831    28136    13371    30544    43618        0    60528    41136    30759    56817    11189    33051    33691    11189    71162    38894    53676    72621    55120    50755    32562    55181    40149    31752    62848    28136    35928    33869    67355    47767    56817    56817    79442    66176     8597    53793    32276    20546    25757    61571    35027    28136    28136    81481    35957    22772    56817    22772    20546    35831    27382    62159    61571    44445    42257    16297    81481     9860    35027    25336    22772    68763    52927    62159    60481    30085    55181    64444    66511    25573    47958    30085    62848    51822    53676    49373    69466    79442    13371    81481    30759    80495    64444     8597    71162    61571    61997    69466     9860    42141    75498    68724    80495    30544    47120    52902    50149    13371    47767    31914    62848    31901    48034    80646    71162    13104    25573    30167    35928    58005    33691    35957 
    9127   109558    45624    12796    90374    44478    25351     7704    30758    61086   110712    90374    90374    42836    49935    17246    30758    42793    66333    50236    70967    69974    60528        0    95107    45332     6837    63223    90374    46828    63223    33512    92866    13766    35636    12917   117976    44624    30758    33951   109558   116820    66333    40530    31700     9076    28090     6837     6837    41263     3978    61086    18746    44478    74518    51720     9814    44011    66333    66333   112604    88626    41633     6837    41633    74518    42793    47300    22014     9814    49342    49935    64998   112604    59120    44011    59489    41633    12796    49620    22014    73578    61208    30758    47792    97634    79545    47111    61208   116820    27399    13766   103345   123854    41263    50236   112604    45332    42316    47792    61086    33512     9814    25013   123854    59120    96113   145749   135945    42316    70967    15894    46850    14007    50236    28090    41043   116820    52413    25351    42836    33512    63314    79545    45624    40530   111977    46828    88626 
   83696     9679    59149   103342    51183    79332    82613    96858    89714    46720    22256    51183    51183   115225    91358    96890    89714    84580    69317    51494    56973    79300    41136    95107        0    77815    93201    35956    51183    71890    35956   105741     4298    88256   106090    88610    63675    70641    89714    66935     9679    23666    69317    83622    70110    99628    82923    93201    93201   113891    98369    46720    88372    79332    22054    64016    96150    85797    69317    69317    65136    11247    63673    93201    63673    22054    84580    74552    96867    96150    94195    91358    42871    65136    40652    85797    66971    63673   103342   122301    96867    95093    58217    89714   121363    52988    20897   120195    58217    23666    86537    88256    14915    28260   113891    51494    65136    77815   115019   121363    46720   105741    96150    95136    28260    40652     8326    88711    81760   115019    56973    75836    79303    85102    51494    82923    81758    23666    77314    82613   115225   105741    47141    20897    59149    83622    18823    71890    11247 
   34469    81299    30724    53502    40651     6669    24122    44576    14220    23700    93420    40651    40651    32930    24469    45142    14220    17687    25161    19364    51365    29186    30759    45332    77815        0    39227    31935    40651    18481    31935    38726    75573    36122    45962    37529    55620    11482    14220    18412    81299    99527    25161    15974    15575    49765    18935    39227    39227    39902    48586    23700    37545     6669    57225    10547    35517    18905    25161    25161    98384    71334     7677    39227     7677    57225    17687     4028    44557    35517    29217    24469    51024    98384    30063    18905    18317     7677    53502    37698    44557    50861    37166    14220    42426    83415    62252    32730    37166    99527    16662    36122    86052   104121    39902    19364    98384        0    29655    42426    23700    38726    35517    40558   104121    30063    78820    78038    73589    29655    51365    30370    35802    32559    19364    18935     9347    99527    19826    24122    32930    38726    21721    62252    30724    15974    94684    18481    71334 
    8487   105556    43717    15072    86779    38373    13601    16486    22210    57682   108806    86779    86779    39951    49707    26028    22210    38502    64426    45847    69061    69746    56817     6837    93201    39227        0    57118    86779    44921    57118    24189    90959    12354    24538     7695   116070    39909    22210    32045   105556   114913    64426    33777    27404     7886    26183        0        0    41035    10099    57682    20424    38373    72611    49813    11492    39720    64426    64426   110697    84239    35527        0    35527    72611    38502    42889    39554    11492    49114    49707    60653   110697    57214    39720    55112    35527    15072    49392    39554    73350    59302    22210    46088    95728    75720    44920    59302   114913    25492    12354   101438   117748    41035    45847   110697    39227    23860    46088    57682    24189    11492    13584   117748    57214    92194   139644   134038    23860    69061    17572    44944     9054    45847    26183    37080   114913    48078    13601    39951    24189    58280    75720    43717    33777   110070    44921    84239 
   52360    33337    25290    71393    37098    33452    48932    63177    55482    13051    51561    37098    37098    82591    47992    63209    55482    41210    37960    17825    23367    53442    11189    63223    35956    31935    57118        0    37098    38145        0    70797    33715    54575    72921    55420    54803    37568    55482    32972    33337    57668    37960    40334    36174    67656    48068    57118    57118    79743    66477    13051    54691    33452    15367    30211    53409    42428    37960    37960    52041    29475    29992    57118    29992    15367    41210    31170    62460    53409    48899    47992     9120    52041     5286    42428    35159    29992    71393    88099    62460    70304    24665    55482    86271    51673    20393    85591    24665    57668    52123    54575    44194    62262    79743    17825    52041    31935    80796    86271    13051    70797    53409    62297    62262     5286    36962    79558    72772    80796    23367    42155    45352    50450    17825    48068    38134    57668    41725    48932    82591    70797    13581    20393    25290    40334    52825    38145    29475 
   82021    44135    60128    98609        0    39635    77880    92125    52107    40679    61997        0        0    56932    50640    92156    52107    44189    21109    45452    69806    31378    33051    90374    51183    40651    86779    37098        0    37155    37098   101008    47193    83522   102582    85081    18247    37950    52107    67918    44135    72896    21109    44312    81339    97317    77729    86779    86779    56918    96138    40679    83639    39635    48315    31014    91417    43410    21109    21109   111442    55852    54128    86779    54128    48315    44189    35082    92121    91417    44984    50640    44066   111442    39457    43410    23223    54128    98609    51285    92121    49596    60047    52107    52166    96473    50827    53449    60047    72896    81784    83522    60451    78219    56918    45452   111442    40651    65661    52166    40679   101008    91417    91958    78219    39457    49745    42975    36216    65661    69806    76967    82864    80111    45452    77729    40297    72896    29105    77880    56932   101008    45185    50827    60128    44312    68053    37155    55852 
   37669    84549    39847    55063    37155    10705    27966    43423    17786    26676   102213    37155    37155    20649    15747    61266    17786     9850    17754    20806    65879    12060    33691    46828    71890    18481    44921    38145    37155        0    38145    40281    87409    36420    48634    36746    51839     4590    17786    34473    84549    93602    17754    10895    31677    51348    22501    44921    44921    26160    50090    26676    52749    10705    51300    12066    47870     8159    17754    17754   107515    70644    23773    44921    23773    51300     9850    12834    60618    47870    14229    15747    47324   107515    39199     8159    15060    23773    55063    22297    60618    33761    46283    17786    31670    92546    62126    19235    46283    93602    20228    36420    80127   104153    26160    20806   107515    18481    29834    31670    26676    40281    47870    44734   104153    39199    89987    61178    63291    29834    65879    45072    51864    35759    20806    22501     7755    93602     8402    27966    20649    40281    30843    62126    39847    10895    88759        0    70644 
   52360    33337    25290    71393    37098    33452    48932    63177    55482    13051    51561    37098    37098    82591    47992    63209    55482    41210    37960    17825    23367    53442    11189    63223    35956    31935    57118        0    37098    38145        0    70797    33715    54575    72921    55420    54803    37568    55482    32972    33337    57668    37960    40334    36174    67656    48068    57118    57118    79743    66477    13051    54691    33452    15367    30211    53409    42428    37960    37960    52041    29475    29992    57118    29992    15367    41210    31170    62460    53409    48899    47992     9120    52041     5286    42428    35159    29992    71393    88099    62460    70304    24665    55482    86271    51673    20393    85591    24665    57668    52123    54575    44194    62262    79743    17825    52041    31935    80796    86271    13051    70797    53409    62297    62262     5286    36962    79558    72772    80796    23367    42155    45352    50450    17825    48068    38134    57668    41725    48932    82591    70797    13581    20393    25290    40334    52825    38145    29475 
   25502   120191    56258    25502   101008    34587    24595    34663    26729    71720   121346   101008   101008    20965    28355    52332    26729    31305    51641    51251    81601    48393    71162    33512   105741    38726    24189    70797   101008    40281    70797        0   103500    33684     8780    16235    84223    38781    26729    44585   120191   127453    51641    28705    42333    21415    38724    24189    24189    23653    28276    71720    43814    34587    85152    42434    34555    32523    51641    51641   123237    97918    49207    24189    49207    85152    31305    37856    52094    34555    27761    28355    75631   123237    69754    32523    50204    49207    25502    32009    52094    53687    71842    26729    30181   108268    90178    25531    71842   127453    29929    33684   113978   131427    23653    51251   123237    38726    13981    30181    71720        0    34555    10115   131427    69754   106747    93525    95675    13981    81601    37142    57484    24201    51251    38724    32824   127453    47357    24595    20965        0    73948    90178    56258    28705   122610    40281    97918 
   81454     5689    56907   101101    47193    77090    80372    94617    87473    62240    16094    47193    47193   112984    95891    94648    87473    82338    65327    67014    54732    75310    38894    92866     4298    75573    90959    33715    47193    87409    33715   103500        0    86014   103848    86368    59685    86160    87473    64693     5689    25928    65327    81381    67869    97387    80681    90959    90959   111649    96128    62240    86131    77090    19812    79535    93908    88023    65327    65327    68209     9005    61432    90959    61432    19812    82338    72310    94153    93908    97244    95891    40630    68209    38410    88023    67055    61432   101101    95222    94153    91103    55976    87473    96082    56061    18655   101875    55976    25928    84295    86014    13069    30522   111649    67014    68209    75573   112777    96082    62240   103500    93908    92894    30522    38410     3770    84721    77770   112777    54732    73594    77062    82860    67014    80681    85200    25928    73324    80372   112984   103500    44900    18655    56907    81381    21085    87409     9005 
    7231   102706    31804    18846    83522    32346    13307     7879    20350    54234   103861    83522    83522    44283    50107    14217    20350    32386    59312    43215    45148    48850    53676    13766    88256    36122    12354    54575    83522    36420    54575    33684    86014        0    35808    18307   111124    34216    20350    20131   102706   109968    59312    30122    24679    19767    21069    12354    12354    41435    14652    54234     8797    32346    67666    44699    14426    33604    59312    59312   105752    81775    32788    12354    32788    67666    32386    40279    19677    14426    49513    50107    58146   105752    52268    33604    52468    32788    18846    49791    19677    73750    36331    20350    47963    90782    72693    47283    36331   109968    16991        0    96493   114562    41435    43215   105752    36122    42488    47963    54234    33684    14426    25184   114562    52268    89261   135878   129093    42488    45148     6817    24755    11467    43215    21069    30635   109968    53977    13307    44283    33684    45778    72693    31804    30122   105125    36420    81775 
