dep31 0 0 60
**************************************DATA
9 130 480 8 1.33
**************************************DISTANCE
       0    66193   103215    26664   140580    27827   123081    87676    85500    93423    83645    84199   103546    69876   102671   103263   109560   107941   123658   105469   123081   121282    79237    53186   110576   131525    99450   149651    78320   120886    66331    61366    42235   103546    60155    99057    76526    60155    61366    87676    26664    95050   103828    78776    42235   110839   127131   102289    92866    54171    32324    66331   110066    80651   101964   131525   127131    42235    85169   109213   129051    86206    88321    88321    88321   114524   107863    85500    60155   106585     7265    83645    42235    61366    69876     7265    70631   101969    99450    78413   100311    78320    64897   105857    42235    42235   127011   118179   109213    64897   102289    59819   103215   109560   110066   104239    95599   117877   118179   127131   105857   110520    97790   140580   103705    92866    80095    70631   121282   124700    79237    85169   107620    99450   129051   106585    70954   105857   109213    95050    98890   100311   103828    42235    17185    81025    87544    78413    32324   120886    92866 
   66193        0    50534    70804    82038    50981    64656    19029    26877    35374    25861    26172    45519    16096    43470    45236    49817    49661    65035    47442    64656    62530     9874    11349    51953    72902    41186    91100    20293    62859    15792    25683    31617    45519     5943    40434    19022     5943    25683    19029    70804    44339    45801    28065    31617    51686    69104    44262    24030    18321    35925    15792    52039    21254    43937    72902    69104    31617    34458    51186    71024    27144    30294    30294    30294    56497    48767    26877     5943    47900    72784    25861    31617    25683    16096    72784    12323    43942    41186    20716    42052    20293     4837    47830    31617    31617    68984    60152    51186     4837    44262     5178    50534    49817    52039    46212    36976    59850    60152    69104    47830    52494    39763    82038    45082    24030    21473    12323    62530    66673     9874    34458    48406    41186    71024    47900    15894    47830    51186    44339    40864    42052    45801    31617    82085    21347    29517    20716    35925    62859    24030 
  103215    50534        0   114048    65347    88003    48141    31504    42907    21375    28961    39277    28738    43774    18828     3147     5200    14771    30455    10285    48141     8778    44151    59091     9283    23144    26900    65750    41379    48707    55184    76017    74861    28738    49856    20540    47251    49856    76017    31504   114048    72358     3069    50854    74861    14221    52191    27481    39078    68764    79552    55184     5187    36930    14518    23144    52191    74861    59004    12841    31526    35064    30228    30228    30228    21354    14693    42907    49856    32969   109806    28961    74861    76017    43774   109806    47224    10895    26900    34697    27761    41379    46022    32241    74861    74861    52071    13197    12841    46022    27481    56454        0     5200     5187    25364    38526    15019    13197    52191    32241    16626    21589    65347     7446    39078    26245    47224     8778    31530    44151    59004     7945    26900    31526    32969    56292    32241    12841    72358    25275    27761     3069    74861   125329    35982    34776    34697    79552    48707    39078 
   26664    70804   114048        0   145553    40868   128170    82544    58080    98888    89375    61923   109389    79610   106984   107814   113331   113176   128550    77870   128170   126044    65150    58813   115468   136417   104700   154614    82035   125280    71222    64084    47479   109389    64497   103949    81611    64497    64084    82544        0    99682   107205    84619    47479    77055   132974   109217    63211    59334    34496    71222   114182    83832    76956   136417   132974    47479    90642   113627   134894    67296    92636    92636    92636   119126   112281    58080    64497    73415    28669    89375    47479    64084    79610    28669    76474    88187   104700    83304   105567    82035    70333    69709    47479    47479   132854   124022   113627    70333   109217    63887   114048   113331   114182   110082   100491    86269   124022   132974    69709    71842   103314   145553   108596    63211    84987    76474   126044   129076    65150    90642   111920   104700   134894    73415    52399    69709   113627    99682    74543   105567   107205    47479    35491    84861   102613    83304    34496   125280    63211 
  140580    82038    65347   145553        0   125369    31436    63009    80273    49847    60466    74325    29745    75279    34198    64153    72341    48615    37756    72877    31436    53297    75656    90596    74221    95170    35891     9071    72884    17678    57811   107522   106365    29745    81361    35411    51644    81361   107522    63009   145553    41417    71237    45063   106365    78247    15355    32669    80102   100268   111057    57811    72846    68435    69372    95170    15355   106365    43933    49266    59658    76088    64347    64347    64347    43804    42294    80273    81361    73993   147171    60466   106365   107522    75279   147171    78729    69377    35891    47208    34090    72884    77526    73266   106365   106365    32609    80959    49266    77526    32669    87959    65347    72341    72846    32138    43022    80658    80959    15355    73266    77929    36409        0    71643    80102    63610    78729    53297    53120    75656    43933    68506    35891    59658    73993    87797    73266    49266    41417    66299    34090    71237   106365   156834    67486    46315    47208   111057    17678    80102 
   27827    50981    88003    40868   125369        0   107869    72464    70705    78211    68433    68987    88334    54664    87459    88051    94349    92729   108774    90257   107869   106070    64025    37974    96184   116641    84239   134439    63108   105674    51283    35957    27023    88334    44943    84344    61314    44943    35957    72464    40868    79838    88616    63564    27023    95627   111919    87077    77654    38960    14490    51283    94854    65439    86752   116641   111919    27023    69957    94001   113839    70995    73109    73109    73109    99312    92651    70705    44943    91373    34029    68433    27023    35957    54664    34029    55419    86757    84239    63529    85099    63108    49685    90645    27023    27023   111799   102967    94001    49685    87077    44607    88003    94349    94854    89027    80715   102665   102967   111919    90645    95308    82578   125369    88821    77654    65212    55419   106070   109488    64025    69957    92408    84239   113839    91373    55742    90645    94001    79838    83678    85099    88616    27023    43999    65813    72332    63529    14490   105674    77654 
  123081    64656    48141   128170    31436   107869        0    55224    62774    32218    42377    56942    20786    57896    38025    46770    54959    44878    60252    55495        0    56971    58273    73213    56722    77671    21794    40497    29902    29316    28652    90139    88983    20786    63792    34990    22487    63792    90139    55224   128170    12410    53854    15906    88983    60865    17989    23487    62719    79663    93674    28652    55464    26289    51990    77671    17989    88983    14777    47115    64739    56529    46965    46965    46965    50213    43552    62774    63792    56962   129672    42377    88983    90139    57896   129672    27644    51995    21794    21902    19981    29902    60144    55883    88983    88983    10508    63577    47115    60144    23487    70576    48141    54959    55464    39409    20781    63275    63577    17989    55883    60546    35635    31436    54144    62719    46111    27644    56971    60388    58273    14777    51425    21794    64739    56962    70293    55883    47115    12410    48916    19981    53854    88983   139451    49573    25341    21902    93674    29316    62719 
   87676    19029    31504    82544    63009    72464    55224        0    27368    25566    15788    15430    35689    12270    34815    35406    41704    30632    46006    37612    55224    53425    12647    27587    32924    53873    31594    81794    12737    53029    39645    44513    43356    35689    18352    21405    20693    18352    44513        0    82544    44175    35972    27901    43356    42982    59274    34432    24097    37259    48048    39645    42209    15068    34107    53873    59274    43356    34293    41356    61194    17438    14353    14353    14353    46668    40006    27368    18352    38728    94267    15788    43356    44513    12270    94267    24400    34112    31594    19158    32454    12737    14518    19837    43356    43356    59155    50322    41356    14518    34432    24950    31504    41704    42209    36382    22987    50021    50322    59274    19837    42664    29933    63009    26053    24097     9549    24400    53425    56843    12647    34293    39763    31594    61194    38728    24788    19837    41356    44175    31034    32454    35972    43356    93825    18343    19490    19158    48048    53029    24097 
   85500    26877    42907    58080    80273    70705    62774    27368        0    33115    23337     5886    43238    20117    42364    42956    49253    47633    63154    45161    62774    60975    11795    35434    51088    71021    39143    89344    20184    60579    37886    52360    51204    43238    26199    38553    28141    26199    52360    27368    58080    86991    43521    38785    51204    37353    66824    41981     7550    45107    55895    37886    49758    24862    22740    71021    66824    51204    41740    48905    68743    12808    17377    17377    17377    54217    47556        0    26199    21193    92508    23337    51204    52360    20117    92508    32248    41661    39143    28735    40004    20184    22365    12437    51204    51204    66704    57871    48905    22365    41981    24194    42907    49253    49758    43931    32564    57570    57871    66824    12437    26792    37482    80273    43201     7550    14772    32248    60975    64392    11795    41740    47312    39143    68743    21193    15985    12437    48905    86991    18308    40004    43521    51204   101672    23913    25060    28735    55895    60579     7550 
   93423    35374    21375    98888    49847    78211    32218    25566    33115        0    13802    27660    11727    28614    11885    20813    30305    18112    33486    26213    32218    31013    28991    43931    31357    52306     5920    58908    20695    30100    45392    60857    59701    11727    34696     8224    26566    34696    60857    25566    98888    56435    24572    27223    59701    31583    36268     9744    33437    50004    64393    45392    30810    16246    22708    52306    36268    59701    38320    21157    38782    29423    17683    17683    17683    24256    17594    33115    34696    27329   100014    13802    59701    60857    28614   100014    26540    22713     5920    24905     6781    20695    30862    26601    59701    59701    17338    38923    21157    30862     9744    41294    21375    30305    30810    13452    16943    38621    38923    36268    26601    31264     8181    49847    24486    33437    16453    26540    31013    34431    28991    38320    25167     5920    38782    27329    40634    26601    21157    56435    19634     6781    24572    59701   110169    15297     8868    24905    64393    30100    33437 
   83645    25861    28961    89375    60466    68433    42377    15788    23337    13802        0    15954    22841    19101    21897    22559    28856    28089    43463    24764    42377    40578    19478    34418    30381    51330    18746    69527    15284    40182    35614    51344    50188    22841    25183    18862    21155    25183    51344    15788    89375    66594    23124    24759    50188    30134    46426    21584    22028    40226    54880    35614    29361    10835    21259    51330    46426    50188    32909    28508    48346    15076     6893     6893     6893    33820    27159    23337    25183    25880    90236        0    50188    51344    19101    90236    21129    21264    18746    15127    19607    15284    21349    25153    50188    50188    46307    37474    28508    21349    21584    31781    28961    28856    29361    23534    18956    37173    37474    46426    25153    29816    17085    60466    23510    22028     6663    21129    40578    43995    19478    32909    26915    18746    48346    25880    30856    25153    28508    66594    18186    19607    23124    50188   100656     9886    11033    15127    54880    40182    22028 
   84199    26172    39277    61923    74325    68987    56942    15430     5886    27660    15954        0    41673    14323    35756    31759    38560    38404    53778    23235    56942    51273    12936    33869    40696    61645    30126    83386    19128    59014    36168    48142    49639    41673    24909    32721    31637    24909    48142    15430    61923    52514    32325    34482    49639    26817    65259    40416     6568    40780    53931    36168    39411    20721    18398    61645    65259    49639    42632    37709    57547     8083    12675    12675    12675    44355    37510     5886    24909    16715    90790    15954    49639    48142    14323    90790    30683    27355    30126    24503    32709    19128    20993     8018    49639    49639    39266    46675    37709    20993    40416    26900    39277    38560    39411    42366    28332    46374    46675    65259     8018    22450    32086    74325    30631     6568    10541    30683    51273    53196    12936    42632    37149    30126    57547    16715    19478     8018    37709    52514    13966    32709    32325    49639   100247    19514    20763    24503    53931    59014     6568 
  103546    45519    28738   109389    29745    88334    20786    35689    43238    11727    22841    41673        0    33670    13731    28562    35183    25475    28820    36308    20786    38344    38957    53402    37319    58268     6796    38806    23957    21285    39234    67490    68806        0    44257    10594    25756    44257    67490    35689   109389    31448    33218    24409    68806    41213    25078     4476    42555    60127    73278    39234    36034    19286    32618    58268    25078    68806    31523    28008    46349    36994    27119    27119    27119    31426    24581    43238    44257    37426   110137    22841    68806    67490    33670   110137    29186    32808     6796    20774     4982    23957    40340    35742    68806    68806    11331    44088    28008    40340     4476    51185    28738    35183    36034     7346    15010    43767    44088    25078    35742    40349     6164    29745    34609    42555    26576    29186    38344    41376    38957    31523    32022     6796    46349    37426    50757    35742    28008    31448    28812     4982    33218    68806   119594    22480    15546    20774    73278    21285    42555 
   69876    16096    43774    79610    75279    54664    57896    12270    20117    28614    19101    14323    33670        0    36710    33387    39685    42902    58276    35593    57896    51406     9361    24654    45194    66143    34426    84340     8444    51010    21845    41579    40423    33670    10587    33675    16401    10587    41579    12270    79610    39882    33953    23608    40423    40963    57255    32413    22990    26457    45115    21845    40190    10775    32088    66143    57255    40423    30001    39337    59175    20384    18445    18445    18445    44649    37988    20117    10587    41140    76467    19101    40423    41579        0    76467    15535    32093    34426    16558    35293     8444    11584    35982    40423    40423    57136    48303    39337    11584    32413    22017    43774    39685    40190    34363    18613    48002    48303    57255    35982    40645    27914    75279    38322    22990    14713    15535    51406    54824     9361    30001    41646    34426    59175    41140    28231    35982    39337    39882    29015    35293    33953    40423    90891    13094    17668    16558    45115    51010    22990 
  102671    43470    18828   106984    34198    87459    38025    34815    42364    11885    21897    35756    13731    36710        0    17435    25623    15565    21595    30626    38025    27635    37087    52027    27409    48358    13386    43116    34315    20433    54641    68953    67797    13731    42792     3695    40186    42792    68953    34815   106984    62243    20292    43790    67797    34644    42075    10816    41754    59253    72488    54641    26129    29866    27986    48358    42075    67797    69404    17779    35404    37740    25779    25779    25779    20877    12348    42364    42792    35645   109262    21897    67797    68953    36710   109262    40160    25434    13386    34153    14600    34315    38958    34918    67797    67797    21959    34241    17779    38958    10816    49390    18828    25623    26129     6798    24265    33940    34241    42075    34918    35678     7273    34198    27590    41754    25701    40160    27635    31053    37087    69404    21788    13386    35404    35645    49883    34918    17779    62243    27951    14600    20292    67797   118265    28917    23294    34153    72488    20433    41754 
  103263    45236     3147   107814    64153    88051    46770    35406    42956    20813    22559    31759    28562    33387    17435        0     8280    11918    29260    13627    46770    10056    38675    52858    11907    25326    26200    64148    35146    48530    55232    67207    68627    28562    43974    19346    41879    43974    67207    35406   107814    72182     5812    44621    68627    17202    52014    27305    32889    59845    72995    55232     6502    30962    19356    25326    52014    68627    52771    13159    32855    27328    23994    23994    23994    19836    12992    42956    43974    27761   109854    22559    68627    67207    33387   109854    40991    14237    26200    34745    27066    35146    40057    26077    68627    68627    51894    16494    13159    40057    27305    50902     3147     8280     6502    25187    38574    18361    16494    52014    26077    19968    20355    64153    10598    32889    26293    40991    10056    31353    38675    52771     8385    26200    32855    27761    50474    26077    13159    72182    19041    27066     5812    68627   119311    29755    27732    34745    72995    48530    32889 
  109560    49817     5200   113331    72341    94349    54959    41704    49253    30305    28856    38560    35183    39685    25623     8280        0    22074    37448     6635    54959    15960    43434    58374     5300    24528    34388    72336    40662    55151    61530    73504    74144    35183    50271    27534    48176    50271    73504    41704   113331    78803     4438    50138    74144    10661    58635    33926    38361    66142    79293    61530     7405    36214    10868    24528    58635    74144    58287    22487    31933    33625    29511    29511    29511    27799    21180    49253    50271    19099   116152    28856    74144    73504    39685   116152    46508     7245    34388    41042    35255    40662    45305    31525    74144    74144    58516    14544    22487    45305    33926    57200     5200        0     7405    31808    44871    13028    14544    58635    31525    12975    28034    72341     4056    38361    32590    46508    15960    37975    43434    58287    10407    34388    31933    19099    56772    31525    22487    78803    24558    35255     4438    74144   124612    36053    34059    41042    79293    55151    38361 
  107941    49661    14771   113176    48615    92729    44878    30632    47633    18112    28089    38404    25475    42902    15565    11918    22074        0    14784    27078    44878    11680    43279    58219    23352    31722    23637    49569    40507    27976    59910    75145    73988    25475    48984    16987    46378    48984    75145    30632   113176    69095    16743    49982    73988    31095    48928    24218    38205    67891    78680    59910    12374    36058    24437    31722    48928    73988    76257     3378    22678    34191    29355    29355    29355     7314     3718    47633    48984    32096   114532    28089    73988    75145    42902   114532    46352    21885    23637    39422    24498    40507    45149    31369    73988    73988    48808    26149     3378    45149    24218    55582    14771    22074    12374    22101    43251    30391    26149    48928    31369    32129    18326    48615    23533    38205    30970    46352    11680    17347    43279    76257     9499    23637    22678    32096    55420    31369     3378    69095    24402    24498    16743    73988   124456    35109    30147    39422    78680    27976    38205 
  123658    65035    30455   128550    37756   108774    60252    46006    63154    33486    43463    53778    28820    58276    21595    29260    37448    14784        0    42452    60252    19343    58653    73593    39284    36028    39011    38758    55881    21715    75952    90519    89362    28820    64358    32792    61752    64358    90519    46006   128550    84470    32117    65356    89362    46469    64302    29836    53579    83265    94054    75952    28474    51432    39811    36028    64302    89362    91631    16149    24303    49565    44729    44729    44729    10486    13407    63154    64358    47470   130689    43463    89362    90519    58276   130689    61726    37259    39011    55580    39872    55881    60523    46743    89362    89362    35809    33812    16149    60523    29836    70956    30455    37448    28474    25131    57740    45765    33812    64302    46743    47503    33700    37756    39885    53579    47128    61726    19343    16556    58653    91631    23031    39011    24303    47470    70794    46743    16149    84470    39776    39872    32117    89362   139831    50483    45521    55580    94054    21715    53579 
  105469    47442    10285    77870    72877    90257    55495    37612    45161    26213    24764    23235    36308    35593    30626    13627     6635    27078    42452        0    55495    21045    40880    55325    10592    29613    32025    81939    39996    50221    57438    69413    70729    36308    46180    31273    44085    46180    69413    37612    77870    80398     7885    46906    70729     6114    59485    36542    22936    62050    75201    57438    12583    33168     5036    29613    59485    70729    55811    27529    37209    26208    22809    22809    22809    33028    26183    45161    46180    12583   112060    24764    70729    69413    35593   112060    43454     4802    32025    36951    32891    39996    42263    16123    70729    70729    59539    21780    27529    42263    36542    53108    10285     6635    12583    36098    40780    18620    21780    59485    16123     6647    30638    72877     3062    22936    28499    43454    21045    42978    40880    55811    15492    32025    37209    12583    52680    16123    27529    80398    11168    32891     7885    70729   121517    31961    29938    36951    75201    50221    22936 
  123081    64656    48141   128170    31436   107869        0    55224    62774    32218    42377    56942    20786    57896    38025    46770    54959    44878    60252    55495        0    56971    58273    73213    56722    77671    21794    40497    29902    29316    28652    90139    88983    20786    63792    34990    22487    63792    90139    55224   128170    12410    53854    15906    88983    60865    17989    23487    62719    79663    93674    28652    55464    26289    51990    77671    17989    88983    14777    47115    64739    56529    46965    46965    46965    50213    43552    62774    63792    56962   129672    42377    88983    90139    57896   129672    27644    51995    21794    21902    19981    29902    60144    55883    88983    88983    10508    63577    47115    60144    23487    70576    48141    54959    55464    39409    20781    63275    63577    17989    55883    60546    35635    31436    54144    62719    46111    27644    56971    60388    58273    14777    51425    21794    64739    56962    70293    55883    47115    12410    48916    19981    53854    88983   139451    49573    25341    21902    93674    29316    62719 
  121282    62530     8778   126044    53297   106070    56971    53425    60975    31013    40578    51273    38344    51406    27635    10056    15960    11680    19343    21045    56971        0    56148    71088    14761    22582    36400    54355    53375    37369    73251    85226    86857    38344    61993    29546    59247    61993    85226    53425   126044    81964    11076    62851    86857    24981    61797    37087    51074    77864    91549    73251     6813    48927    37306    22582    61797    86857    89126     9315    14790    45347    42224    42224    42224     9140    18854    60975    61993    45780   127873    40578    86857    85226    51406   127873    59221    34754    36400    52764    37267    53375    58018    44238    86857    86857    61677    15593     9315    58018    37087    68451     8778    15960     6813    34970    56593    16620    15593    61797    44238    27385    31195    53297    16229    51074    44312    59221        0    14770    56148    89126     4092    36400    14790    45780    68493    44238     9315    81964    37271    37267    11076    86857   137325    47774    43016    52764    91549    37369    51074 
   79237     9874    44151    65150    75656    64025    58273    12647    11795    28991    19478    12936    38957     9361    37087    38675    43434    43279    58653    40880    58273    56148        0    28630    45571    66520    34803    84717    13427    56298    31206    43181    44399    38957    19948    34052    21516    19948    43181    12647    65150    44865    39240    28592    44399    45304    62542    37700    16550    35819    48969    31206    45477    15758    37375    66520    62542    44399    34984    44624    64462    15303    15582    15582    15582    49936    42384    11795    19948    41517    85828    19478    44399    43181     9361    85828    20518    37380    34803    26765    35670    13427    11600    20224    44399    44399    62423    53590    44624    11600    37700    14598    44151    43434    45477    39650    30594    53289    53590    62542    20224    45932    33417    75656    38699    16550    13851    20518    56148    60111        0    34984    42023    34803    64462    41517    15226    20224    44624    44865    34302    35670    39240    44399    94867    16287    32717    26765    48969    56298    16550 
   53186    11349    59091    58813    90596    37974    73213    27587    35434    43931    34418    33869    53402    24654    52027    52858    58374    58219    73593    55325    73213    71088    28630        0    60511    81460    49743    99657    27078    70742    16265    14665    18446    53402     9540    48992    26654     9540    14665    27587    58813    44906    52248    28633    18446    60244    76987    54260    42378     7303    22918    16265    59226    28875    51649    81460    76987    18446    35685    58670    78907    35701    37679    37679    37679    64169    57324    35434     9540    56457    59777    34418    18446    14665    24654    59777    20487    51825    49743    28348    50610    27078    15377    54773    18446    18446    76868    68035    58670    15377    54260     8871    59091    58374    59226    54095    45534    66958    68035    76987    54773    59380    48357    90596    53639    42378    30030    20487    71088    74556    28630    35685    56963    49743    78907    56457    19587    54773    58670    44906    47843    50610    52248    18446    69234    29905    47657    28348    22918    70742    42378 
  110576    51953     9283   115468    74221    96184    56722    32924    51088    31357    30381    40696    37319    45194    27409    11907     5300    23352    39284    10592    56722    14761    45571    60511        0    23586    35481    74331    42799    57288    63365    77437    76280    37319    51276    29370    48670    51276    77437    32924   115468    80939     9156    52274    76280    14528    60772    36062    40497    70183    80972    63365    11514    38350    14825    23586    60772    76280    60424    24624    30882    36483    31647    31647    31647    29935    23274    51088    51276    34389   117987    30381    76280    77437    45194   117987    48644    11202    35481    42878    36342    42799    47442    33661    76280    76280    60652    11376    24624    47442    36062    57874     9283     5300    11514    33945    46707     9266    11376    60772    33661    16932    30170    74221     7964    40497    34426    48644    14761    40111    45571    60424    15605    35481    30882    34389    57712    33661    24624    80939    26694    36342     9156    76280   126749    37401    36196    42878    80972    57288    40497 
  131525    72902    23144   136417    95170   116641    77671    53873    71021    52306    51330    61645    58268    66143    48358    25326    24528    31722    36028    29613    77671    22582    66520    81460    23586        0    56430    74974    63748    57931    83819    98386    97229    58268    72225    50210    69619    72225    98386    53873   136417   101888    26346    73223    97229    27487    81721    57011    61446    91132   101921    83819    18824    59299    33846        0    81721    97229    81373    29877    12817    57432    52596    52596    52596    29702    42965    71021    72225    55337   134848    51330    97229    98386    66143   134848    69593    30223    56430    63255    57291    63748    68390    54610    97229    97229    81601    13021    29877    68390    57011    78823    23144    24528    18824    54894    65607    14842    13021    81721    54610    35743    51119    95170    26965    61446    51287    69593    22582    19285    66520    81373    22914    56430    12817    55337    78661    54610    29877   101888    47643    57291    26346    97229   147698    58350    57145    63255   101921    57931    61446 
   99450    41186    26900   104700    35891    84239    21794    31594    39143     5920    18746    30126     6796    34426    13386    26200    34388    23637    39011    32025    21794    36400    34803    49743    35481    56430        0    44953    21018    27449    32121    66669    65513     6796    40508     9878    23104    40508    66669    31594   104700    32465    30384    22503    65513    37395    28045     5869    39249    56032    70204    32121    34894    15104    28519    56430    28045    65513    29339    26544    44169    32898    23495    23495    23495    29642    22981    39143    40508    33331   106041    18746    65513    66669    34426   106041    25029    28525        0    15988     1875    21018    36674    32413    65513    65513    12407    43007    26544    36674     5869    47106    26900    34388    34894     9487    12124    42705    43007    28045    32413    37076     7411    35891    30513    39249    21065    25029    36400    39818    34803    29339    30184        0    44169    33331    46662    32413    26544    32465    25446     1875    30384    65513   115981    15363     9224    15988    70204    27449    39249 
  149651    91100    65750   154614     9071   134439    40497    81794    89344    58908    69527    83386    38806    84340    43116    64148    72336    49569    38758    81939    40497    54355    84717    99657    74331    74974    44953        0    81945    22842    66882   116583   115427    38806    90422    44481    60705    90422   116583    81794   154614    50479    67005    54124   115427    81357    23363    41730    89163   106233   120118    66882    63486    77496    78433    74974    23363   115427    52994    50323    60715    85149    73409    73409    73409    44861    48295    89344    90422    83055   156242    69527   115427   116583    84340   156242    87790    78439    44953    56279    43151    81945    86588    82327   115427   115427    41671    68823    50323    86588    41730    97020    65750    72336    63486    41200    52092    80653    68823    23363    82327    86990    45470     9071    74512    89163    72681    87790    54355    54178    84717    52994    58043    44953    60715    83055    96862    82327    50323    50479    75360    43151    67005   115427   165895    76548    55377    56279   120118    22842    89163 
   78320    20293    41379    82035    72884    63108    29902    12737    20184    20695    15284    19128    23957     8444    34315    35146    40662    40507    55881    39996    29902    53375    13427    27078    42799    63748    21018    81945        0    55414    15289    42264    42848    23957    16725    31280     8444    16725    42264    12737    82035    31827    34536    15553    42848    42532    61659    26985    26469    34901    48052    15289    41513     7207    36491    63748    61659    42848    21945    43740    63578    20960    22848    22848    22848    46457    39612    20184    16725    38745    84911    15284    42848    42264     8444    84911     7479    36496    21018     6680    20184        0    15114    37061    42848    42848    25483    52706    43740    15114    26985    20731    41379    40662    41513    38766    10997    52405    52706    61659    37061    45048    30645    72884    35927    26469    16241     7479    53375    59227    13427    21945    39251    21018    63578    38745    25227    37061    43740    31827    33418    20184    34536    42848    94368     7599    11944     6680    48052    55414    26469 
  120886    62859    48707   125280    17678   105674    29316    53029    60579    30100    40182    59014    21285    51010    20433    48530    55151    27976    21715    50221    29316    37369    56298    70742    57288    57931    27449    22842    55414        0    55688    84830    86146    21285    61597    21962    44984    61597    84830    53029   125280    38981    49642    42626    86146    64073    24063    21756    59895    77468    90618    55688    46464    48585    58807    57931    24063    86146    41685    28749    43674    54334    44460    44460    44460    27727    24958    60579    61597    54766   127477    40182    86146    84830    51010   127477    58457    45028    27449    38737    25635    55414    57680    53083    86146    86146    22568    53836    28749    57680    21756    68525    48707    55151    46464    20540    34550    63735    53836    24063    53083    66121    26181    17678    57469    59895    43916    58457    37369    37137    56298    41685    41102    27449    43674    54766    68097    53083    28749    38981    46152    25635    49642    86146   136934    47378    41899    38737    90618        0    59895 
   66331    15792    55184    71222    57811    51283    28652    39645    37886    45392    35614    36168    39234    21845    54641    55232    61530    59910    75952    57438    28652    73251    31206    16265    63365    83819    32121    66882    15289    55688        0    29708    32035    39234    10517    51525    12837    10517    29708    39645    71222    30183    55798    13909    32035    62808    44362    54258    44835    20382    36726        0    62035    18948    53933    83819    44362    32035    20301    61182    81020    38176    40290    40290    40290    66494    59832    37886    10517    58554    73086    35614    32035    29708    21845    73086     7962    53938    32121    19525    31925    15289    13424    57826    32035    32035    31260    70148    61182    13424    54258    13322    55184    61530    62035    56208    22315    69847    70148    44362    57826    62490    49759    57811    55998    44835    32389     7962    73251    76669    31206    20301    59589    32121    81020    58554    24457    57826    61182    30183    50860    31925    55798    32035    82503    21850    25519    19525    36726    55688    44835 
   61366    25683    76017    64084   107522    35957    90139    44513    52360    60857    51344    48142    67490    41579    68953    67207    73504    75145    90519    69413    90139    85226    43181    14665    77437    98386    66669   116583    42264    84830    29708        0    17354    67490    26466    65918    35818    26466        0    44513    64084    48692    67772    35047    17354    74782    91075    66232    56810     9170    22740    29708    74009    44595    65907    98386    91075    17354    37415    73156    92994    52627    52264    52264    52264    78468    74250    52360    26466    73383    67957    51344    17354        0    41579    67957    34574    65913    66669    45273    67536    42264    28841    69801    17354    17354    52397    82122    73156    28841    66232    23213    76017    73504    74009    68182    62460    81821    82122    91075    69801    74464    61733   107522    70565    56810    46956    34574    85226    88643    43181    37415    73889    66669    92994    73383    33831    69801    73156    48692    62834    67536    67772    17354    75365    46831    51488    45273    22740    84830    56810 
   42235    31617    74861    47479   106365    27023    88983    43356    51204    59701    50188    49639    68806    40423    67797    68627    74144    73988    89362    70729    88983    86857    44399    18446    76280    97229    65513   115427    42848    86146    32035    17354        0    68806    25310    64761    42423    25310    17354    43356    47479    60310    68018    44036        0    76013    92391    70030    58147    12164    11967    32035    74995    44644    67418    97229    92391        0    51454    74472    94310    51471    53449    53449    53449    79939    73094    51204    25310    72227    48826    50188        0    17354    40423    48826    35891    67229    65513    44117    66379    42848    31146    70543        0        0    92271    83438    74472    31146    70030    24700    74861    74144    74995    69499    61303    83137    83438    92391    70543    75150    64126   106365    69409    58147    45800    35891    86857    89960    44399    51454    72733    65513    94310    72227    27495    70543    74472    60310    63613    66379    68018        0    58283    45674    63426    44117    11967    86146    58147 
