dep36 0 0 60
**************************************DATA
6 84 480 8 1.33
**************************************DISTANCE
       0    52820    43209    52820    41228    39521    14204    24728   102308     9935    35310    57445    56985    58191    53658    57445    76990    57921    93870    59925    56985    52640    47067    47067    72007    35310     6246    47791    91969    27497    14204    50860    35310    51506    45515    17973    10084    14699    47543    10084     6246    51550    58704    43209    14699    62825    51550    80393    51877    15353    80393    47539    50158    10084    34283    41314    35310    84713    47894    52395    34283    57921    64273    30541    21735    42369    57445    90218    51550    14204    58255    41228    72007    50158    53658    80393    15353    32330    92510    42126    92510    90218    59925    47791    92510 
   52820        0    42779        0    89924    13449    49385    29723    48776    61627    18918    48442    47982    49188    44655    48442    51680    90453    36563    61573    47982    93510    79016    79016    63004    18918    70033    56438    24194    99008    49385    81132    18918    24029     7876    62897    42945    46303    77012    42945    70033    10897    88819    42779    46303    22198    10897    71390    82148    70407    71390    56291    41156    42945    31779    92106    18918    62812    14578     9195    31779    90453    55271    53726    88782    38898    48442    44463    10897    49385    39371    89924    63004    41156    44655    71390    70407    91868    83501    65725    83501    44463    61573    56438    83501 
   43209    42779        0    42779    75950    41552    39393    42055    88741    42316    27369    76102    75642    76848    72316    76102    91697    92666    76533    81706    75642    87935    81812    81812    90664    27369    46822    12742    64159    45625    39393    85606    27369    53809    41658    34333    33921    39888    82289    33921    46822    51487    93478        0    39888    39985    51487    99050    86622    51794    99050    69320    68816    33921    52741    78298    27369   103371    50002    38821    52741    92666    82931    52270    45190    64089    76102    85351    51487    39393    69151    75950    90664    68816    72316    99050    51794    71675   107331    76871   107331    85351    81706    12742   107331 
   52820        0    42779        0    89924    13449    49385    29723    48776    61627    18918    48442    47982    49188    44655    48442    51680    90453    36563    61573    47982    93510    79016    79016    63004    18918    70033    56438    24194    99008    49385    81132    18918    24029     7876    62897    42945    46303    77012    42945    70033    10897    88819    42779    46303    22198    10897    71390    82148    70407    71390    56291    41156    42945    31779    92106    18918    62812    14578     9195    31779    90453    55271    53726    88782    38898    48442    44463    10897    49385    39371    89924    63004    41156    44655    71390    70407    91868    83501    65725    83501    44463    61573    56438    83501 
   41228    89924    75950    89924        0    78213    39768    47408    97675    33652    69802    38860    49835    37948    50229    38860    75869    17741    87568    38459    49835    13243    14088    14088    48517    69802    36699    82578    90383    56973    39768    19081    69802    66962    82463    59371    43664    40913    15764    43664    36699    84543    24736    75950    40913   107845    84543    57485    18595    30454    57485    32663    46938    43664    48381    12654    69802    63441    80022    92517    48381    17741    34740    31674    46359    37806    38860    88658    84543    39768    57120        0    48517    46938    50229    57485    30454    27785    75230    19578    75230    88658    38459    82578    75230 
   39521    13449    41552    13449    78213        0    36522    16334    51341    49916    16583    36584    36484    37310    32684    36584    41488    78741    41059    49027    36484    90251    66929    66929    43137    16583    57487    52029    33894    87685    36522    69236    16583    12318     6130    53081    29646    33438    65219    29646    57487    12657    77108    41552    33438    31010    12657    60519    69603    59141    60519    43745    28828    29646    19211    79561    16583    57605     9001    16074    19211    78741    43393    42015    77071    29091    36584    42889    12657    36522    27660    78213    43137    28828    32684    60519    59141    80157    71789    53853    71789    42889    49027    52029    71789 
   14204    49385    39393    49385    39768    36522        0    18928    92564     6133    33244    47700    47313    48446    43914    47700    66985    56459    83865    50180    47313    51751    45628    45628    53965    33244     9282    46014    86886    42531        0    49422    33244    41502    42065    27764     7083     4783    46082     7083     9282    48553    57295    39393     4783    60758    48553    70648    50438    15610    70648    37794    40414     7083    25521    42114    33244    73430    44895    50328    25521    56459    54221    20537    32311    32625    47700    79929    48553        0    48250    39768    53965    40414    43914    70648    15610    35397    82618    40665    82618    79929    50180    46014    82618 
   24728    29723    42055    29723    47408    16334    18928        0    62618    25344    19836    33607    33147    34353    29821    33607    53166    64099    52291    46738    33147    59292    53169    53169    40147    19836    33908    48664    49601    62883    18928    56962    19836    13087    22404    38289    14854    14153    53646    14854    33908    28364    74118    42055    14153    51887    28364    56555    57979    34282    56555    34155    26321    14854    10246    53110    19836    60876    26097    36560    10246    64099    40436    17208    52500    21595    33607    66110    28364    18928    26330    47408    40147    26321    29821    56555    34282    55586    68799    40132    68799    66110    46738    48664    68799 
  102308    48776    88741    48776    97675    51341    92564    62618        0    89058    67426    60946    55840    61692    50355    60946    31814   103046    12475    70229    55840   106014    91520    91520    56840    67426    97755    98361    24582   126730    92564    93541    67426    52746    54725   113509    76780    86227    89524    76780    97755    38765   101413    88741    86227    60361    38765    49842    94653    98129    49842    68795    52396    76780    58496   119829    67426    47931    46425    52621    58496   103046    67697    81157   116213    54248    60946    13577    38765    92564    42285    97675    56840    52396    50355    49842    98129   119299    45688    78158    45688    13577    70229    98361    45688 
    9935    61627    42316    61627    33652    49916     6133    25344    89058        0    36168    44194    43735    44941    40408    44194    63317    50344    80197    46675    43735    45613    39491    39491    58757    36168     6047    48944    78719    39218     6133    43284    36168    37833    54322    25737    10010     8031    39967    10010     6047    56246    51162    42316     8031    79547    56246    67143    44301    11115    67143    34289    36908    10010    26998    35976    36168    71463    51724    64220    26998    50344    51023    16868    28603    29119    44194    76968    56246     6133    44582    33652    58757    36908    40408    67143    11115    30386    79260    34550    79260    76968    46675    48944    79260 
   35310    18918    27369    18918    69802    16583    33244    19836    67426    36168        0    49985    49874    50731    46198    49985    69546    86493    57091    63116    49874    81787    75664    75664    56526        0    39317    38861    42276    53148    33244    82675        0    28840    16688    41846    27773    31704    76116    27773    39317    28688    90498    27369    31704    30656    28688    72933    83691    45645    72933    57834    42698    27773    26626    72150        0    77253    25032    20226    26626    86493    56813    36381    52633    37972    49985    58920    28688    33244    43540    69802    56526    42698    46198    72933    45645    65431    85179    67268    85179    58920    63116    38861    85179 
   57445    48442    76102    48442    38860    36584    47700    33607    60946    44194    49985        0    10805     5349    13443        0    38965    44231    50664    19840    10805    47142    32419    32419    17457    49985    53124    86150    53685    82099    47700    34726    49985    25622    41122    68645    47220    41596    30709    47220    53124    49772    42598    76102    41596    66002    49772    30611    35781    53498    30611     9923    10152    47220    25796    47994    49985    35883    41432    50888    25796    44231     9866    22015    71350     9286        0    51909    49772    47700    20216    38860    17457    10152    13443    30611    53498    49678    54598    19343    54598    51909    19840    86150    54598 
   56985    47982    75642    47982    49835    36484    47313    33147    55840    43735    49874    10805        0     5567     7467    10805    32930    51691    45565    17840        0    54585    40092    40092     9188    49874    53024    85688    48548    81999    47313    42208    49874    25162    40663    68185    46761    41496    38088    46761    53024    44673    50057    75642    41496    66116    44673    21651    43224    53398    21651    17337    10052    46761    25337    59581    49874    27607    36384    50789    25337    51691    11538    35834    70890    16107    10805    44726    44673    47313    15117    49835     9188    10052     7467    21651    53398    73976    36998    26801    36998    44726    17840    85688    36998 
   58191    49188    76848    49188    37948    37310    48446    34353    61692    44941    50731     5349     5567        0    14169     5349    39712    46235    51411    12385     5567    49130    34422    34422    12220    50731    53850    86897    54431    82825    48446    36730    50731    26368    41869    69391    47966    42322    32713    47966    53850    50519    44602    76848    42322    66749    50519    25374    37768    54224    25374    11881    10878    47966    26543    53366    50731    30646    42158    51614    26543    46235     6083    37040    72096    13484     5349    52656    50519    48446    20963    37948    12220    10878    14169    25374    54224    75182    55345    21347    55345    52656    12385    86897    55345 
   53658    44655    72316    44655    50229    32684    43914    29821    50355    40408    46198    13443     7467    14169        0    13443    26207    55600    40073    26669     7467    58803    43787    43787    15720    46198    49223    82364    43094    78198    43914    46095    46198    21835    37336    64859    43434    37695    42078    43434    49223    39181    53967    72316    37695    62216    39181    28223    47244    49597    28223    21387     6275    43434    22010    59458    46198    30305    30822    46988    22010    55600    18070    32507    67564    10857    13443    39151    39181    43914     9625    50229    15720     6275        0    28223    49597    70650    41840    30712    41840    39151    26669    82364    41840 
   57445    48442    76102    48442    38860    36584    47700    33607    60946    44194    49985        0    10805     5349    13443        0    38965    44231    50664    19840    10805    47142    32419    32419    17457    49985    53124    86150    53685    82099    47700    34726    49985    25622    41122    68645    47220    41596    30709    47220    53124    49772    42598    76102    41596    66002    49772    30611    35781    53498    30611     9923    10152    47220    25796    47994    49985    35883    41432    50888    25796    44231     9866    22015    71350     9286        0    51909    49772    47700    20216    38860    17457    10152    13443    30611    53498    49678    54598    19343    54598    51909    19840    86150    54598 
   76990    51680    91697    51680    75869    41488    66985    53166    31814    63317    69546    38965    32930    39712    26207    38965        0    80830    28008    40273    32930    84033    69539    69539    23152    69546    72696   105360    40145   101671    66985    71656    69546    45451    60563    88190    66426    61168    67536    66426    72696    41406    79500    91697    61168    70823    41406    19886    72672    73070    19886    46814    31679    66426    45356    94770    69546    18000    36572    70460    45356    80830    45794    56123    91057    36285    38965    19724    41406    66985    28829    75869    23152    31679    26207    19886    73070    94352    18254    56249    18254    19724    40273   105360    18254 
   57921    90453    92666    90453    17741    78741    56459    64099   103046    50344    86493    44231    51691    46235    55600    44231    80830        0    92529    37401    51691    10245    12241    12241    57041    86493    53390    99270    95754    72743    56459    15692    86493    67486    82987    76099    60356    57604    15245    60356    53390    85072     8243    92666    57604   108373    85072    56426    10831    50201    56426    37273    52309    60356    67941    18058    86493    62382    83589    93045    67941        0    43028    48366    62037    51443    44231    94029    85072    56459    62081    17741    57041    52309    55600    56426    50201    36039    74173    29698    74173    94029    37401    99270    74173 
   93870    36563    76533    36563    87568    41059    83865    52291    12475    80197    57091    50664    45565    51411    40073    50664    28008    92529        0    63795    45565    95732    81238    81238    46522    57091    89576    86304    12368   118551    83865    83354    57091    42440    43397   105070    83306    78048    79235    83306    89576    27368    91199    76533    78048    48159    27368    45993    84371    89950    45993    58513    42114    83306    46525    96585    57091    44108    36143    40419    46525    92529    57493    67804   107937    43966    50664     9086    27368    83865    31979    87568    46522    42114    40073    45993    89950   111232    40873    67948    40873     9086    63795    86304    40873 
   59925    61573    81706    61573    38459    49027    50180    46738    70229    46675    63116    19840    17840    12385    26669    19840    40273    37401    63795        0    17840    40604    25588    25588    21303    63116    53430    88327    66816    84444    50180    27896    63116    38753    54253    71125    49396    44124    23878    49396    53430    62903    35767    81706    44124    79133    62903    21397    28957    54089    21397    12753    23192    49396    38927    47099    63116    26669    50032    64197    38927    37401     8247    30884    73830    23176    19840    58114    62903    50180    33347    38459    21303    23192    26669    21397    54089    55867    38520    18288    38520    58114        0    88327    38520 
   56985    47982    75642    47982    49835    36484    47313    33147    55840    43735    49874    10805        0     5567     7467    10805    32930    51691    45565    17840        0    54585    40092    40092     9188    49874    53024    85688    48548    81999    47313    42208    49874    25162    40663    68185    46761    41496    38088    46761    53024    44673    50057    75642    41496    66116    44673    21651    43224    53398    21651    17337    10052    46761    25337    59581    49874    27607    36384    50789    25337    51691    11538    35834    70890    16107    10805    44726    44673    47313    15117    49835     9188    10052     7467    21651    53398    73976    36998    26801    36998    44726    17840    85688    36998 
   52640    93510    87935    93510    13243    90251    51751    59292   106014    45613    81787    47142    54585    49130    58803    47142    84033    10245    95732    40604    54585        0    15444    15444    60159    81787    48151    94556    98753    66027    51751    20420    81787    70690    86190    70091    55625    52951    18569    55625    48151    94840    17256    87935    52951   111070    94840    60253    14034    43484    60253    40476    55129    55625    60345    11342    81787    65525    86792   104555    60345    10245    45922    43635    55393    49844    47142    96977    94840    51751    65284    13243    60159    55129    58803    60253    43484    29394    77376    24967    77376    96977    40604    94556    77376 
   47067    79016    81812    79016    14088    66929    45628    53169    91520    39491    75664    32419    40092    34422    43787    32419    69539    12241    81238    25588    40092    15444        0        0    45666    75664    42528    88433    84259    78681    45628     5210    75664    56196    71697    65245    49503    46742     4076    49503    42528    80347    12331    81812    46742    96560    80347    44613     5493    47597    44613    25460    40497    49503    56371    24610    75664    51032    71777    81233    56371    12241    31429    37512    67950    39630    32419    82484    80347    45628    50790    14088    45666    40497    43787    44613    47597    42663    62882    18845    62882    82484    25588    88433    62882 
   47067    79016    81812    79016    14088    66929    45628    53169    91520    39491    75664    32419    40092    34422    43787    32419    69539    12241    81238    25588    40092    15444        0        0    45666    75664    42528    88433    84259    78681    45628     5210    75664    56196    71697    65245    49503    46742     4076    49503    42528    80347    12331    81812    46742    96560    80347    44613     5493    47597    44613    25460    40497    49503    56371    24610    75664    51032    71777    81233    56371    12241    31429    37512    67950    39630    32419    82484    80347    45628    50790    14088    45666    40497    43787    44613    47597    42663    62882    18845    62882    82484    25588    88433    62882 
   72007    63004    90664    63004    48517    43137    53965    40147    56840    58757    56526    17457     9188    12220    15720    17457    23152    57041    46522    21303     9188    60159    45666    45666        0    56526    59676    92340    49548    88651    53965    47782    56526    40184    55685    83207    61782    48148    43662    61782    59676    45630    55408    90664    48148    72768    45630    15568    48798    60050    15568    22450    16705    61782    40359    63935    56526    20101    37528    57441    40359    57041    13776    50856    85912    22760    17457    42919    45630    53965    23192    48517        0    16705    15720    15568    60050    88998    27220    31914    27220    42919    21303    92340    27220 
   35310    18918    27369    18918    69802    16583    33244    19836    67426    36168        0    49985    49874    50731    46198    49985    69546    86493    57091    63116    49874    81787    75664    75664    56526        0    39317    38861    42276    53148    33244    82675        0    28840    16688    41846    27773    31704    76116    27773    39317    28688    90498    27369    31704    30656    28688    72933    83691    45645    72933    57834    42698    27773    26626    72150        0    77253    25032    20226    26626    86493    56813    36381    52633    37972    49985    58920    28688    33244    43540    69802    56526    42698    46198    72933    45645    65431    85179    67268    85179    58920    63116    38861    85179 
    6246    70033    46822    70033    36699    57487     9282    33908    97755     6047    39317    53124    53024    53850    49223    53124    72696    53390    89576    53430    53024    48151    42528    42528    59676    39317        0    54684    92597    29791     9282    46355    39317    47213    62713    20267    13156    11180    43013    13156        0    64806    54227    46822    11180    87593    64806    77058    47416    10957    77058    41044    45367    13156    42571    36773    39317    79140    60253    72657    42571    53390    59932    26248    24707    38811    53124    85640    64806     9282    53961    36699    59676    45367    49223    77058    10957    27789    88329    37597    88329    85640    53430    54684    88329 
   47791    56438    12742    56438    82578    52029    46014    48664    98361    48944    38861    86150    85688    86897    82364    86150   105360    99270    86304    88327    85688    94556    88433    88433    92340    38861    54684        0    73779    46323    46014    92227    38861    61060    55381    38331    40550    46510    88892    40550    54684    65220   100106    12742    46510    51835    65220   109099    93243    58415   109099    75941    78864    40550    58219    84919    38861   113419    60478    48441    58219    99270    92979    58898    49188    69537    86150   118304    65220    46014    86625    82578    92340    78864    82364   109099    58415    75673   120993    81943   120993   118304    88327        0   120993 
   91969    24194    64159    24194    90383    33894    86886    49601    24582    78719    42276    53685    48548    54431    43094    53685    40145    95754    12368    66816    48548    98753    84259    84259    49548    42276    92597    73779        0   121572    86886    86375    42276    41206    31146   103170    62912    81069    82232    62912    92597    17159    94120    64159    81069    35791    17159    58100    87392    92971    58100    61534    45135    62912    47734    99606    42276    56215    28981    28051    47734    95754    60405    70818   105874    46987    53685    21241    17159    86886    34993    90383    49548    45135    43094    58100    92971   108960    53028    70866    53028    21241    66816    73779    53028 
   27497    99008    45625    99008    56973    87685    42531    62883   126730    39218    53148    82099    81999    82825    78198    82099   101671    72743   118551    84444    81999    66027    78681    78681    88651    53148    29791    46323   121572        0    42531    82508    53148    76188    91689    15206    33138    44429    79166    33138    29791    93781    90380    45625    44429    84752    93781   106034    83374    31810   106034    72058    74343    33138    71546    54680    53148   108116    89494    70233    71546    72743    88908    55223    10677    67786    82099   114615    93781    42531    82936    56973    88651    74343    78198   106034    31810    37161   117304    73750   117304   114615    84444    46323   117304 
   14204    49385    39393    49385    39768    36522        0    18928    92564     6133    33244    47700    47313    48446    43914    47700    66985    56459    83865    50180    47313    51751    45628    45628    53965    33244     9282    46014    86886    42531        0    49422    33244    41502    42065    27764     7083     4783    46082     7083     9282    48553    57295    39393     4783    60758    48553    70648    50438    15610    70648    37794    40414     7083    25521    42114    33244    73430    44895    50328    25521    56459    54221    20537    32311    32625    47700    79929    48553        0    48250    39768    53965    40414    43914    70648    15610    35397    82618    40665    82618    79929    50180    46014    82618 
   50860    81132    85606    81132    19081    69236    49422    56962    93541    43284    82675    34726    42208    36730    46095    34726    71656    15692    83354    27896    42208    20420     5210     5210    47782    82675    46355    92227    86375    82508    49422        0    82675    58312    73813    69039    53296    50569     6642    53296    46355    82463    11629    85606    50569    98868    82463    46921     5497    51423    46921    27768    42804    53296    58487    29586    82675    53148    74084    83540    58487    15692    33545    41306    71744    41938    34726    84600    82463    49422    52907    19081    47782    42804    46095    46921    51423    46114    64998    19911    64998    84600    27896    92227    64998 
   35310    18918    27369    18918    69802    16583    33244    19836    67426    36168        0    49985    49874    50731    46198    49985    69546    86493    57091    63116    49874    81787    75664    75664    56526        0    39317    38861    42276    53148    33244    82675        0    28840    16688    41846    27773    31704    76116    27773    39317    28688    90498    27369    31704    30656    28688    72933    83691    45645    72933    57834    42698    27773    26626    72150        0    77253    25032    20226    26626    86493    56813    36381    52633    37972    49985    58920    28688    33244    43540    69802    56526    42698    46198    72933    45645    65431    85179    67268    85179    58920    63116    38861    85179 
   51506    24029    53809    24029    66962    12318    41502    13087    52746    37833    28840    25622    25162    26368    21835    25622    45451    67486    42440    38753    25162    70690    56196    56196    40184    28840    47213    61060    41206    76188    41502    58312    28840        0    16725    62707    27249    35685    54192    27249    47213    19969    66156    53809    35685    41949    19969    48570    59328    47587    48570    33471    18336    27249     8959    69286    28840    52890    15447    26622     8959    67486    32451    30456    65573    16078    25622    48142    19969    41502    16458    66962    40184    18336    21835    48570    47587    68868    60687    42905    60687    48142    38753    61060    60687 
   45515     7876    41658     7876    82463     6130    42065    22404    54725    54322    16688    41122    40663    41869    37336    41122    60563    82987    43397    54253    40663    86190    71697    71697    55685    16688    62713    55381    31146    91689    42065    73813    16688    16725        0    78208    35192    38983    69693    35192    62713    16584    81515    41658    38983    25796    16584    64071    74829    63088    64071    48972    33836    35192    24460    84787    16688    68391    12731    10469    24460    82987    47951    46421    81074    31579    41122    50121    16584    42065    32066    82463    55685    33836    37336    64071    63088    84564    76188    58406    76188    50121    54253    55381    76188 
   17973    62897    34333    62897    59371    53081    27764    38289   113509    25737    41846    68645    68185    69391    64859    68645    88190    76099   105070    71125    68185    70091    65245    65245    83207    41846    20267    38331   103170    15206    27764    69039    41846    62707    78208        0    25092    28260    65722    25092    20267    80696    76899    34333    28260    73463    80696    91593    70055    25579    91593    58739    61359    25092    51449    58765    41846    95914    76175    58931    51449    76099    75474    41742    14761    53570    68645   101419    80696    27764    69455    59371    83207    61359    64859    91593    25579    41246   103823    60304   103823   101419    71125    38331   103823 
   10084    42945    33921    42945    43664    29646     7083    14854    76780    10010    27773    47220    46761    47966    43434    47220    66426    60356    83306    49396    46761    55625    49503    49503    61782    27773    13156    40550    62912    33138     7083    53296    27773    27249    35192    25092        0     7579    49979        0    13156    41675    61172    33921     7579    60865    41675    70168    54313    19484    70168    37010    39934        0    24408    45989    27773    74489    38019    45538    24408    60356    54049    19963    35791    32145    47220    79994    41675     7083    47691    43664    61782    39934    43434    70168    19484    39273    82286    44562    82286    79994    49396    40550    82286 
   14699    46303    39888    46303    40913    33438     4783    14153    86227     8031    31704    41596    41496    42322    37695    41596    61168    57604    78048    44124    41496    52951    46742    46742    48148    31704    11180    46510    81069    44429     4783    50569    31704    35685    38983    28260     7579        0    47227     7579    11180    42516    58440    39888        0    63863    42516    65531    51564    17508    65531    31738    33840     7579    20745    43240    31704    67613    40250    48927    20745    57604    48405    14706    34209    27283    41596    74112    42516     4783    42433    40913    48148    33840    37695    65531    17508    37295    76801    37751    76801    74112    44124    46510    76801 
   47543    77012    82289    77012    15764    65219    46082    53646    89524    39967    76116    30709    38088    32713    42078    30709    67536    15245    79235    23878    38088    18569     4076     4076    43662    76116    43013    88892    82232    79166    46082     6642    76116    54192    69693    65722    49979    47227        0    49979    43013    78343    14530    82289    47227    94851    78343    42904     7658    48082    42904    23751    38787    49979    54367    23344    76116    48860    70067    79523    54367    15245    29505    37989    68427    37921    30709    80480    78343    46082    48787    15764    43662    38787    42078    42904    48082    42967    60878    12869    60878    80480    23878    88892    60878 
   10084    42945    33921    42945    43664    29646     7083    14854    76780    10010    27773    47220    46761    47966    43434    47220    66426    60356    83306    49396    46761    55625    49503    49503    61782    27773    13156    40550    62912    33138     7083    53296    27773    27249    35192    25092        0     7579    49979        0    13156    41675    61172    33921     7579    60865    41675    70168    54313    19484    70168    37010    39934        0    24408    45989    27773    74489    38019    45538    24408    60356    54049    19963    35791    32145    47220    79994    41675     7083    47691    43664    61782    39934    43434    70168    19484    39273    82286    44562    82286    79994    49396    40550    82286 
    6246    70033    46822    70033    36699    57487     9282    33908    97755     6047    39317    53124    53024    53850    49223    53124    72696    53390    89576    53430    53024    48151    42528    42528    59676    39317        0    54684    92597    29791     9282    46355    39317    47213    62713    20267    13156    11180    43013    13156        0    64806    54227    46822    11180    87593    64806    77058    47416    10957    77058    41044    45367    13156    42571    36773    39317    79140    60253    72657    42571    53390    59932    26248    24707    38811    53124    85640    64806     9282    53961    36699    59676    45367    49223    77058    10957    27789    88329    37597    88329    85640    53430    54684    88329 
   51550    10897    51487    10897    84543    12657    48553    28364    38765    56246    28688    49772    44673    50519    39181    49772    41406    85072    27368    62903    44673    94840    80347    80347    45630    28688    64806    65220    17159    93781    48553    82463    28688    19969    16584    80696    41675    42516    78343    41675    64806        0    83438    51487    42516    31186        0    54016    83479    65180    54016    57622    41223    41675    26552    86880    28688    57523     7744    20102    26552    85072    56601    48345    83401    33671    49772    34189        0    48553    30131    84543    45630    41223    39181    54016    65180    86487    54654    67056    54654    34189    62903    65220    54654 
   58704    88819    93478    88819    24736    77108    57295    74118   101413    51162    90498    42598    50057    44602    53967    42598    79500     8243    91199    35767    50057    17256    12331    12331    55408    90498    54227   100106    94120    90380    57295    11629    90498    66156    81515    76899    61172    58440    14530    61172    54227    83438        0    93478    58440   106740    83438    54792     6828    59295    54792    35640    50676    61172    66307    26012    90498    60748    81956    91412    66307     8243    41394    49150    79765    49809    42598    92395    83438    57295    60751    24736    55408    50676    53967    54792    59295    44076    72538    27764    72538    92395    35767   100106    72538 
   43209    42779        0    42779    75950    41552    39393    42055    88741    42316    27369    76102    75642    76848    72316    76102    91697    92666    76533    81706    75642    87935    81812    81812    90664    27369    46822    12742    64159    45625    39393    85606    27369    53809    41658    34333    33921    39888    82289    33921    46822    51487    93478        0    39888    39985    51487    99050    86622    51794    99050    69320    68816    33921    52741    78298    27369   103371    50002    38821    52741    92666    82931    52270    45190    64089    76102    85351    51487    39393    69151    75950    90664    68816    72316    99050    51794    71675   107331    76871   107331    85351    81706    12742   107331 
   14699    46303    39888    46303    40913    33438     4783    14153    86227     8031    31704    41596    41496    42322    37695    41596    61168    57604    78048    44124    41496    52951    46742    46742    48148    31704    11180    46510    81069    44429     4783    50569    31704    35685    38983    28260     7579        0    47227     7579    11180    42516    58440    39888        0    63863    42516    65531    51564    17508    65531    31738    33840     7579    20745    43240    31704    67613    40250    48927    20745    57604    48405    14706    34209    27283    41596    74112    42516     4783    42433    40913    48148    33840    37695    65531    17508    37295    76801    37751    76801    74112    44124    46510    76801 
   62825    22198    39985    22198   107845    31010    60758    51887    60361    79547    30656    66002    66116    66749    62216    66002    70823   108373    48159    79133    66116   111070    96560    96560    72768    30656    87593    51835    35791    84752    60758    98868    30656    41949    25796    73463    60865    63863    94851    60865    87593    31186   106740    39985    63863        0    31186    90151    99709    87967    90151    73852    58716    60865    49798   109667    30656    86941    38738    15575    49798   108373    73024    71646   106702    56459    66002    57032    31186    60758    57291   107845    72768    58716    62216    90151    87967   109788   101421    83485   101421    57032    79133    51835   101421 
   51550    10897    51487    10897    84543    12657    48553    28364    38765    56246    28688    49772    44673    50519    39181    49772    41406    85072    27368    62903    44673    94840    80347    80347    45630    28688    64806    65220    17159    93781    48553    82463    28688    19969    16584    80696    41675    42516    78343    41675    64806        0    83438    51487    42516    31186        0    54016    83479    65180    54016    57622    41223    41675    26552    86880    28688    57523     7744    20102    26552    85072    56601    48345    83401    33671    49772    34189        0    48553    30131    84543    45630    41223    39181    54016    65180    86487    54654    67056    54654    34189    62903    65220    54654 
   80393    71390    99050    71390    57485    60519    70648    56555    49842    67143    72933    30611    21651    25374    28223    30611    19886    56426    45993    21397    21651    60253    44613    44613    15568    72933    77058   109099    58100   106034    70648    46921    72933    48570    64071    91593    70168    65531    42904    70168    77058    54016    54792    99050    65531    90151    54016        0    48892    77433        0    31277    29859    70168    48744    66826    72933     6282    46596    74823    48744    56426    23125    59242    94298    35914    30611    37727    54016    70648    31577    57485    15568    29859    28223        0    77433    97384    18132    37313    18132    37727    21397   109099    18132 
   51877    82148    86622    82148    18595    69603    50438    57979    94653    44301    83691    35781    43224    37768    47244    35781    72672    10831    84371    28957    43224    14034     5493     5493    48798    83691    47416    93243    87392    83374    50438     5497    83691    59328    74829    70055    54313    51564     7658    54313    47416    83479     6828    86622    51564    99709    83479    48892        0    52549    48892    28830    43768    54313    59503    23200    83691    54164    75146    84773    59503    10831    34561    42322    72760    41477    35781    85616    83479    50438    53923    18595    48798    43768    47244    48892    52549    41253    66015    20928    66015    85616    28957    93243    66015 
   15353    70407    51794    70407    30454    59141    15610    34282    98129    11115    45645    53498    53398    54224    49597    53498    73070    50201    89950    54089    53398    43484    47597    47597    60050    45645    10957    58415    92971    31810    15610    51423    45645    47587    63088    25579    19484    17508    48082    19484    10957    65180    59295    51794    17508    87967    65180    77433    52549        0    77433    41703    45742    19484    42945    32225    45645    79515    60950    73032    42945    50201    60307    26622    21195    39185    53498    86014    65180    15610    54335    30454    60050    45742    49597    77433        0    18486    88703    42665    88703    86014    54089    58415    88703 
   80393    71390    99050    71390    57485    60519    70648    56555    49842    67143    72933    30611    21651    25374    28223    30611    19886    56426    45993    21397    21651    60253    44613    44613    15568    72933    77058   109099    58100   106034    70648    46921    72933    48570    64071    91593    70168    65531    42904    70168    77058    54016    54792    99050    65531    90151    54016        0    48892    77433        0    31277    29859    70168    48744    66826    72933     6282    46596    74823    48744    56426    23125    59242    94298    35914    30611    37727    54016    70648    31577    57485    15568    29859    28223        0    77433    97384    18132    37313    18132    37727    21397   109099    18132 
   47539    56291    69320    56291    32663    43745    37794    34155    68795    34289    57834     9923    17337    11881    21387     9923    46814    37273    58513    12753    17337    40476    25460    25460    22450    57834    41044    75941    61534    72058    37794    27768    57834    33471    48972    58739    37010    31738    23751    37010    41044    57622    35640    69320    31738    73852    57622    31277    28830    41703    31277        0    17910    37010    33646    41852    57834    36549    44750    58916    33646    37273     8674    18498    61444    19408     9923    59759    57622    37794    28065    32663    22450    17910    21387    31277    41703    43481    62448    11432    62448    59759    12753    75941    62448 
