dep94 0 0 60
**************************************DATA
2 46 480 8 1.33
**************************************DISTANCE
       0    13739    21748    19824    12021    11713    20758    27108     8068    12664    29398     6297    21748    14301    20758    11713    12021    21579    27108     7866    11713    23420     8651     8651    20611     7866     2997     8651    22095    22095    23420    22095    23420    22095    21748     7866     8068    22095    22095    16312    24234    23420    21748    23420    27108    26251    26251 
   13739        0     9674     7954    12667     6412     8888    17361     3271    13675    16668    11185     9674    18333     8888     6412    12667     9710    17361    12754     6412    11550     5319     5319    12275    12754     6629     5319    33296    33296    11550    33296    11550    33296     9674    12754     3271    33296    33296     4320    15349    11550     9674    11550    17361    19122    19122 
   21748     9674        0     2095    20729    10985     3972    25424    12815    18391     3206    22138        0    23314     3972    10985    20729     2988    25424    33283    10985     4253    15921    15921    12352    33283    17354    15921    27978    27978     4253    27978     4253    27978        0    33283    12815    27978    27978     9729    10117     4253        0     4253    25424    27184    27184 
   19824     7954     2095        0    21442     9061     1844    26930    11227    16474     4634    18285     2095    24418     1844     9061    21442     3026    26930    31696     9061     3540    12692    12692    13678    31696    15767    12692    39381    39381     3540    39381     3540    39381     2095    31696    11227    39381    39381     7847    11443     3540     2095     3540    26930    28696    28696 
   12021    12667    20729    21442        0    15135    21979     6991    12125     2954    20535     5121    20729     4479    21979    15135        0    25281     6991     6569    15135    24555    13615    13615     6719     6569    11097    13615     9129     9129    24555     9129    24555     9129    20729     6569    12125     9129     9129    21112     9860    24555    20729    24555     6991     8758     8758 
   11713     6412    10985     9061    15135        0     9995    19829     5201    16081    17775    13115    10985    17719     9995        0    15135    10816    19829    14684        0    12657     4156     4156    19356    14684     8560     4156    30915    30915    12657    30915    12657    30915    10985    14684     5201    30915    30915     2207    18377    12657    10985    12657    19829    21590    21590 
   20758     8888     3972     1844    21979     9995        0    27864    12128    22213     5343    19220     3972    25352        0     9995    21979     1447    27864    21482     9995     2980    13626    13626    22363    21482    16304    13626    40315    40315     2980    40315     2980    40315     3972    21482    12128    40315    40315     8782    15565     2980     3972     2980    27864    29631    29631 
   27108    17361    25424    26930     6991    19829    27864        0    17079     7938    27901    12131    25424     2298    27864    19829     6991    29924        0    13480    19829    30287    18309    18309    11220    13480    15571    18309     5493     5493    30287     5493    30287     5493    25424    13480    17079     5493     5493    25806    14361    30287    25424    30287        0     1863     1863 
    8068     3271    12815    11227    12125     5201    12128    17079        0    11428    14727     8033    12815    14567    12128     5201    12125    12949    17079    10295     5201    14789     3681     3681    11003    10295     4058     3681    31100    31100    14789    31100    14789    31100    12815    10295        0    31100    31100     6862    13953    14789    12815    14789    17079    18846    18846 
   12664    13675    18391    16474     2954    16081    22213     7938    11428        0    21269     8383    18391     5426    22213    16081     2954    23292     7938     9443    16081    23655    15956    15956     3971     9443     9920    15956    10076    10076    23655    10076    23655    10076    18391     9443    11428    10076    10076    18774     7709    23655    18391    23655     7938     9704     9704 
   29398    16668     3206     4634    20535    17775     5343    27901    14727    21269        0    24982     3206    25389     5343    17775    20535     4348    27901    29018    17775     2878    24112    24112    18473    29018    23501    24112    30039    30039     2878    30039     2878    30039     3206    29018    14727    30039    30039    16562    10295     2878     3206     2878    27901    29668    29668 
    6297    11185    22138    18285     5121    13115    19220    12131     8033     8383    24982        0    22138    10044    19220    13115     5121    20041    12131     3985    13115    21881     8788     8788    12806     3985     5403     8788    16006    16006    21881    16006    21881    16006    22138     3985     8033    16006    16006    14776    16351    21881    22138    21881    12131    19870    19870 
   21748     9674        0     2095    20729    10985     3972    25424    12815    18391     3206    22138        0    23314     3972    10985    20729     2988    25424    33283    10985     4253    15921    15921    12352    33283    17354    15921    27978    27978     4253    27978     4253    27978        0    33283    12815    27978    27978     9729    10117     4253        0     4253    25424    27184    27184 
   14301    18333    23314    24418     4479    17719    25352     2298    14567     5426    25389    10044    23314        0    25352    17719     4479    27412     2298    10968    17719    27775    16608    16608     9109    10968    13059    16608     6038     6038    27775     6038    27775     6038    23314    10968    14567     6038     6038    20906    12251    27775    23314    27775     2298     4058     4058 
   20758     8888     3972     1844    21979     9995        0    27864    12128    22213     5343    19220     3972    25352        0     9995    21979     1447    27864    21482     9995     2980    13626    13626    22363    21482    16304    13626    40315    40315     2980    40315     2980    40315     3972    21482    12128    40315    40315     8782    15565     2980     3972     2980    27864    29631    29631 
   11713     6412    10985     9061    15135        0     9995    19829     5201    16081    17775    13115    10985    17719     9995        0    15135    10816    19829    14684        0    12657     4156     4156    19356    14684     8560     4156    30915    30915    12657    30915    12657    30915    10985    14684     5201    30915    30915     2207    18377    12657    10985    12657    19829    21590    21590 
   12021    12667    20729    21442        0    15135    21979     6991    12125     2954    20535     5121    20729     4479    21979    15135        0    25281     6991     6569    15135    24555    13615    13615     6719     6569    11097    13615     9129     9129    24555     9129    24555     9129    20729     6569    12125     9129     9129    21112     9860    24555    20729    24555     6991     8758     8758 
   21579     9710     2988     3026    25281    10816     1447    29924    12949    23292     4348    20041     2988    27412     1447    10816    25281        0    29924    22304    10816     2670    14448    14448    20496    22304    17813    14448    41137    41137     2670    41137     2670    41137     2988    22304    12949    41137    41137     9603    13699     2670     2988     2670    29924    31691    31691 
   27108    17361    25424    26930     6991    19829    27864        0    17079     7938    27901    12131    25424     2298    27864    19829     6991    29924        0    13480    19829    30287    18309    18309    11220    13480    15571    18309     5493     5493    30287     5493    30287     5493    25424    13480    17079     5493     5493    25806    14361    30287    25424    30287        0     1863     1863 
    7866    12754    33283    31696     6569    14684    21482    13480    10295     9443    29018     3985    33283    10968    21482    14684     6569    22304    13480        0    14684    24144    13164    13164    13208        0     7666    13164    12421    12421    24144    12421    24144    12421    33283        0    10295    12421    12421    16345    16349    24144    33283    24144    13480    16286    16286 
   11713     6412    10985     9061    15135        0     9995    19829     5201    16081    17775    13115    10985    17719     9995        0    15135    10816    19829    14684        0    12657     4156     4156    19356    14684     8560     4156    30915    30915    12657    30915    12657    30915    10985    14684     5201    30915    30915     2207    18377    12657    10985    12657    19829    21590    21590 
   23420    11550     4253     3540    24555    12657     2980    30287    14789    23655     2878    21881     4253    27775     2980    12657    24555     2670    30287    24144    12657        0    16288    16288    20859    24144    19653    16288    32425    32425        0    32425        0    32425     4253    24144    14789    32425    32425    11443    14143        0     4253        0    30287    32054    32054 
    8651     5319    15921    12692    13615     4156    13626    18309     3681    15956    24112     8788    15921    16608    13626     4156    13615    14448    18309    13164     4156    16288        0        0    14895    13164     4653        0    28209    28209    16288    28209    16288    28209    15921    13164     3681    28209    28209     6358    17970    16288    15921    16288    18309    32073    32073 
    8651     5319    15921    12692    13615     4156    13626    18309     3681    15956    24112     8788    15921    16608    13626     4156    13615    14448    18309    13164     4156    16288        0        0    14895    13164     4653        0    28209    28209    16288    28209    16288    28209    15921    13164     3681    28209    28209     6358    17970    16288    15921    16288    18309    32073    32073 
   20611    12275    12352    13678     6719    19356    22363    11220    11003     3971    18473    12806    12352     9109    22363    19356     6719    20496    11220    13208    19356    20859    14895    14895        0    13208    16329    14895    13774    13774    20859    13774    20859    13774    12352    13208    11003    13774    13774    12504     4995    20859    12352    20859    11220    12980    12980 
    7866    12754    33283    31696     6569    14684    21482    13480    10295     9443    29018     3985    33283    10968    21482    14684     6569    22304    13480        0    14684    24144    13164    13164    13208        0     7666    13164    12421    12421    24144    12421    24144    12421    33283        0    10295    12421    12421    16345    16349    24144    33283    24144    13480    16286    16286 
    2997     6629    17354    15767    11097     8560    16304    15571     4058     9920    23501     5403    17354    13059    16304     8560    11097    17813    15571     7666     8560    19653     4653     4653    16329     7666        0     4653    19636    19636    19653    19636    19653    19636    17354     7666     4058    19636    19636    10221    19403    19653    17354    19653    15571    17338    17338 
    8651     5319    15921    12692    13615     4156    13626    18309     3681    15956    24112     8788    15921    16608    13626     4156    13615    14448    18309    13164     4156    16288        0        0    14895    13164     4653        0    28209    28209    16288    28209    16288    28209    15921    13164     3681    28209    28209     6358    17970    16288    15921    16288    18309    32073    32073 
   22095    33296    27978    39381     9129    30915    40315     5493    31100    10076    30039    16006    27978     6038    40315    30915     9129    41137     5493    12421    30915    32425    28209    28209    13774    12421    19636    28209        0        0    32425        0    32425        0    27978    12421    31100        0        0    35870    16915    32425    27978    32425     5493     6715     6715 
   22095    33296    27978    39381     9129    30915    40315     5493    31100    10076    30039    16006    27978     6038    40315    30915     9129    41137     5493    12421    30915    32425    28209    28209    13774    12421    19636    28209        0        0    32425        0    32425        0    27978    12421    31100        0        0    35870    16915    32425    27978    32425     5493     6715     6715 
   23420    11550     4253     3540    24555    12657     2980    30287    14789    23655     2878    21881     4253    27775     2980    12657    24555     2670    30287    24144    12657        0    16288    16288    20859    24144    19653    16288    32425    32425        0    32425        0    32425     4253    24144    14789    32425    32425    11443    14143        0     4253        0    30287    32054    32054 
   22095    33296    27978    39381     9129    30915    40315     5493    31100    10076    30039    16006    27978     6038    40315    30915     9129    41137     5493    12421    30915    32425    28209    28209    13774    12421    19636    28209        0        0    32425        0    32425        0    27978    12421    31100        0        0    35870    16915    32425    27978    32425     5493     6715     6715 
   23420    11550     4253     3540    24555    12657     2980    30287    14789    23655     2878    21881     4253    27775     2980    12657    24555     2670    30287    24144    12657        0    16288    16288    20859    24144    19653    16288    32425    32425        0    32425        0    32425     4253    24144    14789    32425    32425    11443    14143        0     4253        0    30287    32054    32054 
   22095    33296    27978    39381     9129    30915    40315     5493    31100    10076    30039    16006    27978     6038    40315    30915     9129    41137     5493    12421    30915    32425    28209    28209    13774    12421    19636    28209        0        0    32425        0    32425        0    27978    12421    31100        0        0    35870    16915    32425    27978    32425     5493     6715     6715 
   21748     9674        0     2095    20729    10985     3972    25424    12815    18391     3206    22138        0    23314     3972    10985    20729     2988    25424    33283    10985     4253    15921    15921    12352    33283    17354    15921    27978    27978     4253    27978     4253    27978        0    33283    12815    27978    27978     9729    10117     4253        0     4253    25424    27184    27184 
    7866    12754    33283    31696     6569    14684    21482    13480    10295     9443    29018     3985    33283    10968    21482    14684     6569    22304    13480        0    14684    24144    13164    13164    13208        0     7666    13164    12421    12421    24144    12421    24144    12421    33283        0    10295    12421    12421    16345    16349    24144    33283    24144    13480    16286    16286 
    8068     3271    12815    11227    12125     5201    12128    17079        0    11428    14727     8033    12815    14567    12128     5201    12125    12949    17079    10295     5201    14789     3681     3681    11003    10295     4058     3681    31100    31100    14789    31100    14789    31100    12815    10295        0    31100    31100     6862    13953    14789    12815    14789    17079    18846    18846 
   22095    33296    27978    39381     9129    30915    40315     5493    31100    10076    30039    16006    27978     6038    40315    30915     9129    41137     5493    12421    30915    32425    28209    28209    13774    12421    19636    28209        0        0    32425        0    32425        0    27978    12421    31100        0        0    35870    16915    32425    27978    32425     5493     6715     6715 
   22095    33296    27978    39381     9129    30915    40315     5493    31100    10076    30039    16006    27978     6038    40315    30915     9129    41137     5493    12421    30915    32425    28209    28209    13774    12421    19636    28209        0        0    32425        0    32425        0    27978    12421    31100        0        0    35870    16915    32425    27978    32425     5493     6715     6715 
   16312     4320     9729     7847    21112     2207     8782    25806     6862    18774    16562    14776     9729    20906     8782     2207    21112     9603    25806    16345     2207    11443     6358     6358    12504    16345    10221     6358    35870    35870    11443    35870    11443    35870     9729    16345     6862    35870    35870        0    17923    11443     9729    11443    25806    27567    27567 
   24234    15349    10117    11443     9860    18377    15565    14361    13953     7709    10295    16351    10117    12251    15565    18377     9860    13699    14361    16349    18377    14143    17970    17970     4995    16349    19403    17970    16915    16915    14143    16915    14143    16915    10117    16349    13953    16915    16915    17923        0    14143    10117    14143    14361    18207    18207 
   23420    11550     4253     3540    24555    12657     2980    30287    14789    23655     2878    21881     4253    27775     2980    12657    24555     2670    30287    24144    12657        0    16288    16288    20859    24144    19653    16288    32425    32425        0    32425        0    32425     4253    24144    14789    32425    32425    11443    14143        0     4253        0    30287    32054    32054 
   21748     9674        0     2095    20729    10985     3972    25424    12815    18391     3206    22138        0    23314     3972    10985    20729     2988    25424    33283    10985     4253    15921    15921    12352    33283    17354    15921    27978    27978     4253    27978     4253    27978        0    33283    12815    27978    27978     9729    10117     4253        0     4253    25424    27184    27184 
   23420    11550     4253     3540    24555    12657     2980    30287    14789    23655     2878    21881     4253    27775     2980    12657    24555     2670    30287    24144    12657        0    16288    16288    20859    24144    19653    16288    32425    32425        0    32425        0    32425     4253    24144    14789    32425    32425    11443    14143        0     4253        0    30287    32054    32054 
   27108    17361    25424    26930     6991    19829    27864        0    17079     7938    27901    12131    25424     2298    27864    19829     6991    29924        0    13480    19829    30287    18309    18309    11220    13480    15571    18309     5493     5493    30287     5493    30287     5493    25424    13480    17079     5493     5493    25806    14361    30287    25424    30287        0     1863     1863 
   26251    19122    27184    28696     8758    21590    29631     1863    18846     9704    29668    19870    27184     4058    29631    21590     8758    31691     1863    16286    21590    32054    32073    32073    12980    16286    17338    32073     6715     6715    32054     6715    32054     6715    27184    16286    18846     6715     6715    27567    18207    32054    27184    32054     1863        0        0 
   26251    19122    27184    28696     8758    21590    29631     1863    18846     9704    29668    19870    27184     4058    29631    21590     8758    31691     1863    16286    21590    32054    32073    32073    12980    16286    17338    32073     6715     6715    32054     6715    32054     6715    27184    16286    18846     6715     6715    27567    18207    32054    27184    32054     1863        0        0 
**************************************TimeWindows
  0 0  0     0  1440 480
  1 1 1   540   720 25
  2 4 4   360   420 134
  3 1 1   240   480 32
  4 4 4   720   900 28
  5 1 1   960  1200 62
  6 2 2   480   720 121
  7 2 2   300   480 61
  8 1 1   300   480 63
  9 1 1   720   960 48
 10 3 3  1020  1140 61
 11 2 2   720   960 45
 12 1 1   720   900 67
 13 3 3   720   960 30
 14 1 1   480   720 81
 15 3 3   720   900 62
 16 2 2   240   480 43
 17 1 1   720   960 28
 18 1 1   240   480 61
 19 2 2   960  1140 67
 20 2 2   720   960 26
 21 1 1   720   900 61
 22 1 1   780   900 65
 23 4 4   240   360 65
 24 1 -1   589   709 25
 25 4 -4   357   597 134
 26 1 -1   264   504 32
 27 4 -4   714   954 28
 28 1 -1  1036  1216 62
 29 2 -2   592   772 121
 30 2 -2   347   527 61
 31 1 -1   317   557 63
 32 1 -1   756   996 48
 33 3 -3  1008  1248 61
 34 2 -2   755   995 45
 35 1 -1   830   890 67
 36 3 -3   774   954 30
 37 1 -1   571   751 81
 38 3 -3   738   978 62
 39 2 -2   303   483 43
 40 1 -1   741   981 28
 41 1 -1   316   496 61
 42 2 -2   981  1221 67
 43 2 -2   740   980 26
 44 1 -1   736   976 61
 45 1 -1   769  1009 65
 46 4 -4   232   472 65
