dep74 0 0 60
**************************************DATA
10 124 480 8 1.33
**************************************DISTANCE
       0    65164    55189    94674    10727    19142    51559    89706    66618    52157    51559    91556    42869    65762    10727    85202    85724    68499    69123    55957     7090    37649    28510    73045    70941    59211    51559    42162    63531    67629    22449    24790    96201    95987    48501    13320    52193    22449    51006    23331    13881     9987    13881    95987    79035    68499    37349    24722    42162    73688   108583    22449   108583     9987    50879    44694    97017    17406    24559    72347    48483    28510    72347    18455    95987    55859    48159    48483     8627    40933    85724    98165    44694    65164    94809    85724     6673    91556    63531     9987    42357    44493    48807    13320   106423    64757    22449   120234    94674    39182    13421    50879    52496    51098    14908    51559    42357    48501    80225    67480    73271   106423    49562    41114    44493    51610    55974    65164    67480    98165    77959    51098    62147    14908    38968    73045    55957    79035    39182    24559    51610    76386    85774   108583    78330 
   65164        0    36690    58823    59053    56004    33061    64127    47230    38491    33061    65203    21609    47263    59053    19662    21820    49123    50624    34235    64501    49561    33266    54869    52442    15157    33061    36123    45032     7039    46650    80930    32297    32084    30002    72410    21735    46650    14062    60050    53971    57687    53971    32084    60537    49123    49260    64166    36123     9134    45899    46650    45899    57687    18326    37024    67933    75787    80699     7270    36512    33266     7270    77546    32084    22429    36288    36512    65575    52729    21820    34261    37024        0    30905    21820    66803    65203    45032    57687    54248    33393    38338    72410    54541    12310    46650    66856    58823    51093    64029    18326    33997    40553    60161    33061    54248    30002    17165    16607    54773    54541    35869    38406    33393    37574    17112        0    16607    34261    12419    40553    42622    60161    28423    54869    34235    60537    51093    80699    37574    31334    60478    45899    35036 
   55189    36690        0    48757    49145    46029     6589    42573    19502    22619     6589    45638    15959    18658    49145    41810    55943    21396    23206    68359    53485    33688    29591    27142    25024    17530     6589    25107    16504    37848    64460    69914    66421    66207    11834    61394    14937    64460    22568    44950    42956    46671    42956    66207    33118    21396    33388    78557    25107    43907    79567    64460    79567    46671    21099    21094    51100    64771    70968    42787    21025    29591    42787    66530    66207    14178    20933    21025    54559    36857    55943    70552    21094    36690    65028    55943    55787    45638    16504    46671    38762    16675    22852    61394    60520    24755    64460    72834    48757    36005    53013    21099     5123    35713    49096     6589    38762    11834    51825    37700    27354    60520    11305    49473    16675    10156    25635    36690    37700    70552    31957    35713    14894    49096    24843    27142    68359    33118    36005    70968    10156    34705    39857    79567    35683 
   94674    58823    48757        0    88630    85515    48877     7101    31847    52633    48877     4439    55444    31808    88630    58071    95527    34546    29563    93310    93069    63838    69076    20065    36588    45030    48877    59629    34790    57031   104044   110641    90917    91057    51319   102189    52771   104044    62053    74455    83302    87004    83302    91057    15783    34546    62635   118042    59629    67899   103528   104044   103528    87004    60683    50598     9021   104355   110453    54065    48026    69076    54065   106114    91057    49782    50679    48026    91494    67173    95527    94513    50598    58823    90340    95527    95371     4439    34790    87004    68266    56747    52058   102189    19580    53480   104044    31894        0    65510    92597    60683    45172    75297    88581    48877    68266    51319    66162    75057    22509    19580    46382    88958    56747    44412    59481    58823    75057    94513    45475    75297    32527    88581    64329    20065    93310    15783    65510   110453    44412    55929    11003   103528    36864 
   10727    59053    49145    88630        0    10232    45516    83662    59884    46113    45516    85512    37777    59040        0    79158    79680    61777    63079    59748    11617    31605    19556    67524    64897    53167    45516    36119    57487    61585    22948    29359    90157    89943    41327    18369    46149    22948    44931    17429     4608     2271     4608    89943    72992    61777    31305    33933    36119    67644   101931    22948   101931     2271    44835    38650    90973    23259    28040    65150    42961    19556    65150    16649    89943    49815    42115    42961     5838    34889    79680    92121    38650    59053    88765    79680    12851    85512    57487     2271    37227    38449    44671    18369   100901    58713    22948   113216    88630    33138     4782    44835    45928    30894     6269    45516    37227    41327    74189    61436    67228   100901    43023    41613    38449    45567    50061    59053    61436    92121    71915    30894    55276     6269    32924    67524    59748    72992    33138    28040    45567    70342    79730   101931    71557 
   19142    56004    46029    85515    10232        0    42400    80547    57925    28965    42400    82396    35818    56602    10232    76043    76564    59818    59964    88980    22076    29882    18160    65564    61782    50051    42400    33003    54371    58469    33406    25506    87042    86828    39342    23650    43033    33406    42972    11426    13107    12783    13107    86828    69876    59818    29582    42501    33003    64528    99971    33406    99971    12783    41720    36927    87858    33717    40802    63191    41019    18160    63191    19997    86828    46700    40392    41019    12484    33166    76564    89005    36927    56004    85649    76564    21329    82396    54371    12783    22186    35334    42728    23650    98942    55598    33406   111256    85515    31415     7221    41720    43337    31119     4757    42400    22186    39342    72229    58321    64112    98942    41080    52071    35334    46914    48101    56004    58321    89005    68800    31119    53316     4757    29808    65564    88980    69876    31415    40802    46914    67227    76615    99971    69598 
   51559    33061     6589    48877    45516    42400        0    45479    21241    18517        0    45758    12329    20397    45516    35679    51842    23134    24229    64257    49383    29587    25962    28881    26047    11398        0    21005    18637    20698    60358    65813    62319    62105     8089    57293     6308    60358    18939    41321    38854    42570    38854    62105    35262    23134    29286    74928    21005    39806    75938    60358    75938    42570    16997    17465    51220    60669    67339    26674    17396    25962    26674    62428    62105     8047    16313    17396    50458    32755    51842    64282    17465    33061    60926    51842    51685    45758    18637    42570    35132    12573    19223    57293    54096    18623    60358    66410    48877    32376    48911    16997     6237    31611    45043        0    35132     8089    48196    33598    29725    54096    10148    44775    12573    11179    21889    33061    33598    64282    25826    31611    16633    45043    21214    28881    64257    35262    32376    67339    11179    28574    39977    75938    29262 
   89706    64127    42573     7101    83662    80547    45479        0    26879    48269    45479     2358    50476    26841    83662    63629    90861    29578    24983   103276    88403    59338    63344    15097    30897    45581    45479    60024    30273    55722    99378   104832   101338   101124    46351    96312    47834    99378    57086    69487    77873    81589    77873   101124    10574    29578    59037   111877    60024    78825   114085    99378   114085    81589    56016    45631     9313    99689   105486    59369    43059    63344    59369   101448   101124    45116    45716    43059    89477    62507    90861   103302    45631    64127    99946    90861    90705     2358    30273    81589    63298    51593    47090    96312    26824    55230    99378    39139     7101    60871    87930    56016    40205    70631    84062    45479    63298    46351    71467    72617    17665    26824    41414    83794    51593    39746    60152    64127    72617   103302    51033    70631    27560    84062    59361    15097   103276    10574    60871   105486    39746    51328     6637   114085    37299 
   66618    47230    19502    31847    59884    57925    21241    26879        0    25198    21241    28728    27388     5293    59884    55695    67790     8031     6917    80205    65332    36267    40273    14934    10473    31415    21241    36953     4862    49695    76307    81761    78267    78054    23092    73241    26784    76307    33073    46757    54802    58518    54802    78054    16390     8031    35966    88806    36953    55754    90649    76307    90649    58518    32945    23254    34190    76618    81529    54413    19970    40273    54413    78377    78054    28064    22645    19970    66406    39436    67790    80231    23254    47230    76875    67790    67634    28728     4862    58518    38449    28522    24001    73241    45011    38640    76307    57407    31847    37800    64860    32945    14826    47560    60991    21241    38449    23092    63254    49546    10964    45011    18326    60723    28522    16675    37064    47230    49546    80231    45843    47560     6310    60991    35430    14934    80205    16390    37800    81529    16675    48591    22947    90649    33745 
   52157    38491    22619    52633    46113    28965    18517    48269    25198        0    18517    49514    18140    24354    46113    58951    59473    27091    27715    71888    50981    20115    18132    32837    29530    27449    18517    13388    22200    41378    61956    67410    69950    69737    15909    59672    20431    61956    24369    17540    40469    44487    40469    69737    36994    27091    19814    75525    13388    46731    81369    61956    81369    44487    24628     7463    55309    62267    67936    44588     6943    18132    44588    64026    69737    24097     7440     6943    52055    23284    59473    72353     7463    38491    68181    59473    53283    49514    22200    44487    20980     6639     8183    59672    66215    34395    61956    78530    52633    22374    50509    24628    20510    32348    32032    18517    20980    15909    53627    41229    31692    66215     6535    51274     6639     8951    29499    38491    41229    72353    51708    32348    20590    32032    16317    32837    71888    36994    22374    67936     8951    44357    43601    81369    46139 
   51559    33061     6589    48877    45516    42400        0    45479    21241    18517        0    45758    12329    20397    45516    35679    51842    23134    24229    64257    49383    29587    25962    28881    26047    11398        0    21005    18637    20698    60358    65813    62319    62105     8089    57293     6308    60358    18939    41321    38854    42570    38854    62105    35262    23134    29286    74928    21005    39806    75938    60358    75938    42570    16997    17465    51220    60669    67339    26674    17396    25962    26674    62428    62105     8047    16313    17396    50458    32755    51842    64282    17465    33061    60926    51842    51685    45758    18637    42570    35132    12573    19223    57293    54096    18623    60358    66410    48877    32376    48911    16997     6237    31611    45043        0    35132     8089    48196    33598    29725    54096    10148    44775    12573    11179    21889    33061    33598    64282    25826    31611    16633    45043    21214    28881    64257    35262    32376    67339    11179    28574    39977    75938    29262 
   91556    65203    45638     4439    85512    82396    45758     2358    28728    49514    45758        0    52326    28690    85512    62571    92475    31428    26445   104890    90017    60952    65958    16947    33470    47195    45758    61639    31672    57337   100992   106446   102952   102739    48201    99071    49448   100992    58935    71337    79487    83886    79487   102739    12135    31428    60652   114924    61639    81296   115934   100992   115934    83886    57630    47480     7593   101303   107335    60445    44908    65958    60445   103062   102739    46730    47560    44908    91091    64121    92475   106919    47480    65203   102746    92475    92319        0    31672    83886    65148    53207    48939    99071    24097    55764   100992    36411     4439    62391    89545    57630    42054    72245    85463    45758    65148    48201    72543    75527    19391    24097    43264    85840    53207    41360    62002    65203    75527   106919    49975    72245    29409    85463    61210    16947   104890    12135    62391   107335    41360    53077     7461   115934    39148 
   42869    21609    15959    55444    37777    35818    12329    50476    27388    18140    12329    52326        0    26531    37777    41647    42169    29269    29893    54584    43225    29209    17480    34838    31711    19980    12329    10715    24300    18508    34964    59654    52646    52433     9271    51134    12962    34964     6692    39699    32696    36411    32696    52433    39805    29269    28909    55068    10715    30133    65028    34964    65028    36411     5817    16673    57787    54511    59423    28793    16478    17480    28793    56270    52433    16629    15936    16478    44299    32378    42169    54610    16673    21609    51254    42169    45527    52326    24300    36411    31391     9509     9957    51134    68216    20443    34964    81004    55444    30742    42753     5817    13266    24767    38885    12329    31391     9271    36742    23166    34041    68216    15835    33894     9509    16843    11660    21609    23166    54610    34405    24767    22916    38885    12637    34838    54584    39805    30742    59423    16843    37156    46544    65028    39099 
   65762    47263    18658    31808    59040    56602    20397    26841     5293    24354    20397    28690    26531        0    59040    54851    66946     2738     3750    79361    64487    35423    39428    14897     5607    30571    20397    36109     3632    48851    75462    80917    77423    77209    22407    72397    25939    75462    33141    45543    53958    57674    53958    77209    16352     2738    35122    87961    36109    54909    90140    75462    90140    57674    32101    22409    34151    75773    81541    53360    19114    39428    53360    77532    77209    27219    21800    19114    65562    38591    66946    79386    22409    47263    76030    66946    66789    28690     3632    57674    39354    27677    23145    72397    44974    37796    75462    57289    31808    36955    64015    32101    16260    46715    60147    20397    39354    22407    62398    48702    10926    44974    17469    59879    27677    15830    36208    47263    48702    79386    44998    46715    11538    60147    34585    14897    79361    16352    36955    81541    15830    47746    22908    90140    44486 
   10727    59053    49145    88630        0    10232    45516    83662    59884    46113    45516    85512    37777    59040        0    79158    79680    61777    63079    59748    11617    31605    19556    67524    64897    53167    45516    36119    57487    61585    22948    29359    90157    89943    41327    18369    46149    22948    44931    17429     4608     2271     4608    89943    72992    61777    31305    33933    36119    67644   101931    22948   101931     2271    44835    38650    90973    23259    28040    65150    42961    19556    65150    16649    89943    49815    42115    42961     5838    34889    79680    92121    38650    59053    88765    79680    12851    85512    57487     2271    37227    38449    44671    18369   100901    58713    22948   113216    88630    33138     4782    44835    45928    30894     6269    45516    37227    41327    74189    61436    67228   100901    43023    41613    38449    45567    50061    59053    61436    92121    71915    30894    55276     6269    32924    67524    59748    72992    33138    28040    45567    70342    79730   101931    71557 
   85202    19662    41810    58071    79158    76043    35679    63629    55695    58951    35679    62571    41647    54851    79158        0    41642    57588    70386    54150    83408    69857    59604    60887    60028    25439    35679    56636    52697    17786    65557   101169    51756    51897    48711    92717    32600    65557    29644    74315    73830    77532    73830    51897    56175    57588    68655    81257    56636    28738    64367    65557    64367    77532    38936    56618    67181    94694   100981    14904    56550    59604    14904    97854    51897    33046    56458    56550    82022    71636    41642    55352    56618    19662    51180    41642    85710    62571    52697    77532    74286    52811    58376    92717    53288    25754    65557    65602    58071    71529    82936    38936    41739    59460    79109    35679    74286    48711    27002    35897    63331    53288    55907    57268    52811    56481    27064    19662    35897    55352    15394    59460    51087    79109    54857    60887    54150    56175    71529   100981    56481    33950    59766    64367    44826 
   85724    21820    55943    95527    79680    76564    51842    90861    67790    59473    51842    92475    42169    66946    79680    41642        0    69683    70306    24246    84653    70379    60126    75429    72122    36899    51842    57158    64791    29019    66802   101691    21207    21907    49233    93239    53447    66802    34622    74837    74352    78054    74352    21907    80689    69683    69176    54344    57158    13211    36913    66802    36913    78054    39458    57140    97901    95939   101503    28521    57072    60126    28521    98376    21907    57512    56980    57072    82543    72881        0    27898    57140    21820    21276        0    86955    92475    64791    78054    74808    53333    58898    93239    75792    45620    66802    88107    95527    72051    84181    39458    53834    60705    79631    51842    74808    49233    29279    36997    74284    75792    56429    65771    53333    57726    37672    21820    36997    27898    34399    60705    63182    79631    55378    75429    24246    80689    72051   101503    57726    50392    86193    36913    56287 
   68499    49123    21396    34546    61777    59818    23134    29578     8031    27091    23134    31428    29269     2738    61777    57588    69683        0     6487    82098    67225    38160    42166    17634     6596    33308    23134    38847     6370    51588    78200    83654    80160    79947    24985    75134    28677    78200    35878    48650    56695    60411    56695    79947    19090        0    37860    90699    38847    57647    92878    78200    92878    60411    34838    25147    36889    78511    83423    56097    17731    42166    56097    80270    79947    29957    24538    17731    68299    41329    69683    82124    25147    49123    78768    69683    69527    31428     6370    60411    42091    30415    25883    75134    47712    40533    78200    60027    34546    39693    66753    34838    16719    49453    62884    23134    42091    24985    65135    51439    13663    47712    20207    62617    30415    18568    38945    49123    51439    82124    47736    49453    14276    62884    37323    17634    82098    19090    39693    83423    18568    50484    25646    92878    47223 
   69123    50624    23206    29563    63079    59964    24229    24983     6917    27715    24229    26445    29893     3750    63079    70386    70306     6487        0    82722    67848    38784    43526    12851     6196    33931    24229    39470     6731    52212    78823    84278    80784    80570    25768    76638    29300    78823    36502    48904    57319    61035    57319    80570    14107     6487    38483    92492    39470    58864    93502    78823    93502    61035    35462    25048    32023    79134    84903    56722    22476    43526    56722    80893    80570    30580    25128    22476    68923    41952    70306    84486    25048    50624    79391    70306    70150    26445     6731    61035    42715    31038    26507    76638    42929    43758    78823    55244    29563    39959    67376    35462    19622    50076    63031    24229    42715    25768    65760    52063     8849    42929    20831    63407    31038    19191    39569    50624    52063    84486    57790    50076    11722    63031    38778    12851    82722    14107    39959    84903    19191    51107    20315    93502    42440 
   55957    34235    68359    93310    59748    88980    64257   103276    80205    71888    64257   104890    54584    79361    59748    54150    24246    82098    82722        0    52091    82794    72541    87845    84538    49644    64257    69573    77207    41526    37480    83617    21586    30846    61648    74960    65862    37480    47038    87252    59806    58122    59806    30846    93196    82098    81920    32233    69573    25626    41624    37480    41624    58122    50985    69555   110316    47482    72748    40936    69487    72541    40936    72992    30846    70020    69395    69487    62612    85389    24246    32609    69555    34235     8502    24246    61210   104890    77207    58122    87223    66052    71313    74960    88207    58036    37480   100522    93310    84466    65361    50985    66249    73213    66008    64257    87223    61648    41694    49412    86700    88207    68844    37208    66052    70234    50088    34235    49412    32609    46907    73213    75597    66008    67794    87845        0    93196    84466    72748    70234    62807    98608    41624    68702 
    7090    64501    53485    93069    11617    22076    49383    88403    65332    50981    49383    90017    43225    64487    11617    83408    84653    67225    67848    52091        0    38246    23832    72971    69664    58113    49383    41631    62333    66905    14687    30115    94767    94908    46775    19030    50989    14687    50379    22876    11451     9991    11451    94908    77441    67225    37044    19823    41631    72740   107379    14687   107379     9991    50104    49398    95443    10310    29928    70598    48409    23832    70598    24167    94908    55363    48317    48409    14481    40437    84653    98363    49398    64501    58489    84653    12966    90017    62333     9991    42675    43913    50118    19030   106349    64164    14687   118664    93069    39918    16957    50104    51376    34611    17877    49383    42675    46775    79636    66972    71826   106349    48470    32972    43913    51114    55509    64501    66972    98363    76097    34611    60724    17877    29614    72971    52091    77441    39918    29928    51114    75224    83735   107379    77005 
   37649    49561    33688    63838    31605    29882    29587    59338    36267    20115    29587    60952    29209    35423    31605    69857    70379    38160    38784    82794    38246        0    33993    43906    40599    38355    29587    39543    33269    52284    49222    54676    80856    80643    26978    45164    31337    49222    35439    12787    27734    29979    27734    80643    48199    38160     4288    61018    39543    57800    92438    49222    92438    29979    35535    11151    66378    49532    53429    55658    17543    33993    55658    51291    80643    35004    17451    17543    39321     8450    70379    83423    11151    49561    79250    70379    40548    60952    33269    29979     5700    22613    19252    45164    77284    45465    49222    89599    63838     3123    37774    35535    31579    45964    32949    29587     5700    26978    64696    52031    42761    77284    17604    62344    22613    20156    40568    49561    52031    83423    62615    45964    31659    32949    37714    43906    82794    48199     3123    53429    20156    55427    54670    92438    57208 
   28510    33266    29591    69076    19556    18160    25962    63344    40273    18132    25962    65958    17480    39428    19556    59604    60126    42166    43526    72541    23832    33993        0    47912    45344    33613    25962     9288    37933    42031    32978    43255    70603    70390    21716    34735    26595    32978    18798    13012    16181    20012    16181    70390    53438    42166    33692    50300     9288    48090    76144    32978    76144    20012    17447    30324    71419    33288    44289    39363    30256        0    39363    39871    70390    30262    29189    30256    27900    37277    60126    72567    30324    33266    69211    60126    29128    65958    37933    20012    25010    16071    32082    34735    81290    39160    32978    93604    69076    26032    24938    17447    26317    15069    22370    25962    25010    21716    48401    41882    47674    81290    29613    44125    16071    30476    23927    33266    41882    72567    52362    15069    35665    22370     6119    47912    72541    53438    26032    44289    30476    50789    60177    76144    51946 
   73045    54869    27142    20065    67524    65564    28881    15097    14934    32837    28881    16947    34838    14897    67524    60887    75429    17634    12851    87845    72971    43906    47912        0    18766    37707    28881    44593    21555    47849    83946    89401    85907    85693    30732    80880    35492    83946    40712    54396    62442    66157    62442    85693     6450    17634    43606    96445    44593    63393    98289    83946    98289    66157    40585    30893    22408    84257    89169    62053    27417    47912    62053    86016    85693    32774    30284    27417    74045    47075    75429    87870    30893    54869    84514    75429    75273    16947    21555    66157    46089    36161    33922    80880    33960    44764    83946    45625    20065    45439    72499    40585    22465    55199    68631    28881    46089    30732    69931    57186     4177    33960    25948    68363    36161    24314    45679    54869    57186    87870    48291    55199    12248    68631    43069        0    87845     6450    45439    89169    24314    43454    11165    98289    31167 
   70941    52442    25024    36588    64897    61782    26047    30897    10473    29530    26047    33470    31711     5607    64897    60028    72122     6596     6196    84538    69664    40599    45344    18766        0    35747    26047    41286     8549    54027    80639    86094    82600    82386    27586    78456    31116    80639    38321    50722    59135    62850    59135    82386    21132     6596    40299    94310    41286    60682    95320    80639    95320    62850    37278    26866    37937    80950    86721    58540    24294    45344    58540    82709    82386    32396    26946    24294    70738    43768    72122    86304    26866    52442    82132    72122    71966    33470     8549    62850    44533    32854    28325    78456    48843    45576    80639    61158    36588    41777    69192    37278    21440    51892    64849    26047    44533    27586    67578    53879    14763    48843    22649    65226    32854    21007    41387    52442    53879    86304    50175    51892    16718    64849    40596    18766    84538    21132    41777    86721    21007    52923    26229    95320    48354 
   59211    15157    17530    45030    53167    50051    11398    45581    31415    27449    11398    47195    19980    30571    53167    25439    36899    33308    33931    49644    58113    38355    33613    37707    35747        0    11398    24165    28416    10457    48578    75177    47251    47391    15740    66726     8320    48578    17347    48972    47839    51540    47839    47391    38113    33308    38016    82579    24165    24233    59862    48578    59862    51540    25727    25116    52621    69399    74990    15411    25047    33613    15411    71158    47391     8517    24955    25047    56030    41485    36899    50847    25116    15157    46674    36899    60415    47195    28416    51540    42783    21284    26874    66726    50389     8766    48578    62704    45030    40027    57641    25727    17459    40341    53118    11398    42783    15740    27598    24940    40280    50389    20322    47155    21284    23559    14767    15157    24940    50847    15586    40341    26807    53118    28865    37707    49644    38113    40027    74990    23559    18355    40913    59862    19703 
   51559    33061     6589    48877    45516    42400        0    45479    21241    18517        0    45758    12329    20397    45516    35679    51842    23134    24229    64257    49383    29587    25962    28881    26047    11398        0    21005    18637    20698    60358    65813    62319    62105     8089    57293     6308    60358    18939    41321    38854    42570    38854    62105    35262    23134    29286    74928    21005    39806    75938    60358    75938    42570    16997    17465    51220    60669    67339    26674    17396    25962    26674    62428    62105     8047    16313    17396    50458    32755    51842    64282    17465    33061    60926    51842    51685    45758    18637    42570    35132    12573    19223    57293    54096    18623    60358    66410    48877    32376    48911    16997     6237    31611    45043        0    35132     8089    48196    33598    29725    54096    10148    44775    12573    11179    21889    33061    33598    64282    25826    31611    16633    45043    21214    28881    64257    35262    32376    67339    11179    28574    39977    75938    29262 
   42162    36123    25107    59629    36119    33003    21005    60024    36953    13388    21005    61639    10715    36109    36119    56636    57158    38847    39470    69573    41631    39543     9288    44593    41286    24165    21005        0    33955    39063    52606    58060    67635    66529    18396    49678    22610    52606    22001    19959    31101    34492    31101    66529    43990    38847    28422    65531        0    44362    79000    52606    79000    34492    14060    26303    67064    52917    57942    42220    15602     9288    42220    54676    66529    20814    16100    15602    42705    31892    57158    69985    26303    36123    65812    57158    43933    61639    33955    34492    43971     7490    16842    49678    77971    35786    52606    90285    59629    41215    41159    14060    22997    22041    36070    21005    43971    18396    51258    38593    43448    77971    15195    48906     7490    17784    27130    36123    38593    69985    49393    22041    32345    36070     7640    44593    69573    43990    41215    57942    17784    46845    55356    79000    48626 
   63531    45032    16504    34790    57487    54371    18637    30273     4862    22200    18637    31672    24300     3632    57487    52697    64791     6370     6731    77207    62333    33269    37933    21555     8549    28416    18637    33955        0    46697    73308    78763    75269    75055    20176    70243    23785    73308    30910    43311    51804    55520    51804    75055    19334     6370    32968    86899    33955    52755    87909    73308    87909    55520    29947    19455    37133    73619    79310    51129    16883    37933    51129    75378    75055    25065    19535    16883    63408    36437    64791    78894    19455    45032    73876    64791    64635    31672        0    55520    37123    25523    20914    70243    48219    35642    73308    60534    34790    34366    61861    29947    14029    44561    57438    18637    37123    20176    60167    46548    13908    48219    15238    57815    25523    13676    33976    45032    46548    78894    42844    44561     9307    57438    33185    21555    77207    19334    34366    79310    13676    45592    25890    87909    38349 
   67629     7039    37848    57031    61585    58469    20698    55722    49695    41378    20698    57337    18508    48851    61585    17786    29019    51588    52212    41526    66905    52284    42031    47849    54027    10457    20698    39063    46697        0    43027    83596    39133    39273    20481    75144    17619    43027    11814    56742    56257    59959    56257    39273    48180    51588    51081    63426    39063    16115    51744    43027    51744    59959    21363    39045    62762    78736    83408     4976    38977    42031     4976    80281    39273    17708    38885    38977    64448    55133    29019    42729    39045     7039    38556    29019    69929    57337    46697    59959    56713    35238    40803    75144    52247     7924    43027    64562    57031    53956    66924    21363    35739    49414    61536    20698    56713    20481    17163    16901    56189    52247    38334    38273    35238    39978     9233     7039    16901    42729    10474    49414    45087    61536    37283    47849    41526    48180    53956    83408    39978    24563    51054    51744    29845 
   22449    46650    64460   104044    22948    33406    60358    99378    76307    61956    60358   100992    34964    75462    22948    65557    66802    78200    78823    37480    14687    49222    32978    83946    80639    48578    60358    52606    73308    43027        0    46612    56878    77057    57750    38160    40962        0    31172    33851    22550    21322    22550    77057    74725    78200    48019    21185    52606    54889    89528        0    89528    21322    28952    60373   106418    15972    46424    52747    59384    32978    52747    38284    77057    51549    59292    59384    25812    51744    66802    80512    60373    46650    43879    66802    32945   100992    73308    21322    53650    54889    61093    38160   117324    44957        0   129639   104044    50893    28287    28952    62351    36403    29208    60358    53650    57750    61785    48715    82801   117324    59445    18361    54889    51762    36301    46650    48715    80512    58246    36403    71699    29208    38759    83946    37480    74725    50893    46424    51762    62684    94710    89528    67965 
   24790    80930    69914   110641    29359    25506    65813   104832    81761    67410    65813   106446    59654    80917    29359   101169   101691    83654    84278    83617    30115    54676    43255    89401    86094    75177    65813    58060    78763    83596    46612        0   112168   111337    63204     9731    67418    46612    66808    39306    29356    27733    29356   111337    95002    83654    53316    48159    58060    89170   123808    46612   123808    27733    66846    65828   111872    40431    16625    87027    64838    43255    87027     5621   111337    71826    64746    64838    22773    56900   101691   114792    65828    80930   110620   101691    17593   106446    78763    27733    59104    60343    66548     9731   122778    80594    46612   135093   110641    56348    20538    66846    67805    67065    21307    65813    59104    63204    96066    83401    88255   122778    64900    64498    60343    67577    71938    80930    83401   114792    93926    67065    77153    21307    56194    89401    83617    95002    56348    16625    67577    91653   100164   123808    93434 
   96201    32297    66421    90917    90157    87042    62319   101338    78267    69950    62319   102952    52646    77423    90157    51756    21207    80160    80784    21586    94767    80856    70603    85907    82600    47251    62319    67635    75269    39133    56878   112168        0    21408    59710   103716    63924    56878    45099    85314    84829    88531    84829    21408    90803    80160    79526    51683    67635    22321    32186    56878    32186    88531    48592    67617   108378    66880   111980    38998    67549    70603    38998   107812    21408    67627    67457    67549    93021    82996    21207    23170    67617    32297    18616    21207    97069   102952    75269    88531    85285    63810    69375   103716    86269    56098    56878    98584    90917    82528    94295    48592    64311    70819    90108    62319    85285    59710    43978    47474    84762    86269    66906    56658    63810    67841    48150    32297    47474    23170    44513    70819    73659    90108    65856    85907    21586    90803    82528   111980    67841    60869    96670    32186    66764 
   95987    32084    66207    91057    89943    86828    62105   101124    78054    69737    62105   102739    52433    77209    89943    51897    21907    79947    80570    30846    94908    80643    70390    85693    82386    47391    62105    66529    75055    39273    77057   111337    21408        0    59497   103502    64100    77057    44886    85100    84378    88317    84378        0    90943    79947    79667    61010    66529    21883    30378    77057    30378    88317    48732    67404   108164   106194   111767    38784    67335    70390    38784   107952        0    67767    67243    67335    95982    83136    21907    21362    67404    32084    27942    21907    97209   102739    75055    88317    85071    63799    69162   103502    86056    55884    77057    98370    91057    82315    94435    48732    64097    70960    89895    62105    85071    59497    43765    47261    84548    86056    66693    76034    63799    67981    47936    32084    47261    21362    44654    70960    73445    89895    65642    85693    30846    90943    82315   111767    67981    60655    96456    30378    66550 
   48501    30002    11834    51319    41327    39342     8089    46351    23092    15909     8089    48201     9271    22407    41327    48711    49233    24985    25768    61648    46775    26978    21716    30732    27586    15740     8089    18396    20176    20481    57750    63204    59710    59497        0    54684     5312    57750     9704    37467    36245    39961    36245    59497    35681    24985    26677    70249    18396    37197    72880    57750    72880    39961    14388    14441    53662    58061    62972    36099    14338    21716    36099    59820    59497    12388    13705    14338    47849    30147    49233    61674    14441    30002    58318    49233    49077    48201    20176    39961    32074     9965    16164    54684    64110    22416    57750    76424    51319    28510    46303    14388     9141    29003    42434     8089    32074        0    45137    26197    29917    64110    12026    42166     9965    12718    14069    30002    26197    61674    30168    29003    18484    42434    16873    30732    61648    35681    28510    62972    12718    32916    42419    72880    34653 
