dep66 0 0 60
**************************************DATA
11 150 480 8 1.33
**************************************DISTANCE
       0    37066     7973    51339    94853    75960     7973    15669    86655    27949    30523    10793    67250    43960    27949    35287    50055    23449    28389    34410    29652    12793    14471    22518     9356    44174    21209    45510    20811    39746    18051    27381    89117    71062    26538    40955    48121    19423    44174   100198    40955     3268    10338    10793    15083    67250     6763    39779    48121    23520    17632     6706    35783     6191    55717    86655    15574    27381    20957    15083    86655    28175    43276    50395    37408    56994    26870    30523    75238     9129    95928     6706    21429    15669     6763    35440    36198    37066    12793    86655    34410    53463    35440    45510    28389    39100   100198    44174    23231    26870    49372    17632    90148    41575    21701    39100    95928    41575    71062    37408    55717    44174     9356    34159    21429    21429    21209    43960    43945    80178     6014    75070    34924    26382    32723    25558    41107    41575    50395    51339     6763    57705    56994    28389    46061    10793    41107    25862   100198    23336    15574    33525    26538    16331    34410    75576     6763    75576    31587    40955     6763    23520    43276    15574    43276    48121    57705    18051    35440    27949    89117 
   37066        0    40783    38187   127294   122670    40783    53552   119357    38113    43779    38605    41080    76786    38113    68795    96765    70159    67075    43598    38128    37782    26790    57184    34693    18865    12978    78332    29654    52779    52717    50187   121930   103925    73248    14876    94831    46696    18865   133008    14876    38099    31191    38605    49760    41080    39753    72780    94831    20176    17714    41371    21740    32765    30409   119357    30110    50187    36484    49760   119357    74885    17967    37243    70221   103704    38628    43779   108051    39388   142638    41371    25489    53552    39753    69454    47609        0    37782   119357    43598    28155    69454    78332    67075    21915   133008    18865    14474    38628    96082    17714   123736    88285    28269    21915   142638    88285   103925    70221    30409    18865    34693     8851    25489    25489    12978    76786    77453   112991    31808   121780    67711    41909    46048    51261    73968    88285    37243    38187    39753    44553   103704    67075    79333    38605    73968    58688   133008    57887    30110    66338    73248    42866    43598   108466    39753   108466    37931    14876    39753    20176    17967    30110    17967    94831    44553    52717    69454    38113   121930 
    7973    40783        0    54809    94684    75792        0    19344    86486    35351    30098    18195    70968    43792    35351    35119    49886    23280    31004    38069    33370    12522    21839    20046    17937    48560    28612    45545    24529    36745    15579    31098    89272    70893    26369    44673    47952    19212    48560   100030    44673     7735    10067    18195    12611    70968     9826    39610    47952    30922    25034     4221    40130    13731    58584    86486    19581    31098    23823    12611    86486    28007    46142    53261    37225    56825    20739    30098    75070    12192    95759     4221    30046    19344     9826    35271    35774    40783    12522    86486    38069    56329    35271    45545    31004    43138   100030    48560    30633    20739    49204    25034    89979    39893    26879    43138    95759    39893    70893    37225    58584    48560    17937    37983    30046    30046    28612    43792    43776    80062    10446    74901    34958    29248    32299    25942    40938    39893    53261    54809     9826    60571    56825    31004    45892    18195    40938    25897   100030    20864    19581    33239    26369    16162    38069    75407     9826    75407    34453    44673     9826    30922    46142    19581    46142    47952    60571    15579    35271    35351    89272 
   51339    38187    54809        0   142031   123138    54809    66691   133833    49680    52927    52663    66597    91138    49680    82465    97233    70627    61995    25645    28902    45243    40890    71411    38503    44190    31907    89389    30507    51585    66944    43313   135956   118240    73716    29226    95299    50027    44190   147377    29226    52373    45217    52663    63976    66597    53771    86957    95299    26198    31552    55397    19804    46774    56078   133833    35055    43313    41465    63976   133833    75353    43636     7819    84572   104172    48374    52927   122417    53357   143106    55397    26030    66691    53771    82618    58603    38187    45243   133833    25645    53824    82618    89389    61995    16767   147377    44190    27836    48374    96550    31552   137326    88753    38495    16767   143106    88753   118240    84572    56078    44190    38503    32132    26030    26030    31907    91138    91123   127016    45908   122248    78803    32330    55128    52290    88285    88753     7819        0    53771    11390   104172    61995    93239    52663    88285    69741   147377    72229    35055    80586    73716    63509    25645   122754    53771   122754    26497    29226    53771    26198    43636    35055    43636    95299    11390    66944    82618    49680   135956 
   94853   127294    94684   142031        0    34178    94684    77324    45736   103471   121326    92410   139311    57360   103471    65494    68872    76261   118564   125101   120430   103488   100489    93787    95375   116545   105257    93556   111620   130437    98655   127845    14389    24291    73800   130876    61185   110119   116545    17321   130876    92182   101033    92410    90423   139311    85153    69172    61185   107918   102414    91900   126475    98082   128640    45736   106265   127845   111648    90423    45736    67503   117772   141086    60005    52081   117561   121326    21392    89281    22728    91900   117180    77324    85153    62467   126725   127294   103488    45736   125101   126385    62467    93556   118564   129791    17321   116545   107733   117561    52009   102414    28444    87644   112392   129791    22728    87644    24291    60005   128640   116545    95375   124851   117180   117180   105257    57360    73674    17062    97351    27381   105266   117073   123706   113637    56456    87644   141086   142031    85153   148396    52081   118564    61821    92410    56456   113250    17321    92929   106265    62097    73800    94593   125101    30198    85153    30198   122278   130876    85153   107918   117772   106265   117772    61185   148396    98655    62467   103471    14389 
   75960   122670    75792   123138    34178        0    75792    58431    12271    84968   102433    73517   120418    38838    84968    46601    50369    57758    99502   106209   101537    84596    81596    74894    76482    97652    86364    60044    92727   111545    90223   108952    28964    13189    55297   111983    42683    91226    97652    40042   111983    73289    82141    73517    71531   120418    66260    50279    42683    89026    83521    73007   107582    79190   109747    12271    87372   108952    92756    71531    12271    49075    98879   122194    41112    30284    98669   102433    14216    70389    35815    73007    98288    58431    66260    43574   107832   122670    84596    12271   106209   107492    43574    60044    99502   110899    40042    97652    88840    98669    33506    83521    30770    69141    93500   110899    35815    69141    13189    41112   109747    97652    76482   105958    98288    98288    86364    38838    55258    19156    78458    18894    71754    98181   104814    98245    37563    69141   122194   123138    66260   129504    30284    99502    42928    73517    37563    79738    40042    74037    87372    43204    55297    75700   106209     5798    66260     5798   103385   111983    66260    89026    98879    87372    98879    42683   129504    90223    43574    84968    28964 
    7973    40783        0    54809    94684    75792        0    19344    86486    35351    30098    18195    70968    43792    35351    35119    49886    23280    31004    38069    33370    12522    21839    20046    17937    48560    28612    45545    24529    36745    15579    31098    89272    70893    26369    44673    47952    19212    48560   100030    44673     7735    10067    18195    12611    70968     9826    39610    47952    30922    25034     4221    40130    13731    58584    86486    19581    31098    23823    12611    86486    28007    46142    53261    37225    56825    20739    30098    75070    12192    95759     4221    30046    19344     9826    35271    35774    40783    12522    86486    38069    56329    35271    45545    31004    43138   100030    48560    30633    20739    49204    25034    89979    39893    26879    43138    95759    39893    70893    37225    58584    48560    17937    37983    30046    30046    28612    43792    43776    80062    10446    74901    34958    29248    32299    25942    40938    39893    53261    54809     9826    60571    56825    31004    45892    18195    40938    25897   100030    20864    19581    33239    26369    16162    38069    75407     9826    75407    34453    44673     9826    30922    46142    19581    46142    47952    60571    15579    35271    35351    89272 
   15669    53552    19344    66691    77324    58431    19344        0    69126    26760    45986    16180    62372    26431    26760    17759    32526     5920    44823    49762    45090    28149    24243    19114    19128    39378    30989    48646    36280    55097    29397    52505    71505    53533     9009    57441    30592    34779    39378    82670    57441    12817    25693    16180    15836    62372     8898    22250    30592    33300    27412    16560    51135    16844    51473    69126    30925    52505    36308    15836    69126    10647    40605    65747    19795    39465    42222    45986    57625    13094    78399    16560    31201        0     8898    17911    51385    53552    28149    69126    49762    49218    17911    48646    44823    54452    82670    39378    31487    42222    31844    27412    72619    32407    37053    54452    78399    32407    53533    19795    51473    39378    19128    36100    31201    31201    30989    26431    26416    62565    22011    57541    35997    41734    48367    39761    23578    32407    65747    66691     8898    73057    39465    44823    28907    16180    23578    39715    82670    19714    30925    15912     9009    10686    49762    58047     8898    58047    46938    57441     8898    33300    40605    30925    40605    30592    73057    29397    17911    26760    71505 
   86655   119357    86486   133833    45736    12271    86486    69126        0    95534   113128    84212   131113    49423    95534    57296    60935    68324   100944   116904   112232    95291    92291    85589    87177   108347    97059    61486   103422   122240    91666   119647    40523    24747    65863   122678    53248   104055   108347    51515   122678    83984    92835    84212    82225   131113    76955    60974    53248    99720    94216    83702   118277    89884   120442        0    98067   119647   103451    82225        0    59566   109574   132889    51807    40850   110147   113128    25775    81084    47244    83702   108983    69126    76955    54269   118527   119357    95291        0   116904   118187    54269    61486   100944   121594    51515   108347    99535   110147    44071    94216    42328    86528   104195   121594    47244    86528    24747    51807   120442   108347    87177   116653   108983   108983    97059    49423    65953    30714    89153    30323    73197   108876   115509    99687    48258    86528   132889   133833    76955   140199    40850   100944    53623    84212    48258    81180    51515    87142    98067    53899    65863    86395   116904    17269    76955    17269   114080   122678    76955    99720   109574    98067   109574    53248   140199    91666    54269    95534    40523 
   27949    38113    35351    49680   103471    84968    35351    26760    95534        0    57046    25432    41129    52963        0    44972    59129    32523    65928    37349    39428    36342    25089    44965    19990    18914    18816    75246    30125    66046    43913    63453    98107    80101    35612    26369    57195    59963    18914   109184    26369    29480    32783    25432    41686    41129    35509    48957    57195    24845    19579    32567    33233    21843    30458    95534    33869    63453    49750    41686    95534    37258    18016    48735    46398    66002    51894    57046    84228    28466   105002    32567    27961    26760    35509    45631    60876    38113    36342    95534    37349    28203    45631    75246    65928    33407   109184    18914    21759    51894    58446    19579    99913    59010    27264    33407   105002    59010    80101    46398    30458    18914    19990    20272    27961    27961    18816    52963    53629    89168    26957    84144    63248    55175    59315    64528    50145    59010    48735    49680    35509    56045    66002    65928    55510    25432    50145    54225   109184    45565    33869    42515    35612    35125    37349    84643    35509    84643    37055    26369    35509    24845    18016    33869    18016    57195    56045    43913    45631        0    98107 
   30523    43779    30098    52927   121326   102433    30098    45986   113128    57046        0    38222    73963    70433    57046    61760    76528    49922    20611    34036    32866    21393    26298    35192    34201    51675    45271    56284    25685    18812    30725    16764   115387    97535    53011    47668    74594    15136    51675   126672    47668    31668    20576    38222    37847    73963    37128    66252    74594    33697    31332    34828    37371    32334    63219   113128    18498    16764    17835    37847   113128    54649    50777    51983    63678    83467     8163        0   101712    38916   122401    34828    28077    45986    37128    61913     8198    43779    21393   113128    34036    60965    61913    56284    20611    40688   126672    51675    33408     8163    75845    31332   116621    68048    24664    40688   122401    68048    97535    63678    63219    51675    34201    41661    28077    28077    45271    70433    70418   106448    25344   101543    45600    29510    11311    19185    67580    68048    51983    52927    37128    59293    83467    20611    72534    38222    67580    36636   126672    45130    18498    59794    53011    42804    34036   102049    37128   102049    34715    47668    37128    33697    50777    18498    50777    74594    59293    30725    61913    57046   115387 
   10793    38605    18195    52663    92410    73517    18195    16180    84212    25432    38222        0    55036    41517    25432    33472    47612    21006    41983    35733    30263    22201    14228    31224     7744    32496    17626    56713    22183    47222    26757    44630    86607    68601    24095    32941    45678    41139    32496    97756    32941    12325    19745        0    23800    55036     7282    37336    45678    20287    14783    15411    25072     6829    44040    84212    22245    44630    29421    23800    84212    25732    31598    51718    34897    54551    33071    38222    72728     6917    93485    15411    19816    16180     7282    32997    42052    38605    22201    84212    35733    41785    32997    56713    41983    29727    97756    32496    20102    33071    46929    14783    88413    39732    19322    29727    93485    39732    68601    34897    44040    32496     7744    24716    19816    19816    17626    41517    41502    77667    13110    72627    46092    34846    40492    37148    38664    39732    51718    52663     7282    59028    54551    41983    44009        0    38664    37069    97756    31927    22245    31014    24095    17969    35733    73133     7282    73133    30066    32941     7282    20287    31598    22245    31598    45678    59028    26757    32997    25432    86607 
   67250    41080    70968    66597   139311   120418    70968    62372   131113    41129    73963    55036        0    88418    41129    80584    94513    67907    82592    63658    68312    67966    56974    80576    49594    26058    41388   108516    59838    82963    82901    80371   133719   115713    70996    43286    92579    76880    26058   144656    43286    59084    61375    55036    79944        0    58434    84569    92579    48586    46124    71556    50150    51447    27454   131113    60295    80371    66668    79944   131113    72633    32151    65653    82009   101452    68812    73963   119840    58070   140386    71556    53899    62372    58434    81242    77793    41080    67966   131113    63658    18142    81242   108516    82592    50325   144656    26058    42884    68812    93830    46124   135525    94394    58453    50325   140386    94394   115713    82009    27454    26058    49594    37189    53899    53899    41388    88418    88403   124779    61992   119528    97895    72093    76233    81445    85756    94394    65653    66597    58434    72963   101452    82592    91121    55036    85756    88872   144656    81176    60295    78126    70996    73050    63658   120034    58434   120034    64657    43286    58434    48586    32151    60295    32151    92579    72963    82901    81242    41129   133719 
   43960    76786    43792    91138    57360    38838    43792    26431    49423    52963    70433    41517    88418        0    52963    14601    18364    25753    68056    74209    69537    52596    49596    42894    44482    65652    54364    55658    60727    79545    47762    76952    51997    33991    23292    79983     5053    59226    65652    63077    79983    41289    50141    41517    39531    88418    34260    18279     5053    57026    51521    41007    75582    47190    77747    49423    55372    76952    60756    39531    49423    16995    66879    90194     9112    19872    66669    70433    38118    38389    58806    41007    66288    26431    34260    11575    75832    76786    52596    49423    74209    75492    11575    55658    68056    78899    63077    65652    56840    66669    12251    51521    53803    37136    61500    78899    58806    37136    33991     9112    77747    65652    44482    73958    66288    66288    54364        0    23258    43057    46458    37948    57088    66181    72814    62744     5563    37136    90194    91138    34260    97504    19872    68056     9077    41517     5563    62665    63077    42037    55372    11204    23292    43700    74209    38454    34260    38454    71385    79983    34260    57026    66879    55372    66879     5053    97504    47762    11575    52963    51997 
   27949    38113    35351    49680   103471    84968    35351    26760    95534        0    57046    25432    41129    52963        0    44972    59129    32523    65928    37349    39428    36342    25089    44965    19990    18914    18816    75246    30125    66046    43913    63453    98107    80101    35612    26369    57195    59963    18914   109184    26369    29480    32783    25432    41686    41129    35509    48957    57195    24845    19579    32567    33233    21843    30458    95534    33869    63453    49750    41686    95534    37258    18016    48735    46398    66002    51894    57046    84228    28466   105002    32567    27961    26760    35509    45631    60876    38113    36342    95534    37349    28203    45631    75246    65928    33407   109184    18914    21759    51894    58446    19579    99913    59010    27264    33407   105002    59010    80101    46398    30458    18914    19990    20272    27961    27961    18816    52963    53629    89168    26957    84144    63248    55175    59315    64528    50145    59010    48735    49680    35509    56045    66002    65928    55510    25432    50145    54225   109184    45565    33869    42515    35612    35125    37349    84643    35509    84643    37055    26369    35509    24845    18016    33869    18016    57195    56045    43913    45631        0    98107 
   35287    68795    35119    82465    65494    46601    35119    17759    57296    44972    61760    33472    80584    14601    44972        0    22771    17762    60066    65536    60864    43923    40924    34789    35809    56979    54314    41057    52054    70872    39657    68279    59653    41703    15301    72684    18762    50553    56979    70839    72684    33438    41468    33472    31603    80584    26190    14418    18762    48353    50737    32335    66909    38517    69074    57296    46699    68279    52083    31603    57296     9005    58206    81521     7415    27635    57996    61760    45774    30386    66569    32335    57615    17759    26190     8156    67160    68795    43923    57296    65536    66820     8156    41057    60066    70226    70839    56979    48167    57996    20013    50737    60789    22627    52827    70226    66569    22627    41703     7415    69074    56979    35809    65285    57615    57615    54314    14601     8657    50714    37785    45711    44273    57508    64141    55004    11748    22627    81521    82465    26190    88831    27635    60066    21001    33472    11748    50147    70839    33932    46699     6502    15301    25929    65536    46217    26190    46217    62713    72684    26190    48353    58206    46699    58206    18762    88831    39657     8156    44972    59653 
   50055    96765    49886    97233    68872    50369    49886    32526    60935    59129    76528    47612    94513    18364    59129    22771        0    31950    75339    80304    75632    58691    55691    48989    50577    71747    60459    63828    66822    85639    53857    83047    63508    45502    29414    86078    17476    65321    71747    74585    86078    47384    56235    47612    45625    94513    40355    24400    17476    63120    57616    47102    81677    53284    83842    60935    61467    83047    66850    45625    60935    23170    72974    96288    18988    31403    72763    76528    49629    44484    70336    47102    72383    32526    40355    14615    81927    96765    58691    60935    80304    81587    14615    63828    75339    84993    74585    71747    62935    72763    23781    57616    65314    45417    67595    84993    70336    45417    45502    18988    83842    71747    50577    80053    72383    72383    60459    18364    31428    54569    52553    49649    63183    72276    78909    68839    12776    45417    96288    97233    40355   103599    31403    75339    12186    47612    12776    68760    74585    48132    61467    17325    29414    49795    80304    50044    40355    50044    77480    86078    40355    63120    72974    61467    72974    17476   103599    53857    14615    59129    63508 
   23449    70159    23280    70627    76261    57758    23280     5920    68324    32523    49922    21006    67907    25753    32523    17762    31950        0    47596    53697    49026    32084    29085    22298    23971    45141    33853    48036    40216    59033    31842    56441    70897    52891     8409    59472    30017    38715    45141    81974    59472    20778    29629    21006    19019    67907    13749    21747    30017    36514    31010    20496    55071    26678    57236    68324    34861    56441    40244    19019    68324    10048    46368    69682    19188    38792    46157    49922    57018    17877    77725    20496    45776     5920    13749    18421    55321    70159    32084    68324    53697    54981    18421    48036    47596    58387    81974    45141    36329    46157    31268    31010    72703    31832    40988    58387    77725    31832    52891    19188    57236    45141    23971    53447    45776    45776    33853    25753    26419    61958    25947    56965    44991    45669    52302    42233    22935    31832    69682    70627    13749    76992    38792    47596    28300    21006    22935    42154    81974    22898    34861    15305     8409    23189    53697    57433    13749    57433    50874    59472    13749    36514    46368    34861    46368    30017    76992    31842    18421    32523    70897 
   28389    67075    31004    61995   118564    99502    31004    44823   100944    65928    20611    41983    82592    68056    65928    60066    75339    47596        0    45065    41934    16628    35000    23660    42903    60377    54490    41369    37864    32393    19216    29800   113201    95195    50712    56388    72217    12250    60377   124278    56388    31725    22227    41983    26773    82592    33685    64051    72217    45779    41981    27821    46438    40975    71921   100944    27565    29800    26903    26773   100944    52352    59479    61050    61491    81095    14968    20611    99322    36090   120028    27821    37144    44823    33685    60724    27223    67075    16628   100944    45065    69666    60724    41369        0    49755   124278    60377    45594    14968    73474    41981   115007    52136    36478    49755   120028    52136    95195    61491    71921    60377    42903    50363    37144    37144    54490    68056    59787   104261    34411    99342    30748    38577    25662    16816    65238    52136    61050    61995    33685    68360    81095        0    70603    41983    65238    21725   124278    30219    27565    57608    50712    34136    45065   104457    33685   104457    43782    56388    33685    45779    59479    27565    59479    72217    68360    19216    60724    65928   113201 
   34410    43598    38069    25645   125101   106209    38069    49762   116904    37349    34036    35733    63658    74209    37349    65536    80304    53697    45065        0     8179    32469    24150    54482    23485    40703    20861    72460    13578    28673    50015    20955   119216   101311    56787    26287    78370    37253    40703   130447    26287    35444    28476    35733    47047    63658    36842    70028    78370    14807    18406    38656    10089    29845    52246   116904    18314    20955    21965    47047   116904    58424    39805    24701    67506    87243    34538    34036   105487    36427   126177    38656    11012    49762    36842    65689    29838    43598    32469   116904        0    49992    65689    72460    45065    13406   130447    40703    16790    34538    79621    18406   120397    71824    21754    13406   126177    71824   101311    67506    52246    40703    23485    28300    11012    11012    20861    74209    74194   110276    29168   105319    61873    10557    28327    35361    71355    71824    24701    25645    36842    32011    87243    45065    76309    35733    71355    52812   130447    55300    18314    63623    56787    46580        0   105825    36842   105825     4724    26287    36842    14807    39805    18314    39805    78370    32011    50015    65689    37349   119216 
   29652    38128    33370    28902   120430   101537    33370    45090   112232    39428    32866    30263    68312    69537    39428    60864    75632    49026    41934     8179        0    25021    17939    49810    26930    43960    24188    69328    10267    23414    45343    15454   114517    96639    52115    30161    73698    29806    43960   125775    30161    30772    23800    30263    42375    68312    36232    65356    73698    17967    20423    33958    13346    24374    55504   112232    10906    15454    14517    42375   112232    53752    43062    27958    62807    82571    28635    32866   100815    30957   121505    33958    10990    45090    36232    61017    24914    38128    25021   112232     8179    53249    61017    69328    41934    16663   125775    43960    19949    28635    74949    20423   115725    67152    15543    16663   121505    67152    96639    62807    55504    43960    26930    31557    10990    10990    24188    69537    69522   105577    24473   100647    58742     4159    20203    32229    66684    67152    27958    28902    36232    35268    82571    41934    71638    30263    66684    49680   125775    50628    10906    58924    52115    41908     8179   101153    36232   101153     2940    30161    36232    17967    43062    10906    43062    73698    35268    45343    61017    39428   114517 
   12793    37782    12522    45243   103488    84596    12522    28149    95291    36342    21393    22201    67966    52596    36342    43923    58691    32084    16628    32469    25021        0    15738    23292    18341    45558    39274    44383    21527    28040    18825    29026    97743    79698    35173    41671    56757     7743    45558   108834    41671    13826     6620    22201    22911    67966    17321    48415    56757    26318    23953    14522    30564    17599    56483    95291    11062    29026    14459    22911    95291    36811    44649    38817    46029    65630     8958    21393    83874    19688   104564    14522    20480    28149    17321    44076    27069    37782        0    95291    32469    54228    44076    44383    16628    33572   108834    45558    26029     8958    58008    23953    98784    50194    18634    33572   104564    50194    79698    46029    56483    45558    18341    34981    20480    20480    39274    52596    52580    88866     9987    83705    33797    21630    23594     7738    49742    50194    38817    45243    17321    51665    65630    16628    54696    22201    49742    24735   108834    31165    11062    42043    35173    24967    32469    84212    17321    84212    27051    41671    17321    26318    44649    11062    44649    56757    51665    18825    44076    36342    97743 
   14471    26790    21839    40890   100489    81596    21839    24243    92291    25089    26298    14228    56974    49596    25089    40924    55691    29085    35000    24150    17939    15738        0    34810     6111    34567    14459    60308     8060    32512    30343    33498   100665    76698    32174    30679    53757    23729    34567   105835    30679    16002     9148    14228    27374    56974    15336    45415    53757    13059    10694    18984    16542     8339    45462    92291     9997    33498    17502    27374    92291    33812    33657    34465    43030    62630    21379    26298    80875    14922   101564    18984    11336    24243    15336    41076    28479    26790    15738    92291    24150    43207    41076    60308    35000    22515   105835    34567    12770    21379    55008    10694    95784    47811     4346    22515   101564    47811    76698    43030    45462    34567     6111    17508    11336    11336    14459    49596    49581    85867     8136    80706    49722    22927    28065    25941    46743    47811    34465    40890    15336    47109    62630    35000    51697    14228    46743    40661   105835    35628     9997    39044    32174    24678    24150    81212    15336    81212    18147    30679    15336    13059    33657     9997    33657    53757    47109    30343    41076    25089   100665 
   22518    57184    20046    71411    93787    74894    20046    19114    85589    44965    35192    31224    80576    42894    44965    34789    48989    22298    23660    54482    49810    23292    34810        0    29695    64245    39578    36598    41000    46974     4868    44381    87925    69919    25387    60256    47055    23456    64245    99133    60256    20767    27891    31224     8103    80576    22726    38713    47055    42239    36734    16863    55855    26667    70430    85589    35645    44381    34773     8103    85589    27110    63347    70467    36215    55928    29549    35192    74045    25132    94862    16863    41768    19114    22726    34374    41804    57184    23292    85589    54482    68175    34374    36598    23660    59172    99133    64245    42053    29549    48306    36734    89730    29393    41773    59172    94862    29393    69919    36215    70430    64245    29695    54231    41768    41768    39578    42894    37044    78985    26731    74004    25977    46454    40243    19088    40041    29393    70467    71411    22726    77777    55928    23660    45327    31224    40041    16954    99133    10364    35645    32332    25387    23178    54482    74510    22726    74510    51658    60256    22726    42239    63347    35645    63347    47055    77777     4868    34374    44965    87925 
    9356    34693    17937    38503    95375    76482    17937    19128    87177    19990    34201     7744    49594    44482    19990    35809    50577    23971    42903    23485    26930    18341     6111    29695        0    27187    11375    55194    15610    43061    25228    41401    96775    71584    27060    26956    48643    36978    27187   100721    26956    10888    14782     7744    22260    49594    10222    40301    48643    14376     8489    13870    18757     4475    38584    87177    18988    41401    25260    22260    87177    28697    26142    38853    37916    57516    29282    34201    75760     9808    96450    13870    13551    19128    10222    35962    36382    34693    18341    87177    23485    36330    35962    55194    42903    23833   100721    27187    14087    29282    49894     8489    90670    42697    11542    23833    96450    42697    71584    37916    38584    27187        0    19648    13551    13551    11375    44482    44467    87836     8956    75592    44608    30685    35969    35592    41629    42697    38853    38503    10222    46163    57516    42903    46583     7744    41629    35546   100721    30514    18988    33929    27060    22588    23485    76098    10222    76098    23584    26956    10222    14376    26142    18988    26142    48643    46163    25228    35962    19990    96775 
   44174    18865    48560    44190   116545    97652    48560    39378   108347    18914    51675    32496    26058    65652    18914    56979    71747    45141    60377    40703    43960    45558    34567    64245    27187        0    18753    85527    31904    60556    59778    58875   110738    92754    48230    21149    69813    54473        0   121891    21149    35252    38968    32496    56810    26058    34586    61471    69813    26034    23427    49148    27743    28839    15195   108347    37887    58875    44261    56810   108347    49867     9675    43245    59086    78686    46756    51675    96931    34172   117620    49148    31492    39378    34586    57132    53856    18865    45558   108347    40703    12940    57132    85527    60377    27944   121891        0    20243    46756    71064    23427   111840    71628    36046    27944   117620    71628    92754    59086    15195        0    27187    14782    31492    31492    18753    65652    65637   101798    39585    96762    74940    49686    53443    52776    62799    71628    43245    44190    34586    50555    78686    60377    67753    32496    62799    65879   121891    65064    37887    55145    48230    49907    40703    97268    34586    97268    42249    21149    34586    26034     9675    37887     9675    69813    50555    59778    57132    18914   110738 
   21209    12978    28612    31907   105257    86364    28612    30989    97059    18816    45271    17626    41388    54364    18816    54314    60459    33853    54490    20861    24188    39274    14459    39578    11375    18753        0    67129    14885    54272    37173    51679   107450    89444    36942    13027    58525    48188    18753   110603    13027    22741    32683    17626    32142    41388    22091    50183    58525     8876     8260    25827    13594    15103    30297    97059    18629    51679    25009    32142    97059    38580    17855    30963    55740    67398    40120    45271    93570    19690   106332    25827    12783    30989    22091    45844    49101    12978    39274    97059    20861    28042    45844    67129    54490    15635   110603    18753     5081    40120    59777     8260   109255    52579    12024    15635   106332    52579    89444    55740    30297    18753    11375     4802    12783    12783        0    54364    54349    98510    17917    85474    56509    29156    47541    36540    51511    52579    30963    31907    22091    38273    67398    54490    64852    17626    51511    47485   110603    40396    18629    51857    36942    28385    20861    85980    22091    85980    21815    13027    22091     8876    17855    18629    17855    58525    38273    37173    45844    18816   107450 
   45510    78332    45545    89389    93556    60044    45545    48646    61486    75246    56284    56713   108516    55658    75246    41057    63828    48036    41369    72460    69328    44383    60308    36598    55194    85527    67129        0    62140    68065    32155    65473    88233    72422    44975    82221    59819    44548    85527    99287    82221    46253    46600    56713    35696   108516    48344    55951    59819    67738    63552    42362    73833    52166    97071    61486    54960    65473    55865    35696    61486    44348    84629    88445    48472    68692    50640    56284    73486    50710    95017    42362    64539    48646    48344    49213    62895    78332    44383    61486    72460    94816    49213        0    41369    77150    99287    85527    67552    50640    61070    63552    89237    26873    61126    77150    95017    26873    72422    48472    97071    85527    55194    75513    64539    64539    67129    55658    34524    78425    45176    78096    13689    65972    61335    40142    52805    26873    88445    89389    48344    95755    68692    41369    62058    56713    52805    21667    99287    27636    54960    49570    44975    54680    72460    65042    48344    65042    71177    82221    48344    67738    84629    54960    84629    59819    95755    32155    49213    75246    88233 
   20811    29654    24529    30507   111620    92727    24529    36280   103422    30125    25685    22183    59838    60727    30125    52054    66822    40216    37864    13578    10267    21527     8060    41000    15610    31904    14885    62140        0    38344    36533    26537   105676    87829    43305    18238    64888    23091    31904   116965    18238    21962    14936    22183    33565    59838    25147    56546    64888    11298    11120    25117    14951    18608    43448   103422     9217    26537    15597    33565   103422    44942    31006    29563    53966    73761    24192    25685    92005    24733   112695    25117     4440    36280    25147    52207    33173    29654    21527   103422    13578    41193    52207    62140    37864    18268   116965    31904    13196    24192    66139    11120   106915    58342     4223    18268   112695    58342    87829    53966    43448    31904    15610    17953     4440     4440    14885    60727    60712    96736    17650    91837    51456    13817    31613    25041    57874    58342    29563    30507    25147    36873    73761    37864    63078    22183    57874    42492   116965    41818     9217    50083    43305    33098    13578    92343    25147    92343     7894    18238    25147    11298    31006     9217    31006    64888    36873    36533    52207    30125   105676 
