dep13 0 0 60
**************************************DATA
9 118 480 8 1.33
**************************************DISTANCE
       0    69651   126456    17114   109116    38238    32760   109116   132745    17489    38238    81691    63567    61710    49611   109116    50623    38238    92305   122762    88084    64670    78628    91481     6452    54278   119322    71421    33683    26568    11484   100808    93902    66238    54154   106537    78777    96338     6452    57469    94775    82009    89452   128545    68885    41114     6580   101752   108552   105313   121179    43115    26568    96338    17847    90302   106459   104630    91028    88084    73262    83605   101752    43115    62141    55213    92485   106459    94925   121630    16352   106459   102498   106415    59569   100808   121630    59569    88084    54154    20613    63567    59569   121630    15911    62796   121630   122762    78777   108552    89542    55213    54154    38238    96253    78628   109958    96338    71421    14859    61710   105082    93902   107554    73262    13464    57469    32760    57469   132745    92305    14859    62359    96689   105082    62359   128545    55253   104630 
   69651        0    68390    54969    51986    34862    47210    51986    74679    68263    34862    22165    28282    21962    22282    51986    22503    34862    35893    65632     5840    26367    12552    30429    78756    42617    61256    30481    44396    55022    68807    34071    23108    60171    79587    61282    39823    39615    78756    20628    35854    26613    19598    71329    12071    37383    74164    43361    48184    48141    63740    29761    55022    39615    52199    33973    49300    45380    31502     5840    59147    25752    43361    29761    19065    17507    34419    49300    27983    58353    85247    49300    42972    51570    12531    34071    58353    12531     5840    79587    51886    28282    12531    58353    54992    19965    58353    65632    39823    48184    26265    17507    79587    34862    32976    12552    43601    39615    30481    85714    21962    38676    23108    50423    59147    63464    20628    47210    20628    74679    35893    85714    16717    37828    38676    16717    71329    22055    45380 
  126456    68390        0   111774    18580    95647   107995    18580    13918   125069    95647    49604    79709    90295    79109    18580    78761    95647    41909    10632    61588    93466    52725    43823   133824   103402     6672    75918   105182   111827   125613    36040    51381    81808   140742    29538    76511    31561   133824    86263    57490    46161    49998     9372    62660    97522   130970    25669    69820    26063    17929    99386   111827    31561   109005    42636    27379    30740    43562    61588    96466    53476    25669    99386    68917    85479    45430    27379    45754    92639   146033    27379    64608    29492    72369    36040    92639    72369    61588   140742   108692    79709    72369    92639   110060    81330    92639    10632    76511    69820    60552    85479   140742    95647    67262    52725    77887    31561    75918   140783    90295    72962    51381    41743    96466   120270    86263   107995    86263    13918    41909   140783    78082    60525    72962    78082     9372    78889    30740 
   17114    54969   111774        0    94386    23250    24994    94386   118063    17746    23250    66325    48498    47028    34929    94386    35422    23250    77623   109169    71209    49988    63946    76799    23155    36627   104640    56739    20391     9994    13985    86126    79220    72938    59721    91855    69077    81656    23155    42787    80093    67327    74770   113863    54203    22351    14964    87070    93870    90631   106497    28433     9994    81656     2769    75620    91777    89948    75818    71209    82377    68923    87070    28433    47459    40531    77803    91777    80243   110007    28324    91777    84999    91733    44887    86126   110007    44887    71209    59721     4833    48498    44887   110007     4987    46727   110007   109169    69077    93870    77856    40531    59721    23250    86024    63946    95276    81656    56739    23713    47028    90400    79220    92262    82377     4977    42787    24994    42787   118063    77623    23713    47677    82007    90400    47677   113863    40571    89948 
  109116    51986    18580    94386        0    77901    90327        0    24868   107375    77901    56588    62320    72805    61044        0    61373    77901    16816    15974    44200    75764    34246    25947   115345    86014    11445    54576    87483    89599   107871    16630    32902    77408   122262    21133    70571    13384   115345    64711    52428    39999    48769    20668    46185    78905   113554    20394    66205     5295    13305    80907    89599    13384    91617    24767     9202    22642    37622    44200    89949    47276    20394    80907    50856    66307    26951     9202    21739    75251   128645     9202    58668     8199    54303    16630    75251    54303    44200   122262    91187    62320    54303    75251    91581    63942    75251    15974    70571    66205    43163    66307   122262    77901    49874    34246    59380    13384    54576   122304    72805    54504    32902    23430    89949   102740    64711    90327    64711    24868    16816   122304    55907    54342    54504    55907    20668    60825    22642 
   38238    34862    95647    23250    77901        0    23310    77901   101936    30785        0    50476    40943    12590    23817    77901    27999        0    61808    91546    38489    15761    47819    56344    44565    24053    88512    49991    15390    16695    31330    70534    63093    38966    63848    75728    34715    65530    44565    19767    63966    54923    58643    97244    56768     7770    34424    71672    76495    74056    89655    13798    16695    65530    20480    59888    75214    73691    59813    38489    60118    54063    71672    13798    39914    16160    61676    75214    64507    90414    47367    75214    71282    77484    21872    70534    90414    21872    38489    63848    20167    40943    21872    90414    22768    23721    90414    91546    34715    76495    58326    16160    63848        0    65037    47819    75662    65530    49991    42824    12590    70737    63093    76338    60118    27702    19767    23310    19767   101936    61808    42824    24264    65880    70737    24264    97244    33140    73691 
   32760    47210   107995    24994    90327    23310        0    90327   114284    15975    23310    62902    52388    24980    38840    90327    39444    23310    73844   103973    50915    23610    60167    73020    32769    19070   100860    60649     8081    16288    17547    82961    75440    40915    41736    88075    35527    77876    32769    32115    76313    63547    70991   110084    69116    24280    26215    83290    54863    86851   102718    29929    16288    77876    26794    72315    87998    86117    72239    50915    46714    65144    83290    29929    51359    35370    74024    87998    76464   102840    27699    87998    83709    89911    38957    82961   102840    38957    50915    41736    20289    52388    38957   102840    27993    32090   102840   103973    35527    54863    70753    35370    41736    23310    77463    60167    91496    77876    60649    32977    24980    83163    75440    88764    46714    24280    32115        0    32115   114284    73844    32977    38275    78227    83163    38275   110084    44481    86117 
  109116    51986    18580    94386        0    77901    90327        0    24868   107375    77901    56588    62320    72805    61044        0    61373    77901    16816    15974    44200    75764    34246    25947   115345    86014    11445    54576    87483    89599   107871    16630    32902    77408   122262    21133    70571    13384   115345    64711    52428    39999    48769    20668    46185    78905   113554    20394    66205     5295    13305    80907    89599    13384    91617    24767     9202    22642    37622    44200    89949    47276    20394    80907    50856    66307    26951     9202    21739    75251   128645     9202    58668     8199    54303    16630    75251    54303    44200   122262    91187    62320    54303    75251    91581    63942    75251    15974    70571    66205    43163    66307   122262    77901    49874    34246    59380    13384    54576   122304    72805    54504    32902    23430    89949   102740    64711    90327    64711    24868    16816   122304    55907    54342    54504    55907    20668    60825    22642 
  132745    74679    13918   118063    24868   101936   114284    24868        0   131357   101936    55893    85997    96583    85397    24868    85050   101936    48197    13654    67876    99754    58134    50111   139234   109691    19844    82206   111470   118116   131901    42328    56790    88096   146151    34948    82800    37849   139234    92551    63778    52449    55408     5357    68948   103810   137258    31957    76109    32352    24217   104796   118116    37849   115294    48924    33667    37029    49850    67876   102754    59764    31957   104796    75205    91767    50840    33667    52043    98928   152321    33667    70897    35780    78657    42328    98928    78657    67876   146151   114980    85997    78657    98928   115470    87619    98928    13654    82800    76109    66840    91767   146151   101936    73551    58134    84176    37849    82206   146192    96583    79250    56790    48031   102754   126559    92551   114284    92551        0    48197   146192    84370    65934    79250    84370     5357    85178    37029 
   17489    68263   125069    17746   107375    30785    15975   107375   131357        0    30785    79950    61826    40531    48224   107375    48882    30785    90917   121021    86343    39170    77240    90093    19970    34629   117934    70033    22863    18662     5979   100009    92514    54710    42627   105149    51086    94950    19970    47666    93387    80621    88064   127157    67497    35645    13417   100364    75542   103925   119792    41727    18662    94950    18685    89363   105072   103165    89287    86343    61947    82217   100364    41727    60797    56321    91098   105072    93538   119889    17773   105072   100757   106959    58181   100009   119889    58181    86343    42627    18542    61826    58181   119889    22452    47649   119889   121021    51086    75542    87801    56321    42627    30785    94512    77240   108570    94950    70033    20178    40531   100211    92514   105813    61947    18787    47666    15975    47666   131357    90917    20178    60972    95301   100211    60972   127157    53865   103165 
   38238    34862    95647    23250    77901        0    23310    77901   101936    30785        0    50476    40943    12590    23817    77901    27999        0    61808    91546    38489    15761    47819    56344    44565    24053    88512    49991    15390    16695    31330    70534    63093    38966    63848    75728    34715    65530    44565    19767    63966    54923    58643    97244    56768     7770    34424    71672    76495    74056    89655    13798    16695    65530    20480    59888    75214    73691    59813    38489    60118    54063    71672    13798    39914    16160    61676    75214    64507    90414    47367    75214    71282    77484    21872    70534    90414    21872    38489    63848    20167    40943    21872    90414    22768    23721    90414    91546    34715    76495    58326    16160    63848        0    65037    47819    75662    65530    49991    42824    12590    70737    63093    76338    60118    27702    19767    23310    19767   101936    61808    42824    24264    65880    70737    24264    97244    33140    73691 
   81691    22165    49604    66325    56588    50476    62902    56588    55893    79950    50476        0    53743    45380    59978    56588    48306    50476    31806    46998    25549    39962    29684    39001    87920    58488    42470    50015    60058    62174    80446    25182    18276    44129    94837    30911    37435    29715    87920    34336    19149     6383    16231    51693    26802    51480    86129    26126    32926    52832    33946    53482    62174    29715    63836    27334    53979    29004    14803    25549    56669     5524    26126    53482    46294    38882    40005    53979    23370    69550   100680    53979    21143    33034    43238    25182    69550    43238    25549    94837    63762    53743    43238    69550    64156    33638    69550    46998    37435    32926    37764    38882    94837    50476    45567    29684    54819    29715    50015    94878    45380    49942    18276    44116    56669    75314    34336    62902    34336    55893    31806    94878    26015    21063    49942    26015    51693    56264    29004 
   63567    28282    79709    48498    62320    40943    52388    62320    85997    61826    40943    53743        0    54752    13269    62320    19975    40943    45557    77103    31309    57712    32881    44733    69796    55198    72574     7905    47580    43233    62322    57213    41822    91098   104210    68686    81424    49590    69796    35778    66118    58208    49217    81797    25854    29009    68005    63901    79896    58565    74432    21935    43233    49590    45713    43554    59712    66779    49144    31309   103639    60967    63901    21935     9218    24838    45738    59712    44134    36051    79315    59712    69521    59667    23662    57213    36051    23662    31309   104210    45638        0    23662    36051    46032    37975    36051    77103    81424    79896    17998    24838   104210    40943    26507    32881    24884    49590     7905    76754    54752    20008    41822    56741   103639    57191    35778    52388    35778    85997    45557    76754    38693    68032    20008    38693    81797     9021    66779 
   61710    21962    90295    47028    72805    12590    24980    72805    96583    40531    12590    45380    54752        0    27115    72805    20600    12590    56143    86451    25205     7469    42466    51248    69106    20387    83160    39153    22167    27868    42684    65438    57740    30550    58495    70375    26423    60434    69106     7135    58613    49827    53290    92148    31939    15676    62605    66576    45579    68960    84559    18204    27868    60434    44259    54792    70118    68595    54717    25205    39789    47443    66576    18204    29909    12324    56323    70118    58763    85318    64042    70118    66187    72389    16393    65438    85318    16393    25205    58495    43946    54752    16393    85318    45342    11131    85318    86451    26423    45579    53230    12324    58495    12590    59941    42466    70566    60434    39153    69646        0    65641    57740    71242    39789    55524     7135    24980     7135    96583    56143    69646    10981    60527    65641    10981    92148    30126    68595 
   49611    22282    79109    34929    61044    23817    38840    61044    85397    48224    23817    59978    13269    27115        0    61044     7477    23817    44952    74690    28558    44335    28098    39487    56220    41629    71974    22317    34094    29602    48768    49304    41222    81512    90634    68086    63289    48674    56220    37132    73667    50100    48617    80387    23323    16031    54125    63744    85997    57200    72798     8360    29602    48674    32160    43032    58358    65763    51885    28558    87882    63565    63744     8360    16505    15047    45138    58358    43217    49319    65747    58358    80785    60628    16658    49304    49319    16658    28558    90634    31847    13269    16658    49319    32456    28149    49319    74690    63289    85997    31266    15047    90634    23817    39776    28098    38130    48674    22317    63179    27115    33205    41222    59481    87882    43425    37132    38840    37132    85397    44952    63179    39852    76155    33205    39852    80387     5466    65763 
  109116    51986    18580    94386        0    77901    90327        0    24868   107375    77901    56588    62320    72805    61044        0    61373    77901    16816    15974    44200    75764    34246    25947   115345    86014    11445    54576    87483    89599   107871    16630    32902    77408   122262    21133    70571    13384   115345    64711    52428    39999    48769    20668    46185    78905   113554    20394    66205     5295    13305    80907    89599    13384    91617    24767     9202    22642    37622    44200    89949    47276    20394    80907    50856    66307    26951     9202    21739    75251   128645     9202    58668     8199    54303    16630    75251    54303    44200   122262    91187    62320    54303    75251    91581    63942    75251    15974    70571    66205    43163    66307   122262    77901    49874    34246    59380    13384    54576   122304    72805    54504    32902    23430    89949   102740    64711    90327    64711    24868    16816   122304    55907    54342    54504    55907    20668    60825    22642 
   50623    22503    78761    35422    61373    27999    39444    61373    85050    48882    27999    48306    19975    20600     7477    61373        0    27999    44610    76155    27019    26410    27750    43786    56851    36749    71626    25531    34636    30288    49377    56265    40874    49360    75580    67738    45499    48642    56851    19285    62073    49307    48269    80850    22995    16064    55061    62954    75850    57617    73484     9372    30288    48642    32768    42607    58764    65832    51702    27019    58799    50903    62954     9372    16252     8345    44790    58764    43186    56329    67029    58764    66980    58719     9972    56265    56329     9972    27019    75580    32694    19975     9972    56329    33087    21482    56329    76155    45499    75850    35672     8345    75580    27999    43839    27750    44051    48642    25531    63810    20600    39175    40874    59248    58799    44246    19285    39444    19285    85050    44610    63810    22427    63987    39175    22427    80850    12048    65832 
   38238    34862    95647    23250    77901        0    23310    77901   101936    30785        0    50476    40943    12590    23817    77901    27999        0    61808    91546    38489    15761    47819    56344    44565    24053    88512    49991    15390    16695    31330    70534    63093    38966    63848    75728    34715    65530    44565    19767    63966    54923    58643    97244    56768     7770    34424    71672    76495    74056    89655    13798    16695    65530    20480    59888    75214    73691    59813    38489    60118    54063    71672    13798    39914    16160    61676    75214    64507    90414    47367    75214    71282    77484    21872    70534    90414    21872    38489    63848    20167    40943    21872    90414    22768    23721    90414    91546    34715    76495    58326    16160    63848        0    65037    47819    75662    65530    49991    42824    12590    70737    63093    76338    60118    27702    19767    23310    19767   101936    61808    42824    24264    65880    70737    24264    97244    33140    73691 
   92305    35893    41909    77623    16816    61808    73844    16816    48197    90917    61808    31806    45557    56143    44952    16816    44610    61808        0    30517    27437    59314    18153     9392    99252    69251    34774    41766    71031    73506    91462     9381    14836    66090   106169    24080    59488     5024    99252    48619    41110    25424    21224    36214    30093    63370    96818    36365    52797    12972    28625    64814    73506     5024    74854     8205    12323    25662    22885    27437    79443    36453    36365    64814    34765    51328    10465    12323     8583    58488   111882    12323    47585    13119    38218     9381    58488    38218    27437   106169    74540    45557    38218    58488    75488    47179    58488    30517    59488    52797    26400    51328   106169    61808    33111    18153    43736     5024    41766   106211    56143    38811    14836    14758    79443    86119    48619    73844    48619    48197        0   106211    43931    43024    38811    43931    36214    44738    25662 
  122762    65632    10632   109169    15974    91546   103973    15974    13654   121021    91546    46998    77103    86451    74690    15974    76155    91546    30517        0    58982    89410    47891    39592   128991   100796     6949    68221   101129   103245   121517    31401    46547    78757   135908    24704    73905    27084   128991    78357    53777    41348    45165    11938    59831    92551   127200    21744    67555    21697    14654    94552   103245    27084   106399    38413    22844    34877    40956    58982    91298    48626    21744    94552    64501    79953    40597    22844    41662    90034   143427    22844    62002    22799    67949    31401    90034    67949    58982   135908   104833    77103    67949    90034   105227    78724    90034        0    73905    67555    57946    79953   135908    91546    64657    47891    73025    27084    68221   135949    86451    68149    46547    39137    91298   116385    78357   103973    78357    13654    30517   135949    69553    55691    68149    69553    11938    74471    34877 
   88084     5840    61588    71209    44200    38489    50915    44200    67876    86343    38489    25549    31309    25205    28558    44200    27019    38489    27437    58982        0    29516     9277    26613    94312    46501    54453    29593    48071    68566    86838    31403    20783    64313    82850    50565    57619    31469    94312    23890    39333    26567    17272    63676     8831    33749    92522    45780    53111    40444    56311    32906    68566    31469    70229    25434    41591    48659    23492        0    62222    27995    45780    32906    22086    23225    27617    41591    23189    54803    88693    41591    44240    41546    18261    31403    54803    18261        0    82850    70155    31309    18261    54803    70548    23192    54803    58982    57619    53111    22652    23225    82850    38489    30820     9277    40072    31469    29593   101271    25205    35195    20783    42075    62222    81707    23890    50915    23890    67876    27437   101271    15569    41247    35195    15569    63676    28338    48659 
   64670    26367    93466    49988    75764    15761    23610    75764    99754    39170    15761    39962    57712     7469    44335    75764    26410    15761    59314    89410    29516        0    45637    58490    72277    17110    86331    72163    20831    31040    40743    67817    60911    24391    61666    73546    16852    63347    72277     9466    61784    49018    56461    95554    36344    18778    49358    68761    38338    72322    88189    24427    31040    63347    47219    57311    73469    63177    49299    29516    34661    50614    68761    24427    35568    17983    59495    73469    61935    88278    50875    73469    35675    75348    21081    67817    88278    21081    29516    61666    46905    57712    21081    88278    48513     9240    88278    89410    16852    38338    56190    17983    61666    15761    62901    45637    76967    63347    72163    56120     7469    68600    60911    74202    34661    58484     9466    23610     9466    99754    59314    56120    22851    63698    68600    22851    95554    49977    63177 
   78628    12552    52725    63946    34246    47819    60167    34246    58134    77240    47819    29684    32881    42466    28098    34246    27750    47819    18153    47891     9277    45637        0    12688    84760    55574    45406    29090    57353    63999    77784    22505    14290    62663    92113    40942    57366    21875    84760    38434    38345    23302    22500    53589     9044    49693    83141    36945    50675    30401    46000    51291    63999    21875    61177    16233    31559    38964    25086     9277    77321    34331    36945    51291    19815    25645    18436    31559    16418    45812    98204    31559    45463    33829    21358    22505    45812    21358     9277    92113    60863    32881    21358    45812    61491    33502    45812    47891    57366    50675    13724    25645    92113    47819    20435        0    31060    21875    29090    91814    42466    26135    14290    32683    77321    72442    38434    60167    38434    58134    18153    91814    30253    48456    26135    30253    53589    27878    38964 
   91481    30429    43823    76799    25947    56344    73020    25947    50111    90093    56344    39001    44733    51248    39487    25947    43786    56344     9392    39592    26613    58490    12688        0    93788    68427    36688    33019    70207    68042    90638    18227    14762    69093   100705    32170    66683    13425    93788    43154    44114    32618    27212    45911    24628    57348    91997    45440    59992    22679    38546    59350    68042    13425    74030     4905    23826    33821    34403    26613    86638    38962    45440    59350    33941    50503     3555    23826    10818    57664   111057    23826    54780    25530    32746    18227    57664    32746    26613   100705    73716    44733    32746    57664    70024    46355    57664    39592    66683    59992    25576    50503   100705    56344    20630    12688    37823    13425    33019   100746    51248    37987    14762    23990    86638    85295    43154    73020    43154    50111     9392   100746    34350    46028    37987    34350    45911    39268    33821 
    6452    78756   133824    23155   115345    44565    32769   115345   139234    19970    44565    87920    69796    69106    56220   115345    56851    44565    99252   128991    94312    72277    84760    93788        0    54344   126505    78844    39279    30142    12744   107978    98048    67210    54075   112669    78843   102974        0    65074   101608    92367    99460   134688    75532    47819     8293   109116    87276   111500   127099    49247    30142   102974    24075    97332   112658   111135    97257    94312    73581    91507   109116    49247    68767    64290    99535   112658   101951   127858    11380   112658   108727   114929    68359   107978   127858    68359    94312    54075    26969    69796    68359   127858    21980    69025   127858   128991    78843    87276    95770    64290    54075    44565   102481    84760   113106   102974    78844     9473    69106   108181    98048   113782    73581    18801    65074    32769    65074   139234    99252     9473    67794   111719   108181    67794   134688    61993   111135 
   54278    42617   103402    36627    86014    24053    19070    86014   109691    34629    24053    58488    55198    20387    41629    86014    36749    24053    69251   100796    46501    17110    55574    68427    54344        0    96268    82100    16226    27912    36202    77754    70848    34382    43401    83483    28972    73283    54344    27522    71721    58954    66398   105491    64523    27069    47791    78698    48329    82258    98125    32718    27912    73283    38443    67248    83405    81576    67825    46501    40352    60551    78698    32718    48021    30008    69431    83405    71871    98426    49549    83405    79295    83360    34364    77754    98426    34364    46501    43401    32001    55198    34364    98426    58449    25733    98426   100796    28972    48329    66338    30008    43401    24053    77652    55574    86904    73283    82100    54552    20387    82027    70848    84350    40352    38921    27522    19070    27522   109691    69251    54552    33682    73635    82027    33682   105491    47271    81576 
  119322    61256     6672   104640    11445    88512   100860    11445    19844   117934    88512    42470    72574    83160    71974    11445    71626    88512    34774     6949    54453    86331    45406    36688   126505    96268        0    68783    98047   104693   118478    28905    44062    74673   133422    22219    69376    24426   126505    79128    50355    39026    42679    14114    55525    90387   123835    18534    62686    18928    10794    92067   104693    24426   101870    35501    20244    23606    36427    54453    89331    46341    18534    92067    61782    78344    38111    20244    38620    85505   138898    20244    57473    22357    65234    28905    85505    65234    54453   133422   101557    72574    65234    85505   102741    74196    85505     6949    69376    62686    53417    78344   133422    88512    60128    45406    70752    24426    68783   133464    83160    65827    44062    34608    89331   113135    79128   100860    79128    19844    34774   133464    70947    60466    65827    70947    14114    71755    23606 
   71421    30481    75918    56739    54576    49991    60649    54576    82206    70033    49991    50015     7905    39153    22317    54576    25531    49991    41766    68221    29593    72163    29090    33019    78844    82100    68783        0    55904    52281    70578    42835    38030    87307   118053    64895    77696    45799    78844    37838    62327    43632    45426    78006    24287    38057    77053    57275    71006    54774    70641    30983    52281    45799    53970    36563    55921    59294    45416    29593    97651    57176    57275    30983    10096    27030    41946    55921    40343    32323    87556    55921    65793    54159    25861    42835    32323    25861    29593   118053    53656     7905    25861    32323    55080    40132    32323    68221    77696    71006    14269    27030   118053    49991    22779    29090    21093    45799        0    85802    39153    16208    38030    53013    97651    65235    37838    60649    37838    82206    41766    85802    51699    64241    16208    51699    78006    18069    59294 
   33683    44396   105182    20391    87483    15390     8081    87483   111470    22863    15390    60058    47580    22167    34094    87483    34636    15390    71031   101129    48071    20831    57353    70207    39279    16226    98047    55904        0    11686    24435    79533    72627    38102    48839    85262    32683    75063    39279    29302    73500    60734    68178   107270    66303    19535    32725    80477    52049    84038    99905    25184    11686    75063    22192    69027    85185    83273    69395    48071    46000    62330    80477    25184    46551    32526    71211    85185    73651    99997    34200    85185    80865    87067    36144    79533    99997    36144    48071    48839    15775    47580    36144    99997    22925    29246    99997   101129    32683    52049    67909    32526    48839    15390    74620    57353    88683    75063    55904    39487    22167    80319    72627    85921    46000    22693    29302     8081    29302   111470    71031    39487    35462    75414    80319    35462   107270    39736    83273 
   26568    55022   111827     9994    89599    16695    16288    89599   118116    18662    16695    62174    43233    27868    29602    89599    30288    16695    73506   103245    68566    31040    63999    68042    30142    27912   104693    52281    11686        0    19206    82233    79273    51316    60530    91908    44369    77228    30142    42840    80146    66621    74823   108942    48875    19388    22300    83370    88193    85754   101353    23106        0    77228    11422    71587    86913    85389    71511    68566    57686    65761    83370    23106    42204    38544    77856    86913    76205   102112    35851    86913    82981    89183    42613    82233   102112    42613    68566    60530     5289    43233    42613   102112    12494    43279   102112   103245    44369    88193    70024    38544    60530    16695    76735    63999    68094    77228    52281    30701    27868    63169    79273    88036    57686    14787    42840    16288    42840   118116    73506    30701    42048    82060    63169    42048   108942    35430    85389 
   11484    68807   125613    13985   107871    31330    17547   107871   131901     5979    31330    80446    62322    42684    48768   107871    49377    31330    91462   121517    86838    40743    77784    90638    12744    36202   118478    70578    24435    19206        0   100504    93058    60529    48446   105693    52659    95494    12744    49819    93931    81165    88609   127701    68041    36189     4677   101642    81007   104469   120336    42271    19206    95494    16532    89858   105616   103661    89783    86838    67312    82761   101642    42271    61293    56816    91642   105616    94082   120384    18062   105616   101253   107455    58726   100504   120384    58726    86838    48446    19038    62322    58726   120384    17985    49222   120384   121517    52659    81007    88296    56816    48446    31330    95007    77784   109114    95494    70578    13302    42684   100707    93058   106308    67312    15026    49819    17547    49819   131901    91462    13302    61516    95845   100707    61516   127701    54409   103661 
  100808    34071    36040    86126    16630    70534    82961    16630    42328   100009    70534    25182    57213    65438    49304    16630    56265    70534     9381    31401    31403    67817    22505    18227   107978    77754    28905    42835    79533    82233   100504        0    10559    59702   114895    19309    52864     5473   107978    54395    34722    26811    17821    38128    34445    71539   106188    37853    48499    11455    30763    73540    82233     5473    83357    13322    13467    20956    16174    31403    72818    29570    37853    73540    46421    59830    19232    13467     7607    70144   120384    13467    40961     8412    42563        0    70144    42563    31403   114895    83043    57213    42563    70144    84214    53402    70144    31401    52864    48499    38056    59830   114895    70534    44767    22505    47639     5473    42835   114937    65438    50466    10559    24017    72818    94622    54395    82961    54395    42328     9381   114937    46073    36636    50466    46073    38128    49084    20956 
   93902    23108    51381    79220    32902    63093    75440    32902    56790    92514    63093    18276    41822    57740    41222    32902    40874    63093    14836    46547    20783    60911    14290    14762    98048    70848    44062    38030    72627    79273    93058    10559        0    51254   104965    29942    45957    15138    98048    47149    26936    11893     6378    52245    21351    64967    98415    25536    39267    29057    35228    63610    79273    15138    76450     9868    25856    27555     9770    20783    65912    22922    25536    63610    31029    39458    16163    25856     6245    54752   113478    25856    34055    18032    34482    10559    54752    34482    20783   104965    76137    41822    34482    54752    76765    46496    54752    46547    45957    39267    22664    39458   104965    63093    29375    14290    40000    15138    38030   107088    57740    35075        0    27039    65912    87716    47149    75440    47149    56790    14836   107088    42401    37047    35075    42401    52245    41002    27555 
   66238    60171    81808    72938    77408    38966    40915    77408    88096    54710    38966    44129    91098    30550    81512    77408    49360    38966    66090    78757    64313    24391    62663    69093    67210    34382    74673    87307    38102    51316    60529    59702    51254        0    56267    63889    16550    64280    67210    37809    31424    44091    50196    84455    64948    41585    59740    60839    23804    86806    67763    47632    51316    64280    70169    61123    87964    62858    48980    64313    15040    34064    60839    47632    80306    41983    72983    87964    57551   104029    61177    87964    28920    67174    46052    59702   104029    46052    64313    56267    53789    91098    46052   104029    85689    32506   104029    78757    16550    23804    71941    41983    56267    38966    78652    62663    89277    64280    87307    67418    30550    84351    51254    78293    15040    81434    37809    40915    37809    88096    66090    67418    43304    33338    84351    43304    84455    72859    62858 
   54154    79587   140742    59721   122262    63848    41736   122262   146151    42627    63848    94837   104210    58495    90634   122262    75580    63848   106169   135908    82850    61666    92113   100705    54075    43401   133422   118053    48839    60530    48446   114895   104965    56267        0   120022    67899   109891    54075    65906    85823    99284   106377   141605   101850    66892    47656   116033    76332   118417   134016    84315    60530   109891    93716   104250   119576   118052   104174    82850    28276    98424   116033    84315    84890    67305   106452   119576   108868   134775    44279   119576    81448   121846    71373   114895   134775    71373    82850        0    64525   104210    71373   134775    94031    69856   134775   135908    67899    76332   102687    67305        0    63848   109398    92113   120023   109891   118053    46248    58495   115098   104965   120699    28276    60762    65906    41736    65906   146151   106169    46248    68625    84441   115098    68625   141605    96407   118052 
  106537    61282    29538    91855    21133    75728    88075    21133    34948   105149    75728    30911    68686    70375    68086    21133    67738    75728    24080    24704    50565    73546    40942    32170   112669    83483    22219    64895    85262    91908   105693    19309    29942    63889   120022        0    58592    18263   112669    59784    39571    24528    28771    30402    51637    77602   111050    15568    51902    15987    12619    79200    91908    18263    89085    30983    20465     6209    21929    50565    78547    35557    15568    79200    57894    65559    33185    20465    24461    81617   126113    20465    46689    12914    61346    19309    81617    61346    50565   120022    88772    68686    61346    81617    89400    59131    81617    24704    58592    51902    49529    65559   120022    75728    56240    40942    66864    18263    64895   119723    70375    61939    29942    30775    78547   100351    59784    88075    59784    34948    24080   119723    55036    49682    61939    55036    30402    67867     6209 
   78777    39823    76511    69077    70571    34715    35527    70571    82800    51086    34715    37435    81424    26423    63289    70571    45499    34715    59488    73905    57619    16852    57366    66683    78843    28972    69376    77696    32683    44369    52659    52864    45957    16550    67899    58592        0    57397    78843    24159    26128    34064    44900    78599    59652    37732    72289    53807    15917    80514    60853    43381    44369    57397    67148    55015    81661    56686    42286    57619    27912    27819    53807    43381    73976    31781    67687    81661    51052    97335    73911    81661    20004    60716    35774    52864    97335    35774    57619    67899    48458    81424    35774    97335    67467    22805    97335    73905        0    15917    65247    31781    67899    34715    73248    57366    82500    57397    77696    79051    26423    77624    45957    71599    27912    78626    24159    35527    24159    82800    59488    79051    36307    28042    77624    36307    78599    68930    56686 
