dep41 0 0 60
**************************************DATA
9 134 480 8 1.33
**************************************DISTANCE
       0    62924    57846    21660    36889    66075    11898    56941    52887    41748    57514    79732    16957    21504    92517    50325    56941     9723    66530    75831    92177    21504    35608    71609    30994    16957    71078    17573   109282    42151    93891    28339   107511    76956    16957    23450   108721    58262    58262    63361    23337    16957    53924    82351    56941   103167    57683    96357    42151    50325    75831    92517    50325    63361    34222    36000    12561    39982    53972    76546     9723    53972    29512    41112    58262   107511    51296    57902    23450     5277    40845    56474    96357    53972    86236    41113    86236    27353    49437    76546    35752    34222    82558   105116    29579    90551    41112    38317    92177    77329    92177    82206    52887    21660    49437    63361    30180    42739     5184    19241    75831    44605    42151    35608    34222    18752    57846    71609    35608    56149    30519    29512    23337    29579    71317    56474    71609    48378    38317    74413    26277    86236    70851    21232    40845    48311    19241    41030    90551    66530     5277    46373    52887    11898    48378 
   62924        0    68987    49954    67966    24096    51531    39602    62077    59258    66635    81665    79608   110008    31324    48070    39602    71713    32060   148770    93350   110008    44265   144548    55740    79608    59905    49008    96602    35217    94529    42901   102114   149895    79608    86101    13956    67452    67452    49138    49754    79608    45259    72019    39602     8038    23215    79347    35217    48070   148770    31324    48070    49138    36953    49191    79302    39681   106327   149485    71713   106327    47816    43632    67452   102114   103650    46516    86101    58866    22190    34830    79347   106327   159175    62810   159175    71929    58558   149485    55145    36953    31204   103008    66439    85493    43632    43065    93350    39979    93350    87250    62077    49954    58558    49138    92831    73714    69397    50389   148770    53795    35217    44265    36953    65437    68987   144548    44265    13166    32250    47816    49754    66439   146781    34830   144548    22213    43065    53794    88928   159175    69943   109737    22190    26615    50389    50220    85493    32060    58866    65007    62077    51531    22213 
   57846    68987        0    42871    21983    49520    58500    30667    12598    24533    18248    35097    44145    41215   140157    24050    30667    57041    42757    40810    47587    41215    31646    33486    31236    44145    40374    53770    65061    33810    37448    43231    62909    29765    44145    42302   119848    17675    17675    33884    37425    44145    29968    50726    30667   112482    45259    66958    33810    24050    40810   140157    24050    33884    44169    24238    50681    32849    24574    20232    57041    24574    32440    26188    17675    62909    21898    30931    42302    63122    58925    36402    66958    24574    36288    24823    36288    34882    11686    20232    28053    44169   130199    61044    31591    34108    26188    72116    47587    47160    47587    37571    12598    42871    11686    33884    46459    14377    54725    46402    40810    20679    33810    31646    44169    38395        0    33486    31646    67897    58484    32440    37425    31591    30386    36402    33486    65138    72116    43724    42155    36288    27647    36152    58925    76785    46402    19175    34108    42757    63122    13103    12598    58500    65138 
   21660    49954    42871        0    30760    44050    17909    38824    35029    24607    39614    61819    18331    22681    81835    32207    38824    21392    50900    40687    73760    22681    16838    44909    12952    18331    53233    15104    93211    24251    73427     7604    89081    81542    18331    24464    98039    40212    40212    45308     5385    18331    35902    64507    38824    93538    35700    77861    24251    32207    40687    81835    32207    45308    13345    18100    23536    22069    36059    60195    21392    36059    11612    23555    40212    89081    33243    39988    24464    20528    28101    42336    77861    36059    91022    29762    91022    26381    31537    60195    17852    13345    72136    87216    20892    65117    23555    47969    73760    58584    73760    63754    35029        0    31537    45308    31484    36055    19081     6798    40687    26692    24251    16838    13345    14299    42871    44909    16838    43405    26873    11612     5385    20892    76659    42336    44909    35469    47969    56555    28212    91022    52937    21927    28101    55418     6798    23300    65117    50900    20528    38824    35029    17909    35469 
   36889    67966    21983    30760        0    51221    48507    35054    27422    13860    33256    49907    23743    20813   109961    28437    35054    36640    47144    47220    62352    20813    29436    42997    14650    23743    47279    46392    79456    34745    52297    34126    77685    39349    23743    21901   126165    31905    31905    40404    27032    23743    32037    58552    35054   120611    44194    73400    34745    28437    47220   109961    28437    40404    39635    18925    30310    30280    31015    33130    36640    31015    26798    31416    31905    77685    28339    34945    21901    42166    54385    38566    73400    31015    51240     9447    51240    14480    20301    33130    18035    39635   100002    75821    11190    48956    31416    75902    62352    54372    62352    52380    27422    30760    20301    40404    26058     6876    34324    35280    47220    25067    34745    29436    39635    18196    21983    42997    29436    69689    53010    26798    27032    11190    39303    38566    42997    61918    75902    50614    21796    51240    41926    15751    54385    83582    35280    23471    48956    47144    42166    11616    27422    48507    61918 
   66075    24096    49520    44050    51221        0    55010    17890    39047    45657    43632    66044    83088    61997    54578    26357    17890    61701    10347    89225    77729    61997    29090    54309    40833    83088    44284    48195    75511    19796    78908    36694    86492    90350    83088    62611    37371    44230    44230    27191    39595    83088    23546    56410    17890    38266    10966    37705    19796    26357    89225    54578    26357    27191    32958    33769    63826    26080    30352    65179    61701    30352    32721    30031    44230    86492    28548    24803    62611    62346    30069    13117    37705    30352    83973    43423    83973    57684    35499    65179    37360    32958    47481    87410    52194    69872    30031    50944    77729    24459    77729    71629    39047    44050    35499    27191    66768    53053    59385    48851    89225    28288    19796    29090    32958    54564    49520    54309    29090    31990    35730    32721    39595    52194    86059    13117    54309    30092    50944    38173    62937    83973    54322    56934    30069    41739    48851    30117    69872    10347    62346    42786    39047    55010    30092 
   11898    51531    58500    17909    48507    55010        0    46850    50658    40236    55243    77390    28772    33122    79460    47837    46850    21418    62004    56316    89389    33122    32057    60539    28581    28772    68863     6949   108840    34313    89056    17779   104710    87818    28772    34905    95664    55842    55842    60937    21014    28772    51531    80136    46850    57680    46618    93490    34313    47837    56316    79460    47837    60937    23709    33730    23562    35882    51631    87407    21418    51631    27241    38865    55842   104710    48872    55560    34905     7840    29678    48659    93490    51631    97298    45391    97298    38467    47166    87407    33481    23709    43637   102846    38273    80746    38865    26964    89389    74213    89389    79383    50658    17909    47166    60937    41925    53802    17082    12562    56316    42264    34313    32057    23709    30393    58500    60539    32057    44981    19152    27241    21014    38273    82935    48659    60539    37045    26964    72184    38653    97298    68509    32850    29678    36996    12562    38929    80746    62004     7840    57991    50658        0    37045 
   56941    39602    30667    38824    35054    17890    46850        0    22880    26967    27465    50263    53613    50959    68862     9013        0    56673    13351    68198    61611    50959    21543    32761    34464    53613    41085    40647    81063    13045    61278    29432    76932    69393    53613    53741    52415    28064    28064    17668    34569    53613     6202    52358        0    53808    19410    43575    13045     9013    68198    68862     9013    17668    31045    21382    58818    15779    24503    48281    56673    24503    25173    14680    28064    76932    21094    15280    53741    53039    38682     4772    43575    24503    78873    27257    78873    47953    19332    48281    25847    31045    61764    75068    41627    52968    14680    58992    61611    23528    61611    52736    22880    38824    19332    17668    57898    35312    54159    43546    68198    14599    13045    21543    31045    45877    30667    32761    21543    46274    44234    25173    34569    41627    64511     4772    32761    44373    58992    28481    51899    78873    41381    45897    38682    56020    43546    18353    52968    13351    53039    26619    22880    46850    44373 
   52887    62077    12598    35029    27422    39047    50658    22880        0    20218     9055    28991    49627    46654   130320    16264    22880    52680    34970    58431    41436    46654    24736    54209    30507    49627    24736    46860    58559    26900    42106    35388    56770    36683    49627    47785   110010     7521     7521    22428    30515    49627    19863    36010    22880   104457    38349    57121    26900    16264    58431   130320    16264    22428    37266    17328    54805    25007    14736    27149    52680    14736    25530    19186     7521    56770    12060    21093    47785    53279    52016    26392    57121    14736    43347    20339    43347    40364     9183    27149    21793    37266   120361    54542    37074    32283    19186    67046    41436    38093    41436    31464        0    35029     9183    22428    51942    19363    50364    39492    58431    12774    26900    24736    37266    39128    12598    54209    24736    60055    50641    25530    30515    37074    39659    26392    54209    58157    67046    28072    47594    43347    21699    41592    52016    70345    39492    14558    32283    34970    53279    15345        0    50658    58157 
   41748    59258    24533    24607    13860    45657    40236    26967    20218        0    26337    46894    28045    25117    78248    20350    26967    38352    39057    53999    59339    25117    18813    32557     7828    28045    39906    38997    79935    24081    59076    27973    74673    46128    28045    26202    69232    25402    25402    32955    20086    28045    23950    51230    26967    65407    35530    66027    24081    20350    53999    78248    20350    32955    31345     8943    33189    19969    23642    39909    38352    23642    18794    16568    25402    74673    20966    27572    26202    43878    46095    30479    66027    23642    58019     6280    58019    21274    13382    39909     7724    31345    94203    72406    15785    50186    16568    61125    59339    46231    59339    49367    20218    24607    13382    32955    30359    13655    36036    28669    53999    15234    24081    18813    31345    20035    24533    32557    18813    55660    44721    18794    20086    15785    48095    30479    32557    53762    61125    43241    26057    58019    39679    20055    46095    62957    28669    11659    50186    39057    43878    19529    20218    40236    53762 
   57514    66635    18248    39614    33256    43632    55243    27465     9055    26337        0    29203    55746    52872   132985    20849    27465    57265    39555    61097    41648    52872    29144    56874    35092    55746    18692    51453    57132    31418    42318    39973    56981    45758    55746    53904   112676     5842     5842    16384    35155    55746    24448    29966    27465   107122    42863    36879    31418    20849    61097   132985    20849    16384    41851    21992    59390    29592     6011    29148    57265     6011    30709    23771     5842    56981    11109    16015    53904    57864    56601    30977    36879     6011    46596    26651    46596    46483    15498    29148    26457    41851   123027    55117    43192    32495    23771    71631    41648    31659    41648    31676     9055    39614    15498    16384    58061    31308    54949    44134    61097    17359    31418    29144    41851    45247    18248    56874    29144    64640    55226    30709    35155    43192    49129    30977    56874    62742    71631    22028    53799    46596    14638    47756    56601    74930    44134    19143    32495    39555    57864    25183     9055    55243    62742 
   79732    81665    35097    61819    49907    66044    77390    50263    28991    46894    29203        0    79204    74866   158060    43646    50263    79464    59447    46497    13167    74866    51581    50719    57255    79204    21834    73705    31392    53745    13769    62226    28488    23808    79204    71483    89641    22194    22194    38669    57360    79204    47341    17057    50263   129716    65194    43265    53745    43646    46497   158060    43646    38669    64104    44173    84336    51938    34178    17066    79464    34178    52374    46123    22194    28488    39053    43759    71483    80067    78860    53774    43265    34178    20390    47184    20390    67634    36027    17066    48638    64104   146397    26623    59515     6398    46123    92051    13167    41686    13167     3912    28991    61819    36027    38669    69502    42301    77103    66337    46497    39020    53745    51581    64104    66319    35097    50719    51581    88602    77633    52374    57360    59515    27234    53774    50719    85073    92051    31628    71359    20390    18459    64076    78860    96720    66337    41250     6398    59447    80067    45578    28991    77390    85073 
   16957    79608    44145    18331    23743    83088    28772    53613    49627    28045    55746    79204        0     4968    90226    46996    53613    12509    63201    63535    89535     4968    31423    59494    24560        0    69366    25904   107009    38836    79396    34629   104856    64660        0     8015   106430    54067    54067    59893    20022        0    50487    80639    53613   102465    74695    92446    38836    46996    63535    90226    46996    59893    40320    32685     8993    36653    50643    64249    12509    50643    26196    38140    54067   104856    47967    54573     8015    22234    57755    56920    92446    50643    71946    27967    71946    13116    42791    64249    31343    40320    80267   102991    17124    76055    38140    56896    89535    73168    89535    81678    49627    18331    42791    59893    17883    29038    14589    25680    63535    41276    38836    31423    40320     8231    44145    59494    31423    70366    48039    26196    20022    17124    57584    56920    59494    62504    56896    72687    13301    71946    65492     8087    57755    64344    25680    37701    76055    63201    22234    33228    49627    28772    62504 
   21504   110008    41215    22681    20813    61997    33122    50959    46654    25117    52872    74866     4968        0    94576    44343    50959    15760    63049    59196    87311        0    36419    54973    21633     4968    66511    30318   104415    42201    77256    38979   102644    60321     4968     4415   110780    51137    51137    59636    24543     4968    47942    77784    50959   105226    53647    92632    42201    44343    59196    94576    44343    59636    44861    32117    12016    39733    50248    59910    15760    50248    30546    40171    51137   102644    47572    54177     4415    26781    61713    54471    92632    50248    69600    25037    69600    10717    39853    59910    28397    44861    84617   100780    12948    73915    40171    60517    87311    73604    87311    77339    46654    22681    39853    59636    13544    26109    18939    30181    59196    40500    42201    36419    44861     8867    41215    54973    36419    74716    52389    30546    24543    12948    55287    54471    54973    66357    60517    69847     6823    69600    61158     5159    61713    68197    30181    36925    73915    63049    26781    30849    46654    33122    66357 
   92517    31324   140157    81835   109961    54578    79460    68862   130320    78248   132985   158060    90226    94576        0    70151    68862    92249    61572   131889   169051    94576    63624   136112    92507    90226   130314    76712   148357    55811   168718    53398   159263   172744    90226    96359    28535   135503   135503   116195    84940    90226    71464   129256    68862    23571    49902   102488    55811    70151   131889        0    70151   116195    47450    69784    90098    60317   129917   172334    92249   129917    91167    64290   135503   159263   126737   117289    96359    82137    32356    64342   102488   129917   182225   114185   182225    99921   128823   172334    97407    47450    12266   160257    99726   160407    64290    33412   169051   104762   169051   144917   130320    81835   128823   116195   103379   115256    89888    76488   131889    74432    55811    63624    47450    91846   140157   136112    63624    25497    37514    91167    84940    99726   167862    64342   136112    25168    33412   115340   100106   182225   146378    94304    32356    20589    76488    70914   160407    61572    82137    86438   130320    79460    25168 
   50325    48070    24050    32207    28437    26357    47837     9013    16264    20350    20849    43646    46996    44343    70151        0     9013    50057    21103    61581    54995    44343    22174    26144    27848    46996    34468    44298    74446    14331    54662    32567    70316    62776    46996    47125    60832    21447    21447    26543    27952    46996     3684    45742     9013    55658    24823    59096    14331        0    61581    70151        0    26543    34697    14766    52201    12514    17886    41664    50057    17886    22967     9475    21447    70316    15210    21816    47125    50660    39968    14001    59096    17886    72257    20640    72257    41336    12715    41664    19231    34697    63053    68451    35011    46351     9475    62644    54995    39818    54995    46120    16264    32207    12715    26543    51282    28695    47542    36929    61581     5228    14331    22174    34697    39261    24050    26144    22174    47563    45520    22967    27952    35011    57894    14001    26144    45659    62644    37790    45283    72257    34765    39280    39968    57306    36929    11736    46351    21103    50660    20002    16264    47837    45659 
   56941    39602    30667    38824    35054    17890    46850        0    22880    26967    27465    50263    53613    50959    68862     9013        0    56673    13351    68198    61611    50959    21543    32761    34464    53613    41085    40647    81063    13045    61278    29432    76932    69393    53613    53741    52415    28064    28064    17668    34569    53613     6202    52358        0    53808    19410    43575    13045     9013    68198    68862     9013    17668    31045    21382    58818    15779    24503    48281    56673    24503    25173    14680    28064    76932    21094    15280    53741    53039    38682     4772    43575    24503    78873    27257    78873    47953    19332    48281    25847    31045    61764    75068    41627    52968    14680    58992    61611    23528    61611    52736    22880    38824    19332    17668    57898    35312    54159    43546    68198    14599    13045    21543    31045    45877    30667    32761    21543    46274    44234    25173    34569    41627    64511     4772    32761    44373    58992    28481    51899    78873    41381    45897    38682    56020    43546    18353    52968    13351    53039    26619    22880    46850    44373 
    9723    71713    57041    21392    36640    61701    21418    56673    52680    38352    57265    79464    12509    15760    92249    50057    56673        0    66262    75563    91411    15760    34489    62560    30602    12509    70884    21900   110862    41902    92880    30178   106732    75950    12509    16707   108453    57863    57863    62959    23088    12509    53553    82157    56673   104574    53351    95512    41902    50057    75563    92249    50057    62959    35692    35751     5446    39714    53704    76278        0    53704    29263    41206    57863   106732    51028    57634    16707    15000    49860    59986    95512    53704    85430    40864    85430    26600    49187    76278    35503    35692    82290   104867    26405    82767    41206    47147    91411    76234    91411    81938    52680    21392    49187    62959    26007    41935     5105    27789    75563    44337    41902    34489    35692    18525    57041    62560    34489    64966    50581    29263    23088    26405    71068    59986    62560    64613    47147    74206    23062    85430    70583    20983    49860    66453    27789    40762    82767    66262    15000    46124    52680    21418    64613 
   66530    32060    42757    50900    47144    10347    62004    13351    34970    39057    39555    59447    63201    63049    61572    21103    13351    66262        0    84672    71580    63049    33374    49770    46554    63201    37787    52478    68913    26789    71686    40343    79819    86402    63201    64113    45335    40154    40154    22653    43878    63201    18292    49812    13351    46265    17960    31105    26789    21103    84672    61572    21103    22653    39952    33472    68406    26690    25800    60371    66262    25800    37004    25614    40154    79819    24001    20251    64113    69012    37063    10174    31105    25800    77367    39347    77367    60043    31422    60371    37937    39952    54475    80813    53717    63375    25614    57938    71580    17861    71580    65032    34970    50900    31422    22653    67930    47402    66235    53134    84672    26676    26789    33374    39952    57967    42757    49770    33374    38984    42797    37004    43878    53717    81520    10174    49770    37086    57938    31676    63989    77367    47725    57987    37063    48733    53134    29937    63375        0    69012    38709    34970    62004    37086 
   75831   148770    40810    40687    47220    89225    56316    68198    58431    53999    61097    46497    63535    59196   131889    61581    68198    75563    84672        0    67924    59196    69516     4223    75190    63535    74716    91640    85397    71680    57785    41046    83245    40855    63535    55813   111580    47412    47412    66914    75295    63535    65276    71062    68198   144016    83129    97972    71680    61581        0   131889    61581    66914    82039    62108    68666    30665    18354    40444    75563    18354    70310    64058    47412    83245    54849    24927    55813    81108    96795    76108    97972    18354    50335    51599    50335    51964    56934    40444    66573    82039   121931    81380    54102    54444    64058   158583    67924    78695    67924    48970    58431    40687    56934    66914    53832    41930    56022    84272        0    18432    71680    69516    82039    61214    40810     4223    69516   111804    95568    70310    75295    54102    35973    76108     4223   103008   158583    78038    55689    50335    35605    56488    96795   167486    84272    59185    54444    84672    81108    44114    58431    56316   103008 
   92177    93350    47587    73760    62352    77729    89389    61611    41436    59339    41648    13167    89535    87311   169051    54995    61611    91411    71580    67924        0    87311    64026    63164    69700    89535    33866    86150    34853    66190     9117    74120    20186    22884    89535    83775   102166    34639    34639    50353    69805    89535    58594    29422    61611   130223    77639    55859    66190    54995    67924   169051    54995    50353    75997    56618    96781    63738    52713    29504    91411    52713    64820    57917    34639    20186    50791    55792    83775    92011    90747    65123    55859    52713    13354    59629    13354    79961    48473    29504    61083    75997   159092    18331    72005    13193    57917   105777        0    53370        0    14055    41436    73760    48473    50353    81830    54791    89095    78782    67924    51505    66190    64026    75997    79012    47587    63164    64026    98786    89373    64820    69805    72005    30873    65123    63164    97518   105777    43313    83804    13354    28791    76521    90747   109165    78782    53289    13193    71580    92011    58023    41436    89389    97518 
   21504   110008    41215    22681    20813    61997    33122    50959    46654    25117    52872    74866     4968        0    94576    44343    50959    15760    63049    59196    87311        0    36419    54973    21633     4968    66511    30318   104415    42201    77256    38979   102644    60321     4968     4415   110780    51137    51137    59636    24543     4968    47942    77784    50959   105226    53647    92632    42201    44343    59196    94576    44343    59636    44861    32117    12016    39733    50248    59910    15760    50248    30546    40171    51137   102644    47572    54177     4415    26781    61713    54471    92632    50248    69600    25037    69600    10717    39853    59910    28397    44861    84617   100780    12948    73915    40171    60517    87311    73604    87311    77339    46654    22681    39853    59636    13544    26109    18939    30181    59196    40500    42201    36419    44861     8867    41215    54973    36419    74716    52389    30546    24543    12948    55287    54471    54973    66357    60517    69847     6823    69600    61158     5159    61713    68197    30181    36925    73915    63049    26781    30849    46654    33122    66357 
   35608    44265    31646    16838    29436    29090    32057    21543    24736    18813    29144    51581    31423    36419    63624    22174    21543    34489    33374    69516    64026    36419        0    65294    14200    31423    42927    26122    81131     9088    64697    14640    79360    70642    31423    36449    56089    30112    30112    35210    13277    31423    24144    54200    21543    50535    20741    68206     9088    22174    69516    63624    22174    35210    16517    10175    36614     6826    25821    49869    34489    25821     6083    10793    30112    79360    23145    29751    36449    38623    31268    23318    68206    25821    79921    23794    79921    31522    21067    49869    14724    16517    56334    76747    26032    54874    10793    46298    64026    49178    64026    54055    24736    16838    21067    35210    40606    36373    32173    22213    69516    16454     9088        0    16517    27352    31646    65294        0    42517    29893     6083    13277    26032    66190    23318    65294    38800    46298    46262    36345    79921    42700    31356    31268    49597    22213    12879    54874    33374    38623    28354    24736    32057    38800 
   71609   144548    33486    44909    42997    54309    60539    32761    54209    32557    56874    50719    59494    54973   136112    26144    32761    62560    49770     4223    63164    54973    65294        0    70967    59494    40055    87418    81175    67458    63835    45269    78498    67640    59494    60123   115803    29250    29250    31965    71072    59494    29744    66840    32761   110249    78907    62913    67458    26144     4223   136112    26144    31965    47146    57885    64685    34887    22577    67230    62560    22577    66087    29067    29250    78498    19901    29150    60123    63160    61897    41192    62913    22577    76920    47376    76920    52703    52711    67230    62350    47146   126154    77157    49412    54012    29067    76927    63164    43885    63164    53193    54209    44909    52711    31965    64280    40109    60244    80049     4223    22655    67458    65294    47146    55423    33486        0    65294   116027    60522    66087    71072    49412    31750    41192        0    68037    76927    43390    51466    76920    39828    52265    61897   133136    80049    24438    54012    49770    63160    39891    54209    60539    68037 
   30994    55740    31236    12952    14650    40833    28581    34464    30507     7828    35092    57255    24560    21633    92507    27848    34464    30602    46554    75190    69700    21633    14200    70967        0    24560    48600    27926    88690    20563    70370    16318    85034    52091    24560    22718    67831    35785    35785    40884     9015    24560    31447    59874    34464    62277    32012    73879    20563    27848    75190    92507    27848    40884    21827    13579    29705    18569    31495    45872    30602    31495    12635    19007    35785    85034    28819    35424    22718    31202    36577    37976    73879    31495    63982    12983    63982    17790    20085    45872     7252    21827    82548    82695    12300    60547    19007    58448    69700    54852    69700    59728    30507    12952    20085    40884    26875    19618    28287    17598    75190    22128    20563    14200    21827    16550    31236    70967    14200    54260    35202    12635     9015    12300    52373    37976    70967    44109    58448    51936    22573    63982    48373    16571    36577    54906    17598    18553    60547    46554    31202    23807    30507    28581    44109 
   16957    79608    44145    18331    23743    83088    28772    53613    49627    28045    55746    79204        0     4968    90226    46996    53613    12509    63201    63535    89535     4968    31423    59494    24560        0    69366    25904   107009    38836    79396    34629   104856    64660        0     8015   106430    54067    54067    59893    20022        0    50487    80639    53613   102465    74695    92446    38836    46996    63535    90226    46996    59893    40320    32685     8993    36653    50643    64249    12509    50643    26196    38140    54067   104856    47967    54573     8015    22234    57755    56920    92446    50643    71946    27967    71946    13116    42791    64249    31343    40320    80267   102991    17124    76055    38140    56896    89535    73168    89535    81678    49627    18331    42791    59893    17883    29038    14589    25680    63535    41276    38836    31423    40320     8231    44145    59494    31423    70366    48039    26196    20022    17124    57584    56920    59494    62504    56896    72687    13301    71946    65492     8087    57755    64344    25680    37701    76055    63201    22234    33228    49627    28772    62504 
   71078    59905    40374    53233    47279    44284    68863    41085    24736    39906    18692    21834    69366    66511   130314    34468    41085    70884    37787    74716    33866    66511    42927    40055    48600    69366        0    65051    40762    45091    33972    53593    44923    41028    69366    67523    68373    19690    19690    17619    48705    69366    38686    12057    41085    69168    51897    24719    45091    34468    74716   130314    34468    17619    55449    35519    72954    43211    19630    34200    70884    19630    43720    37468    19690    44923    24729    22709    67523    71413    71000    30224    24719    19630    39654    40196    39654    60178    29039    34200    39984    55449   120356    43058    56812    25662    37468    83396    33866    19925    33866    22090    24736    53233    29039    17619    71680    47537    68568    57682    74716    30979    45091    42927    55449    58816    40374    40055    42927    73021    68846    43720    48705    56812    44436    30224    40055    71023    83396     9868    67451    39654    10112    61449    71000    82670    57682    32762    25662    37787    71413    38844    24736    68863    71023 
   17573    49008    53770    15104    46392    48195     6949    40647    46860    38997    51453    73705    25904    30318    76712    44298    40647    21900    52478    91640    86150    30318    26122    87418    27926    25904    65051        0   103255    28399    86820    11889   101484    92765    25904    32397    60585    52235    52235    57334    19116    25904    43248    76324    40647    55031    39845    90330    28399    44298    91640    76712    44298    57334    17771    32970    24025    29992    47945    71993    21900    47945    24674    32917    52235   101484    45269    51875    32397    13515    27111    42422    90330    47945   102045    42638   102045    36300    42485    71993    32676    17771    66753    99619    35801    76997    32917    32665    86150    71302    86150    76179    46860    15104    42485    57334    39127    51687    19584     9758    91640    38578    28399    26122    17771    27699    53770    87418    26122    42415    19228    24674    19116    35801    88498    42422    87418    34644    32665    68386    35224   102045    64824    30737    27111    42659     9758    35003    76997    52478    13515    49790    46860     6949    34644 
  109282    96602    65061    93211    79456    75511   108840    81063    58559    79935    57132    31392   107009   104415   148357    74446    81063   110862    68913    85397    34853   104415    81131    81175    88690   107009    40762   103255        0    83295    38306    93571    17052    53806   107009   101249    99499    51543    51543    52699    86910   107009    78045    29256    81063   122494    88594    45869    83295    74446    85397   148357    74446    52699    95448    73723   113575    83189    59608    46978   110862    59608    81924    77369    51543    17052    64706    62687   101249   111462   102227    69967    45869    59608    47106    76733    47106    97435    65577    46978    78188    95448   138399    21316    89479    37631    77369   158188    34853    53332    34853    30388    58559    93211    65577    52699    99304    72265   108546    95887    85397    70956    83295    81131    95448    96486    65061    81175    81131   128272   108824    81924    86910    89479    56784    69967    81175   102249   158188    43274   101144    47106    40751    93626   102227   145381    95887    72740    37631    68913   111462    75128    58559   108840   102249 
   42151    35217    33810    24251    34745    19796    34313    13045    26900    24081    31418    53745    38836    42201    55811    14331    13045    41902    26789    71680    66190    42201     9088    67458    20563    38836    45091    28399    83295        0    66860    16896    81524    72805    38836    42812    46794    32275    32275    29129    19792    38836    15647    56364    13045    41240    11446    55334        0    14331    71680    55811    14331    29129    18773    17892    44027     4504    27985    52033    41902    27985    12639     8455    32275    81524    25309    26507    42812    40879    25639    14821    55334    27985    82085    30220    82085    37885    23340    52033    19968    18773    48713    79659    32395    57037     8455    47505    66190    40801    66190    56219    26900    24251    23340    29129    46969    38537    39586    28771    71680    18618        0     9088    18773    34765    33810    67458     9088    33222    31118    12639    19792    32395    68463    14821    67458    31324    47505    48426    42708    82085    44864    37139    25639    42971    28771    15043    57037    26789    40879    29830    26900    34313    31324 
   93891    94529    37448    73427    52297    78908    89056    61278    42106    59076    42318    13769    79396    77256   168718    54662    61278    92880    71686    57785     9117    77256    64697    63835    70370    79396    33972    86820    38306    66860        0    73787    23145    18916    79396    73636   102272    35309    35309    51532    70475    79396    58261    32876    61278   142831    78309    59201    66860    54662    57785   168718    54662    51532    75664    57288    85963    63405    52819    19365    92880    52819    65490    57584    35309    23145    50458    55898    73636    98406    90414    64790    59201    52819     8143    56676     8143    69822    46551    19365    61753    75664   158759    21784    61866    11109    57584   105444     9117    54550     9117    17729    42106    73427    46551    51532    71691    44652    90564    79452    57785    51172    66860    64697    75664    68873    37448    63835    64697    98453    89040    65490    70475    61866    26988    64790    63835    96555   105444    43767    73749     8143    28897    66467    90414   109835    79452    52956    11109    71686    98406    47968    42106    89056    96555 
   28339    42901    43231     7604    34126    36694    17779    29432    35388    27973    39973    62226    34629    38979    53398    32567    29432    30178    40343    41046    74120    38979    14640    45269    16318    34629    53593    11889    93571    16896    73787        0    89441    81901    34629    34654    54515    40572    40572    45667     7636    34629    36261    64866    29432    49051    28345    78221    16896    32567    41046    53398    32567    45667     6292    21467    34501    18513    36466    60554    30178    36466    13195    21448    40572    89441    33603    40395    34654    24282    21048    31242    78221    36466    91381    33129    91381    29748    31896    60554    21218     6292    44554    87576    24258    65476    21448    34239    74120    58943    74120    64113    35388     7604    31896    45667    47782    39421    27818    12010    41046    27099    16896    14640     6292    21804    43231    45269    14640    36352    19821    13195     7636    24258    77019    31242    45269    28416    34239    56914    34530    91381    53366    28528    21048    37913    12010    23659    65476    40343    24282    39183    35388    17779    28416 
