dep16 0 0 60
**************************************DATA
10 128 480 8 1.33
**************************************DISTANCE
       0    12591    35212    11856    47427    49769    16278    65841    43354    42643    40165    40165    43354    81069    47591    30689    33685    49266    47427    60537    33685    29969     6471     8790    60537    25742    38835    28561    38543    47773    50450    43354    37360    47945    64138    11856    53297     5262    43354     5262    16640    60537     6676    32575    13144    60537    26932    22162    16640    12609    51130    16278    31391    47427    45565    47773    43354    13510    11901    47591    18481    59482    35212    26353    12591    69695    31391    46741    25742    47805     7334    21730    51834     7334    29969    12609    16498    40227    16278    47323    14535    21730    18138    47323    16640    10008    34514    57235    25742    49781    28430    56489    29107     5878    21858     7536    16498    18886    12591    10008    12609    50450    16640    29107    43218    26143    47945    38543    81069    20067    58972     5262    53702    58972     5647    29365    14524     9936    26353     3863    54555    51130    25441    22076    21259     6471    47347    59482    64138 
   12591        0    42525    15839    41280    43732    19203    73240    36863    36580    47602    47602    36863    88416    54905    35190    40021    45779    41280    67819    40021    23727    17807     3925    67819    33753    23899    35878    29005    41709    60109    36863    31000    41939    71420    15839    47567    16573    36863    16573    28768    67819    15513    26167    21120    67819    32661    15980    28768    23747    44944    19203    38816    41280    39573    41709    36863     5997    23187    54905     9800    71637    42525    19966        0    75515    38816    54054    33753    48970    10612    32868    59736    10612    23727    23747    27637    47994    19203    40987    17460    32868    29399    40987    28768    23629    40176    51041    33753    43719    39691    63802    37925    15332    28409    18675    27637     9450        0    23629    23747    60109    28768    37925    52878    33460    41939    29005    88416    31309    66253    16573    47444    66253    15522    36542     8359     6385    19966    10548    61259    44944    23624    25001    30918    17807    53010    71637    71420 
   35212    42525        0    38919    74651    77103    42613    44867    70234    69951    19229    19229    70234    60043    13252    47285     4961    82969    74651    39446     4961    60917    25150    38724    39446    41659    69740    11760    65809    75081    65787    70234    68190    75310    37150    38919    80938    39474    70234    39474    34553    39446    38396    63357    28135    39446    32210    49352    34553    29637    78315    42613    33331    74651    76512    75081    70234    44022    23958    13252    45694    40616        0    53338    42525    39187    33331    15516    41659    86160    34547    16370    67641    34547    60917    29637    17190    40199    42613    74358    40869    16370    15402    74358    34553    22408    46998    84501    41659    77090     9710    49535    16120    32900    14951    41609    17190    53227    42525    22408    29637    65787    34553    16120    58555    11022    75310    65809    60043    20357    31262    39474    80816    31262    27500     9392    41719    40471    53338    34816    32886    78315    51750    48410    36596    25150    52782    40616    37150 
   11856    15839    38919        0    45317    47769     8561    69633    40900    40617    34916    34916    40900    84809    51298    44702    36415    62862    45317    64212    36415    40811    14003    12957    64212    13268    36083    32272    36636    45747    51435    40900    48084    45977    67813        0    51604    19368    40900    19368    30685    64212    18290    43251     8415    64212    43750    20018    30685    26695    48981     8561    25105    45317    56419    45747    40900    23916    25982    51298    16360    57927    38919    24004    15839    71909    25105    50448    13268    66053     8255    35868    46026     8255    40811    26695    19354    27358     8561    45024     5765    35868    31899    45024    30685    20023    48547    55079    13268    47756    42486    50091    24055     7429    24803    21675    19354    23235    15839    20023    26695    51435    30685    24055    37329    29853    45977    36636    84809    34104    62647    19368    40924    62647     9149    32935    12385    11137    24004    14710    57653    48981    17699    14359    14728    14003    61381    57927    67813 
   47427    41280    74651    45317        0     8495    38538   105408    10135     6486    79770    79770    10135   120508    87073    59640    73125    42913        0    99977    73125    47944    51473    39336    99977    52275    25363    68001    18046    11253    63224    10135    31348     7149   103588    45317    11825    52593    10135    52593    56750    99977    51514    35859    53288    99977    63556    27370    56750    59940     3909    38538    70831        0    44716    11253    10135    39476    59196    87073    31069   103805    74651    24484    41280   107683    70831    86180    52275    66225    40094    69061    69325    40094    47944    59940    59384    52455    38538     2995    43930    69061    65408     2995    56750    55600    65366    11051    52275     3105    75761    95928    70093    44795    61298    54868    59384    30357    41280    55600    59940    63224    56750    70093    82658    65582     7149    18046   120508    67398    98421    52593     7976    98421    47690    68805    33525    37298    24484    45767    93994     3909    30519    42865    60698    51473    78200   103805   103588 
   49769    43732    77103    47769     8495        0    40990   107750    12588     6799    82112    82112    12588   122960    89415    57240    75577    37172     8495   102429    75577    46087    53925    41788   102429    54727    21746    70453    14430     7358    62540    12588    25606     4289   105930    47769     3791    55045    12588    55045    59092   102429    53966    29336    55630   102429    66008    29822    59092    62392    12197    40990    73283     8495    38363     7358    12588    41928    61538    89415    33521   106147    77103    26826    43732   110025    73283    88632    54727    59186    42436    71513    68641    42436    46087    62392    61836    54907    40990     7857    46382    71513    67750     7857    59092    58052    61627    18303    54727     9898    78213    98380    72435    47247    63750    57320    61836    32699    43732    58052    62392    62540    59092    72435    85110    68034     4289    14430   122960    69851   100763    55045    14848   100763    50605    71257    35995    39750    26826    48219    96446    12197    32971    45207    63150    53925    74461   106147   105930 
   16278    19203    42613     8561    38538    40990        0    74055    30581    33838    37632    37632    30581    89231    55720    49124    40837    67284    38538    68634    40837    45233    19881    16322    68634    11788    36439    31573    36771    38968    32642    30581    52506    39197    72235     8561    44825    23790    30581    23790    35107    68634    22712    47672    21935    68634    45503    12642    35107    31180    42202        0    21226    38538    61010    38968    30581    28338    30404    55720    16715    60642    42613    19513    19203    76330    21226    54870    11788    70475    12677    40300    48741    12677    45233    31180    27345    21658        0    38245     4220    40300    36321    38245    35107    24445    52969    49165    11788    48009    46908    52806    26770    11956    29225    26107    27345    23591    19203    24445    31180    32642    35107    26770    39047    33544    39197    36771    89231    38638    67069    23790    33086    67069    16338    37357    12130    14502    19513    19518    62075    42202     9861     6199    17087    19881    65918    60642    72235 
   65841    73240    44867    69633   105408   107750    74055        0   101334   100624    26388    26388   101334    16319    48751    95477    39041   110928   105408    11167    39041    91632    55761    69439    11167    49684   100497    39951    96523   105754    46583   101334    99022   105925    16308    69633   111277    70049   101334    70049    81428    11167    68971    94237    55323    11167    75727    80142    81428    77396   109110    74055    41467   105408   107227   105754   101334    75173    63685    48751    76461    18632    44867    84333    73240    26034    41467    37832    49684   116874    65314    55387    41174    65314    91632    77396    56051    48665    74055   105304    72312    55387    55772   105304    81428    54267    99301    99819    49684   107761    58817    27691    37774    63615    48914    72324    56051    83628    73240    54267    77396    46583    81428    37774    37796    41733   105925    96523    16319    59375    20419    70049    97192    20419    58103    46308    72504    70584    84333    65734    14090   109110    68916    58927    50307    55761   112135    18632    16308 
   43354    36863    70234    40900    10135    12588    30581   101334        0     5435    75696    75696        0   116510    82999    51327    68116    45002    10135    95913    68116    39865    46501    34919    95913    40904    22281    63973    14629    10565    52428        0    33437    10795    99514    40900    16423    48508        0    48508    48671    95913    47430    32732    49215    95913    55349    23475    48671    55523    13800    30581    48984    10135    49303    10565        0    30720    55122    82999    26970    78876    70234    20411    36863   103610    48984    82149    40904    63098    36020    64644    58577    36020    39865    55523    54967    45031    30581     9843    39839    64644    61335     9843    48671    51724    55949    19891    40904    12437    71626    71041    66019    40378    56504    50451    54967    22277    36863    51724    55523    52428    48671    66019    78241    61165    10795    14629   116510    62982    94348    48508    11678    94348    43617    64636    29452    32881    20411    41350    89354    13800    22245    30306    56281    46501    69993    78876    99514 
   42643    36580    69951    40617     6486     6799    33838   100624     5435        0    74986    74986     5435   115808    82331    57803    68425    38952     6486    95277    68425    46178    46773    34636    95277    47575    18988    63301    11672     6647    55388     5435    27386     5597    98878    40617    10372    47893     5435    47893    52228    95277    46814    29439    48504    95277    58856    22670    52228    55240    10188    33838    66131     6486    46002     6647     5435    34776    54532    82331    26369    99021    69951    19851    36580   102899    66131    81480    47575    59806    35404    64361    61489    35404    46178    55240    54684    47755    33838     4602    39230    64361    60624     4602    52228    50900    63016    16294    47575     8839    71061    91228    65308    40095    56598    50168    54684    25785    36580    50900    55240    55388    52228    65308    77958    60882     5597    11672   115808    62698    93711    47893    12761    93711    43452    64105    28843    32598    19851    41067    89294    10188    25819    37987    55998    46773    75849    99021    98878 
   40165    47602    19229    34916    79770    82112    37632    26388    75696    74986        0        0    75696    41580    23055    69839    13402    87922    79770    21955    13402    65871    30123    43801    21955    27282    74859    14125    70885    80115    38083    75696    73144    80287    25556    34916    85892    44411    75696    44411    55790    21955    43332    68311    25174    21955    50089    54504    55790    51758    83472    37632    24571    79770    81589    80115    75696    49535    38047    23055    50823    22138    19229    58695    47602    30060    24571    12135    27282    91113    39676    29749    39479    39676    65871    51758    30413    31769    37632    79665    34312    29749    28897    79665    55790    28629    73663    89578    27282    82123    33179    31059    11911    37977    23276    46686    30413    57990    47602    28629    51758    38083    55790    11911    29731    16095    80287    70885    41580    33737    20389    44411    69089    20389    32465    20670    46866    44946    58695    40096    15972    83472    45798    42631    24303    30123    86497    22138    25556 
   40165    47602    19229    34916    79770    82112    37632    26388    75696    74986        0        0    75696    41580    23055    69839    13402    87922    79770    21955    13402    65871    30123    43801    21955    27282    74859    14125    70885    80115    38083    75696    73144    80287    25556    34916    85892    44411    75696    44411    55790    21955    43332    68311    25174    21955    50089    54504    55790    51758    83472    37632    24571    79770    81589    80115    75696    49535    38047    23055    50823    22138    19229    58695    47602    30060    24571    12135    27282    91113    39676    29749    39479    39676    65871    51758    30413    31769    37632    79665    34312    29749    28897    79665    55790    28629    73663    89578    27282    82123    33179    31059    11911    37977    23276    46686    30413    57990    47602    28629    51758    38083    55790    11911    29731    16095    80287    70885    41580    33737    20389    44411    69089    20389    32465    20670    46866    44946    58695    40096    15972    83472    45798    42631    24303    30123    86497    22138    25556 
   43354    36863    70234    40900    10135    12588    30581   101334        0     5435    75696    75696        0   116510    82999    51327    68116    45002    10135    95913    68116    39865    46501    34919    95913    40904    22281    63973    14629    10565    52428        0    33437    10795    99514    40900    16423    48508        0    48508    48671    95913    47430    32732    49215    95913    55349    23475    48671    55523    13800    30581    48984    10135    49303    10565        0    30720    55122    82999    26970    78876    70234    20411    36863   103610    48984    82149    40904    63098    36020    64644    58577    36020    39865    55523    54967    45031    30581     9843    39839    64644    61335     9843    48671    51724    55949    19891    40904    12437    71626    71041    66019    40378    56504    50451    54967    22277    36863    51724    55523    52428    48671    66019    78241    61165    10795    14629   116510    62982    94348    48508    11678    94348    43617    64636    29452    32881    20411    41350    89354    13800    22245    30306    56281    46501    69993    78876    99514 
   81069    88416    60043    84809   120508   122960    89231    16319   116510   115808    41580    41580   116510        0    53493   110653    54216   128826   120508    17987    54216   106775    71007    84615    17987    64860   115673    55127   111699   120938    61938   116510   114048   121101    16667    84809   126795    85225   116510    85225    96648    17987    84253   109214    73993    17987    83857    95318    96648    92572   124286    89231    56643   120508   122403   120938   116510    90349    78480    53493    91637    33651    60043    99195    88416    21841    56643    41308    64860   132017    80404    70563    56316    80404   106775    92572    71227    63841    89231   120215    87488    70563    69801   120215    96648    69443   114477   114995    64860   122937    61374    43046    53001    78791    64090    87500    71227    99084    88416    69443    92572    61938    96648    53001    53152    56909   121101   111699        0    74551    25249    85225   112144    25249    73357    61484    87576    85760    99195    80910    22624   124286    84092    74133    65483    71007   104197    33651    16667 
   47591    54905    13252    51298    87073    89415    55720    48751    82999    82331    23055    23055    82999    53493        0    52791    17574    95348    87073    37410    17574    73297    33491    51104    37410    53459    82162    23715    78188    87418    78167    82999    80570    87590    36429    51298    93318    40163    82999    40163    46341    37410    50635    75737    40515    37410    37704    61807    46341    44767    90775    55720    59108    87073    88892    87418    82999    56837    35613        0    58126    44501    13252    65998    54905    40571    59108    16040    53459    69893    46979    24281    79551    46979    73297    44767    28243    67944    55720    86738    53977    24281    26677    86738    46341    35932    52504    96881    53459    89426    15221    61868    28500    45280    27174    44463    28243    65607    54905    35932    44767    78167    46341    28500    70935    23398    87590    78188    53493    28269    30533    40163    93195    30533    39768    20445    54169    52249    65998    47399    36205    90775    64883    61518    48975    33491    58043    44501    36429 
   30689    35190    47285    44702    59640    57240    49124    95477    51327    57803    69839    69839    51327   110653    52791        0    62258    47286    59640    90056    62258    12361    36017    37897    90056    55339    40307    58158    47741    54382    80047    51327    33336    60300    93656    44702    62380    29772    51327    29772    16578    90056    27789    28503    43357    90056    16391    43802    16578    21149    63305    49124    61052    59640    40485    54382    51327    29193    29381    52791    38555    93874    47285    46696    35190    84186    61052    61684    55339    21839    37916    35275    81973    37916    12361    21149    34452    70231    49124    59347    47517    35275    37157    59347    16578    37821     8966    69214    55339    61760    37855    86086    60161    38684    39148    23627    34452    28710    35190    37821    21149    80047    16578    60161    72815    55740    60300    47741   110653    29310    76261    29772    65805    76261    37759    44229    40041    39950    46696    31595    84151    63305    58287    55058    50855    36017    21799    93874    93656 
   33685    40021     4961    36415    73125    75577    40837    39041    68116    68425    13402    13402    68116    54216    17574    62258        0    81443    73125    33620        0    59391    23624    36221    33620    38576    68213     8226    63305    73555    63283    68116    66664    72707    37254    36415    79412    36831    68116    36831    49265    33620    36870    61831    26609    33620    36055    46924    49265    44178    76789    40837    29834    73125    74008    73555    68116    41954    26643    17574    43243    34790     4961    51811    40021    39291    29834    16328    38576    84633    33021    18878    66115    33021    59391    44178    19874    36702    40837    72832    39094    18878    18086    72832    49265    21049    66083    81997    38576    74543    19144    45992    12623    30396    15695    39106    19874    51701    40021    21049    44178    63283    49265    12623    56052     8515    72707    63305    54216    22866    31366    36831    79289    31366    25973    11480    40193    37366    51811    32516    29999    76789    50000    46884    34092    23624    56394    34790    37254 
   49266    45779    82969    62862    42913    37172    67284   110928    45002    38952    87922    87922    45002   128826    95348    47286    81443        0    42913   108294    81443    34964    64656    48486   108294    73500    28050    76319    34748    35178    98207    45002    15066    42025   111895    62862    41985    54499    45002    54499    55247   108294    48193    16182    60902   108294    61875    52890    55247    59818    46616    67284    79149    42913     5586    35178    45002    39782    61138    95348    46656   107239    82969    50071    45779   117452    79149    94498    73500    32049    55982    70967    99592    55982    34964    59818    65736    87985    67284    42809    65541    70967    67376    42809    55247    63917    49729    52721    73500    45267    77667   104246    75613    56844    69616    56774    65736    36910    45779    63917    59818    98207    55247    75613    90976    73900    42025    34748   128826    69305   106729    54499    49189   106729    57919    77123    48190    50539    50071    49756   102312    46616    76447    73082    69016    64656    52642   107239   111895 
   47427    41280    74651    45317        0     8495    38538   105408    10135     6486    79770    79770    10135   120508    87073    59640    73125    42913        0    99977    73125    47944    51473    39336    99977    52275    25363    68001    18046    11253    63224    10135    31348     7149   103588    45317    11825    52593    10135    52593    56750    99977    51514    35859    53288    99977    63556    27370    56750    59940     3909    38538    70831        0    44716    11253    10135    39476    59196    87073    31069   103805    74651    24484    41280   107683    70831    86180    52275    66225    40094    69061    69325    40094    47944    59940    59384    52455    38538     2995    43930    69061    65408     2995    56750    55600    65366    11051    52275     3105    75761    95928    70093    44795    61298    54868    59384    30357    41280    55600    59940    63224    56750    70093    82658    65582     7149    18046   120508    67398    98421    52593     7976    98421    47690    68805    33525    37298    24484    45767    93994     3909    30519    42865    60698    51473    78200   103805   103588 
   60537    67819    39446    64212    99977   102429    68634    11167    95913    95277    21955    21955    95913    17987    37410    90056    33620   108294    99977        0    33620    86243    50476    64018        0    48477    95065    34530    91102   100407    50526    95913    93516   100504     9368    64212   106264    64628    95913    64628    76117        0    63722    88683    53461        0    68052    74721    76117    71975   103641    68634    40259    99977   101806   100407    95913    69752    57949    37410    71040    21713    39446    78663    67819    20323    40259    22967    48477   111485    59873    49966    45407    59873    86243    71975    50630    47102    68634    99684    66891    49966    49269    99684    76117    48846    93880    98611    48477   102340    45569    31634    35342    58194    43493    66903    50630    78553    67819    48846    71975    50526    76117    35342    41739    36312   100504    91102    17987    53954    11061    64628    95735    11061    52825    40887    67044    65163    78663    60313     6061   103641    67709    57725    48162    50476    88391    21713     9368 
   33685    40021     4961    36415    73125    75577    40837    39041    68116    68425    13402    13402    68116    54216    17574    62258        0    81443    73125    33620        0    59391    23624    36221    33620    38576    68213     8226    63305    73555    63283    68116    66664    72707    37254    36415    79412    36831    68116    36831    49265    33620    36870    61831    26609    33620    36055    46924    49265    44178    76789    40837    29834    73125    74008    73555    68116    41954    26643    17574    43243    34790     4961    51811    40021    39291    29834    16328    38576    84633    33021    18878    66115    33021    59391    44178    19874    36702    40837    72832    39094    18878    18086    72832    49265    21049    66083    81997    38576    74543    19144    45992    12623    30396    15695    39106    19874    51701    40021    21049    44178    63283    49265    12623    56052     8515    72707    63305    54216    22866    31366    36831    79289    31366    25973    11480    40193    37366    51811    32516    29999    76789    50000    46884    34092    23624    56394    34790    37254 
   29969    23727    60917    40811    47944    46087    45233    91632    39865    46178    65871    65871    39865   106775    73297    12361    59391    34964    47944    86243    59391        0    42604    26435    86243    51448    28682    54267    35380    42757    76156    39865    20976    48462    89844    40811    50019    29725    39865    29725    16531    86243    26142    16142    38850    86243    23241    32388    16531    21102    51647    45233    57097    47944    27508    42757    39865    17731    26665    73297    27093    85188    60917    36218    23727    95401    57097    72446    51448    26141    33931    37759    77540    33931        0    21102    34404    65933    45233    47840    43490    37759    35727    47840    16531    41866    18087    57752    51448    50298    44264    82195    56316    34792    47564    23580    34404    17347    23727    41866    21102    76156    16531    56316    68924    51849    48462    35380   106775    29313    84677    29725    54219    84677    35867    55071    28627    28487    36218    27705    80260    51647    54396    51031    46964    42604    30920    85188    89844 
    6471    17807    25150    14003    51473    53925    19881    55761    46501    46773    30123    30123    46501    71007    33491    36017    23624    64656    51473    50476    23624    42604        0    14006    50476    22300    45667    18500    41690    51903    47008    46501    49877    51092    53941    14003    57760    10589    46501    10589    20831    50476    13674    45044     9822    50476    26311    25309    20831    15418    54277    19881    27949    51473    52397    51903    46501    20343    11565    33491    21628    51510    25150    30160    17807    58036    27949    36679    22300    51974    11369    18646    48392    11369    42604    15418     5877    36785    19881    51180    18138    18646    15361    51180    20831     3674    39842    60382    22300    52928    25346    53047    21102     8267     9117    12864     5877    24851    17807     3674    15418    47008    20831    21102    39776    16081    51092    41690    71007    16983    48774    10589    57637    48774     5319    13920    18541    16391    30160    10861    44493    54277    29044    30097    17817        0    46651    51510    53941 
    8790     3925    38724    12957    39336    41788    16322    69439    34919    34636    43801    43801    34919    84615    51104    37897    36221    48486    39336    64018    36221    26435    14006        0    64018    29952    25432    32077    30655    39766    53999    34919    33708    39996    67619    12957    45623    13732    34919    13732    25049    64018     8842    28874    17319    64018    35268    14037    25049    21060    43001    16322    35015    39336    42042    39766    34919     8704    20347    51104    10782    67836    38724    18023     3925    71714    35015    50254    29952    51677     7731    30028    55935     7731    26435    21060    23574    44194    16322    39044    14579    30028    26559    39044    25049    19829    42884    49098    29952    41775    36851    60001    34124    12152    24608    15835    23574    12157     3925    19829    21060    53999    25049    34124    46767    29659    39996    30655    84615    28469    62452    13732    45501    62452    11721    32741     6404     3503    18023     7707    57458    43001    21670    22120    24637    14006    55717    67836    67619 
   60537    67819    39446    64212    99977   102429    68634    11167    95913    95277    21955    21955    95913    17987    37410    90056    33620   108294    99977        0    33620    86243    50476    64018        0    48477    95065    34530    91102   100407    50526    95913    93516   100504     9368    64212   106264    64628    95913    64628    76117        0    63722    88683    53461        0    68052    74721    76117    71975   103641    68634    40259    99977   101806   100407    95913    69752    57949    37410    71040    21713    39446    78663    67819    20323    40259    22967    48477   111485    59873    49966    45407    59873    86243    71975    50630    47102    68634    99684    66891    49966    49269    99684    76117    48846    93880    98611    48477   102340    45569    31634    35342    58194    43493    66903    50630    78553    67819    48846    71975    50526    76117    35342    41739    36312   100504    91102    17987    53954    11061    64628    95735    11061    52825    40887    67044    65163    78663    60313     6061   103641    67709    57725    48162    50476    88391    21713     9368 
   25742    33753    41659    13268    52275    54727    11788    49684    40904    47575    27282    27282    40904    64860    53459    55339    38576    73500    52275    48477    38576    51448    22300    29952    48477        0    60270    23117    43837    52705    31959    40904    58721    52934    57682    13268    58562    30005    40904    30005    41322    48477    28927    53888    14593    48477    52233    26379    41322    37910    55939    11788     9682    52275    67740    52705    40904    34553    36619    53459    23793    45925    41659    29577    33753    60111     9682    38742        0    76690    25078    40468    34024    25078    51448    37910    26391    14220    11788    51982     8990    40468    34059    51982    41322    22183    59184    59234        0    55075    42782    38089    18756    18045    26963    32837    26391    43758    33753    22183    37910    31959    41322    18756    24727    32590    52934    43837    64860    45368    50849    30005    43150    50849    16370    35096    19208    22779    29577    26248    43360    55939    19925    14554     5315    22300    72648    45925    57682 
   38835    23899    69740    36083    25363    21746    36439   100497    22281    18988    74859    74859    22281   115673    82162    40307    68213    28050    25363    95065    68213    28682    45667    25432    95065    60270        0    63089     8191    15567    63087    22281    13665    24366    98677    36083    32226    41270    22281    41270    39421    95065    34841    11943    48377    95065    48646    26332    39421    46589    29111    36439    65919    25363    28506    15567    22281    26553    47847    82162    22775    98894    69740    23259    23899   102772    65919    81269    60270    42310    31212    57738    86993    31212    28682    46589    52506    74755    36439    25070    34696    57738    54060    25070    39421    50688    45520    33347    60270    27762    64438    91017    65182    43615    56386    43545    52506    13845    23899    50688    46589    63087    39421    65182    77746    60671    24366     8191   115673    56075    93510    41270    29305    93510    42779    63893    24644    27176    23259    29654    89083    29111    33518    41640    55787    45667    58354    98894    98677 
   28561    35878    11760    32272    68001    70453    31573    39951    63973    63301    14125    14125    63973    55127    23715    58158     8226    76319    68001    34530     8226    54267    18500    32077    34530    23117    63089        0    59162    68431    42708    63973    61540    68660    38131    32272    74288    32824    63973    32824    44141    34530    31746    56707    21485    34530    40698    42702    44141    40035    71665    31573    23063    68001    69865    68431    63973    37811    25973    23715    39043    35700    11760    46687    35878    42226    23063    22259    23117    79509    27897    22280    49805    27897    54267    40035    18689    29931    31573    67708    34219    22280    22243    67708    44141    16906    61940    77854    23117    70399    20173    44620     3674    26253    11668    34962    18689    46577    35878    16906    40035    42708    44141     3674    35476     4371    68660    59162    55127    26268    32964    32824    74165    32964    20849    11155    35069    33223    46687    28373    27028    71665    39739    32973    18244    18500    74773    35700    38131 
   38543    29005    65809    36636    18046    14430    36771    96523    14629    11672    70885    70885    14629   111699    78188    47741    63305    34748    18046    91102    63305    35380    41690    30655    91102    43837     8191    59162        0     8251    55443    14629    18043    17061    94703    36636    17298    43697    14629    43697    41194    91102    32760    18642    44404    91102    55335    18664    41194    53278    21710    36771    62099    18046    35195     8251    14629    23243    50311    78188    22159    94920    65809    15600    29005    98799    62099    77338    43837    49008    31209    64427    61285    31209    35380    53278    50703    47740    36771    17753    35028    64427    56524    17753    41194    46913    52363    25585    43837    20485    66815    87085    61208    35929    51693    50234    50703    17078    29005    46913    53278    55443    41194    61208    73976    56743    17061        0   111699    62765    89537    43697    21988    89537    38806    59825    24641    28386    15600    36917    84543    21710    24954    33981    52017    41690    65197    94920    94703 
   47773    41709    75081    45747    11253     7358    38968   105754    10565     6647    80115    80115    10565   120938    87418    54382    73555    35178    11253   100407    73555    42757    51903    39766   100407    52705    15567    68431     8251        0    60518    10565    23612    10365   103933    45747     9774    53023    10565    53023    53496   100407    49039    26018    53634   100407    62721    27800    53496    60370    14956    38968    71261    11253    42581        0    10565    40628    59541    87418    31498   104151    75081    24830    41709   108029    71261    86610    52705    56385    40439    69491    66619    40439    42757    60370    59814    52885    38968    10087    44360    69491    65754    10087    53496    56029    59595    21005    52705    13607    76191    96358    70438    45225    61728    55298    59814    27088    41709    56029    60370    60518    53496    70438    83088    66012    10365     8251   120938    67828    98767    53023    17548    98767    48582    69235    33973    37728    24830    46197    94424    14956    30949    43211    61128    51903    72429   104151   103933 
   50450    60109    65787    51435    63224    62540    32642    46583    52428    55388    38083    38083    52428    61938    78167    80047    63283    98207    63224    50526    63283    76156    47008    53999    50526    31959    63087    42708    55443    60518        0    52428    83429    60747    55667    51435    66375    54713    52428    54713    66030    50526    53634    78595    39300    50526    79095    42918    66030    62040    63091    32642    20554    63224    91764    60518    52428    59261    61327    78167    44461    28091    65787    41359    60109    64618    20554    50257    31959   101398    49786    71860     6198    49786    76156    62040    50636    17191    32642    63120    42958    71860    58767    63120    66030    46891    83892    59279    31959    64723    67490    20256    44237    47594    51671    64229    50636    68466    60109    46891    62040        0    66030    44237    14972    56722    60747    55443    61938    69449    55356    54713    56703    55356    44009    59804    45092    55709    41359    50055    46979    63091    31707    27232    29463    47008    96726    28091    55667 
   43354    36863    70234    40900    10135    12588    30581   101334        0     5435    75696    75696        0   116510    82999    51327    68116    45002    10135    95913    68116    39865    46501    34919    95913    40904    22281    63973    14629    10565    52428        0    33437    10795    99514    40900    16423    48508        0    48508    48671    95913    47430    32732    49215    95913    55349    23475    48671    55523    13800    30581    48984    10135    49303    10565        0    30720    55122    82999    26970    78876    70234    20411    36863   103610    48984    82149    40904    63098    36020    64644    58577    36020    39865    55523    54967    45031    30581     9843    39839    64644    61335     9843    48671    51724    55949    19891    40904    12437    71626    71041    66019    40378    56504    50451    54967    22277    36863    51724    55523    52428    48671    66019    78241    61165    10795    14629   116510    62982    94348    48508    11678    94348    43617    64636    29452    32881    20411    41350    89354    13800    22245    30306    56281    46501    69993    78876    99514 
   37360    31000    68190    48084    31348    25606    52506    99022    33437    27386    73144    73144    33437   114048    80570    33336    66664    15066    31348    93516    66664    20976    49877    33708    93516    58721    13665    61540    18043    23612    83429    33437        0    30459    97117    48084    30236    39721    33437    39721    37507    93516    33415     4847    46123    93516    44217    36184    37507    42078    35050    52506    64370    31348    15571    23612    33437    25004    46360    80570    33038    92461    68190    33365    31000   102674    64370    79719    58721    34433    41204    56189    84813    41204    20976    42078    50957    73206    52506    31243    50763    56189    52597    31243    37507    49139    37724    41156    58721    33701    62889    89468    63707    42065    54837    41996    50957    24404    31000    49139    42078    83429    37507    63707    76197    59122    30459    18043   114048    54526    91950    39721    37623    91950    43140    62344    34572    35760    33365    34978    87533    35050    43370    58304    54237    49877    50558    92461    97117 
   47945    41939    75310    45977     7149     4289    39197   105925    10795     5597    80287    80287    10795   121101    87590    60300    72707    42025     7149   100504    72707    48462    51092    39996   100504    52934    24366    68660    17061    10365    60747    10795    30459        0   104105    45977     5765    53252    10795    53252    57268   100504    52020    34817    53805   100504    64216    28066    57268    60599     8357    39197    71501     7149    43386    10365    10795    40135    59713    87590    31728   104322    75310    25001    41939   108200    71501    86840    52934    64039    40611    69720    66833    40611    48462    60599    60043    53287    39197     5522    44430    69720    65925     5522    57268    56259    66026    15951    52934     5001    76217    96588    70610    45454    61957    55527    60043    30874    41939    56259    60599    60747    57268    70610    83317    66242        0    17061   121101    68058    98938    53252    12514    98938    48207    69464    34043    37957    25001    46426    94653     8357    31178    43383    61358    51092    78859   104322   104105 
