dep82 0 0 60
**************************************DATA
6 78 480 8 1.33
**************************************DISTANCE
       0    17130    31153    30911    10225    19953    42852    11919    24550    49342    59257    22818    38083    59689    41662    40952    33448    41229    33448    25680    47848    59257    18565    71352    41229    45022    28744    24550     6945    10225    77663    22818    47198    33448    71352    63139    43474    84699    22818    36519    53693    61844    53693    84699    61844    19953    32802    38494    47198     9261    32802    10471    57585    30911    43474    12892     9261    36174    52986     7731     7961    71352    25680    44593    61844    71352    11466    47198    60431    44593    45022    49342    36174    38083    12480    44593    59779    50399    17130 
   17130        0    42107    45283    24022    36064    57225    29028    38460    63714    73629    37191    52456    74062    34760    55324    47820    37003    47820    23106    62220    73629    22259    85725    37003    41389    35871    38460    13039    24022    92036    37191    46653    47820    85725    60697    40114    99071    37191    50820    51076    76216    51076    99071    76216    36064    21849    52866    46653     7916    21849    28112    71957    45283    40114    30533     7916    50547    67358    15475    26742    85725    23106    59339    76216    85725    18632    46653    74803    59339    41389    63714    50547    52456    24869    59339    74152    64771        0 
   31153    42107        0    18089    22756    12865    33859    35104     9421    40343    43495    18389    18403    50691    34049    18788    33777    19181    33777    28020    28413    43495    24285    42851    19181    24157     7932     9421    32089    22756    82112    18389    24780    33777    42851    47377     3642    76154    18389    37191    37891    46000    37891    76154    46000    12865    41696    38823    24780    36842    41696    33607    23498    18089     3642    28293    36842     7222    45539    30081    33277    42851    28020    45265    46000    42851    24315    24780    30168    45265    24157    40343     7222    18403    18297    45265    51142    28235    42107 
   30911    45283    18089        0    26176    17364    16945    33689    19108    23415    77516     9892    10395    33762    51780    30802    17283    36806    17283    36979    40427    77516    29907    54865    36806    39137    23353    19108    32441    26176    51737     9892    41314    17283    54865    81399    21703    59240     9892    15906    71912    80022    71912    59240    80022    17364    58415    22329    41314    37842    58415    27185    29404        0    21703    20094    37842    16943    22554    33345    31862    54865    36979    29512    80022    54865    35410    41314    46582    29512    39137    23415    16943    10395    23730    29512    33380    40249    45283 
   10225    24022    22756    26176        0    12729    38118    15570    15005    44607    57515    18084    33349    54955    38659    39210    28713    39488    28713    22677    46107    57515    16883    69611    39488    43280    16520    15005    11844        0    72929    18084    45456    28713    69611    61398    20763    79964    18084    29651    50651    60102    50651    79964    60102    12729    34295    33759    45456    17275    34295    14122    47692    26176    20763    17079    17275    31440    48251    12084    13742    69611    22677    40232    60102    69611     9774    45456    58689    40232    43280    44607    31440    33349     8162    40232    55045    48657    24022 
   19953    36064    12865    17364    12729        0    37858    22090     5850    44213    45972     8813    26334    54560    35366    24011    24036    20498    24036    24816    33698    45972    18242    54962    20498    25792     6628     5850    26045    12729    72534     8813    32427    24036    54962    49854    10872    80537     8813    27533    40368    48477    40368    80537    48477        0    35653    29082    32427    30799    35653    20019    35597    17364    10872    16460    30799    19321    35799    24038    20263    54962    24816    35607    48477    54962    18272    32427    37815    35607    25792    44213    19321    26334     9900    35607    54651    34333    36064 
   42852    57225    33859    16945    38118    37858        0    44829    39428     7359    89662    24872    15528    17706    71095    71357    13460    69590    13460    55113    78253    89662    46996    59039    69590    75427    43855    39428    43991    38118    35680    24872    77603    13460    59039    93544    48098    42716    24872    10733    83854    92249    83854    42716    92249    37858    70357    18535    77603    49422    70357    38325    35425    16945    48098    35425    49422    31812    10269    45286    43001    59039    55113    16872    92249    59039    46973    77603    90836    16872    75427     7359    31812    15528    41865    16872    15709    55544    57225 
   11919    29028    35104    33689    15570    22090    44829        0    27007    51354    66892    21259    42659    61702    50183    48353    35488    47024    35488    34889    57615    66892    28315    85714    47024    54789    28867    27007    16717    15570    73684    21259    54457    35488    85714    70775    33111    81056    21259    38975    61288    69397    61288    81056    69397    22090    42691    27189    54457    22119    42691     7574    53485    33689    33111    10018    22119    37208    40477    17621     4244    85714    34889    33572    69397    85714    21195    54457    59845    33572    54789    51354    37208    42659    22216    33572    61792    57794    29028 
   24550    38460     9421    19108    15005     5850    39428    27007        0    45917    48334    10353    25501    56265    38776    25885    25741    24378    25741    23475    29757    48334    22148    49948    24378    28763     6529        0    26169    15005    74239    10353    29106    25741    49948    52216     8768    81274    10353    28741    42898    50921    42898    81274    50921     5850    39981    30787    29106    31600    39981    21723    30611    19108     8768    18286    31600    14359    37503    27905    25179    49948    23475    37259    50921    49948    22139    29106    34295    37259    28763    45917    14359    25501    16135    37259    56355    35333    38460 
   49342    63714    40343    23415    44607    44213     7359    51354    45917        0    95947    31628    21998    10341    75354    77409    16985    76079    16985    60060    83431    95947    53486    77872    76079    81967    50163    45917    50872    44607    28322    31628    83512    16985    77872    99830    54406    35348    31628    12766    90343    98453    90343    35348    98453    44213    76846    20567    83512    56273    76846    45839    55918    23415    54406    42308    56273    37531     9505    51776    55007    77872    60060    18905    98453    77872    53841    83512    88900    18905    81967        0    37531    21998    47609    18905    10806    74378    63714 
   59257    73629    43495    77516    57515    45972    89662    66892    48334    95947        0    69424    61419   106295    26359    38845    80053    24104    80053    41004    23608        0    45313    42940    24104    23712    42068    48334    60787    57515   124269    69424    17172    80053    42940     4811    41367   131305    69424    83808    11874     3888    11874   131305     3888    45972    39142    85099    17172    66347    39142    65445    46553    77516    41367    68446    66347    50277    99591    61691    64962    42940    41004    91883     3888    42940    50100    17172    13746    91883    23712    95947    50277    61419    47295    91883   106385    29363    73629 
   22818    37191    18389     9892    18084     8813    24872    21259    10353    31628    69424        0    18862    41975    43021    30278    15913    28468    15913    27727    40808    69424    21153    55159    28468    33937    14598    10353    24349    18084    64249        0    56989    15913    55159    73307    18842    71020        0    19097    63820    71929    63820    71020    71929     8813    50323    20960    56989    29750    50323    15744    35794     9892    18842    11619    29750    19518    27676    25252    17704    55159    27727    27171    71929    55159    27318    56989    62377    27171    33937    31628    19518    18862    15178    27171    42065    40630    37191 
   38083    52456    18403    10395    33349    26334    15528    42659    25501    21998    61419    18862        0    32345    51974    30847    17655    37106    17655    48801    40472    61419    42227    50092    37106    39183    25569    25501    39614    33349    50319    18862    41221    17655    50092    65302    22002    57823    18862    14489    55815    55102    55815    57823    55102    26334    65588    22701    41221    45015    65588    36155    24020    10395    22002    31050    45015    20661    21136    40517    40831    50092    48801    28094    55102    50092    42583    41221    46609    28094    39183    21998    20661        0    32700    28094    31963    40294    52456 
   59689    74062    50691    33762    54955    54560    17706    61702    56265    10341   106295    41975    32345        0    85702    87756    24065    86427    24065    70407    95926   106295    63833    88220    86427    93099    60510    56265    61219    54955    17974    41975    93859    24065    88220   110177    64754    25007    41975    20691   100691   108800   100691    25007   108800    54560    87193    22863    93859    66621    87193    56187    66265    33762    64754    52656    66621    47878    14957    62123    65354    88220    70407    24528   108800    88220    64188    93859    99247    24528    93099    10341    47878    32345    57957    24528    17650    84725    74062 
   41662    34760    34049    51780    38659    35366    71095    50183    38776    75354    26359    43021    51974    85702        0    29145    59460    16364    59460    16361    30127    26359    23690    59546    16364    16675    31864    38776    41476    38659   103676    43021    21940    59460    59546    26798    32086   113774    43021    65241    17177    28864    17177   113774    28864    35366    13726    64506    21940    40317    13726    48736    45748    51780    32086    49879    40317    40913    78998    39469    46098    59546    16361    73316    28864    59546    33702    21940    27589    73316    16675    75354    40913    51974    29728    73316    85792    38592    34760 
   40952    55324    18788    30802    39210    24011    71357    48353    25885    77409    38845    30278    30847    87756    29145        0    45666    18134    45666    26972     9592    38845    25392    31456    18134    12525    18191    25885    42482    39210   105730    30278    14558    45666    31456    42727    14409   114036    30278    65503    33240    28438    33240   114036    28438    24011    39943    50712    14558    47883    39943    46906    17670    30802    14409    50141    47883    16094    81053    43386    46423    31456    26972    73577    28438    31456    30853    14558    19946    73577    12525    77409    16094    30847    27647    73577    59099    10502    55324 
   33448    47820    33777    17283    28713    24036    13460    35488    25741    16985    80053    15913    17655    24065    59460    45666        0    60185        0    44166    68913    80053    37592    70546    60185    66086    29986    25741    34978    28713    50436    15913    67618        0    70546    83936    34230    57446    15913     5523    74449    82559    74449    57446    82559    24036    60952     5882    67618    40379    60952    28984    51182    17283    34230    26414    40379    34905    13838    35882    33661    70546    44166    13597    82559    70546    37947    67618    73006    13597    66086    16985    34905    17655    31715    13597    27667    55106    47820 
   41229    37003    19181    36806    39488    20498    69590    47024    24378    76079    24104    28468    37106    86427    16364    18134    60185        0    60185    15400    19803    24104    16009    48534        0     6351    16594    24378    41047    39488   104401    28468    11616    60185    48534    27986    17054   111436    28468    65781    17528    26691    17528   111436    26691    20498    25489    65231    11616    46478    25489    45576    34767    36806    17054    48551    46478    25964    79723    31027    45094    48534    15400    73855    26691    48534    24612    11616    16804    73855     6351    76079    25964    37106    21807    73855    86517    27581    37003 
   33448    47820    33777    17283    28713    24036    13460    35488    25741    16985    80053    15913    17655    24065    59460    45666        0    60185        0    44166    68913    80053    37592    70546    60185    66086    29986    25741    34978    28713    50436    15913    67618        0    70546    83936    34230    57446    15913     5523    74449    82559    74449    57446    82559    24036    60952     5882    67618    40379    60952    28984    51182    17283    34230    26414    40379    34905    13838    35882    33661    70546    44166    13597    82559    70546    37947    67618    73006    13597    66086    16985    34905    17655    31715    13597    27667    55106    47820 
   25680    23106    28020    36979    22677    24816    55113    34889    23475    60060    41004    27727    48801    70407    16361    26972    44166    15400    44166        0    33869    41004     7709    57373    15400    25029    19400    23475    25494    22677    88381    27727    30294    44166    57373    41443    25636    97792    27727    49260    31822    43510    31822    97792    43510    24816    11743    49212    30294    30247    11743    33441    44037    36979    25636    33898    30247    34463    63704    23487    30804    57373        0    57334    43510    57373    17721    30294    35552    57334    25029    60060    34463    48801    14434    57334    70497    36420    23106 
   47848    62220    28413    40427    46107    33698    78253    57615    29757    83431    23608    40808    40472    95926    30127     9592    68913    19803    68913    33869        0    23608    32289    38961    19803    14108    26849    29757    49378    46107   111753    40808     9226    68913    38961    27490    23066   120932    40808    72400    19242    20334    19242   120932    20334    33698    43369    72583     9226    54780    43369    56134    31215    40427    23066    57038    54780    25719    80715    50282    53513    38961    33869    80474    20334    38961    37750     9226     8073    80474    14108    83431    25719    40472    35085    80474    76749    12134    62220 
   59257    73629    43495    77516    57515    45972    89662    66892    48334    95947        0    69424    61419   106295    26359    38845    80053    24104    80053    41004    23608        0    45313    42940    24104    23712    42068    48334    60787    57515   124269    69424    17172    80053    42940     4811    41367   131305    69424    83808    11874     3888    11874   131305     3888    45972    39142    85099    17172    66347    39142    65445    46553    77516    41367    68446    66347    50277    99591    61691    64962    42940    41004    91883     3888    42940    50100    17172    13746    91883    23712    95947    50277    61419    47295    91883   106385    29363    73629 
   18565    22259    24285    29907    16883    18242    46996    28315    22148    53486    45313    21153    42227    63833    23690    25392    37592    16009    37592     7709    32289    45313        0    55793    16009    20395    18048    22148    18402    16883    81807    21153    25660    37592    55793    49195    22292    88843    21153    42124    31570    47900    31570    88843    47900    18242    18001    42638    25660    22074    18001    26867    42025    29907    22292    25957    22074    30779    57130    16351    24230    55793     7709    49110    47900    55793    10665    25660    30848    49110    20395    53486    30779    42227     7860    49110    63923    34840    22259 
   71352    85725    42851    54865    69611    54962    59039    85714    49948    77872    42940    55159    50092    88220    59546    31456    70546    48534    70546    57373    38961    42940    55793        0    48534    49885    50017    49948    72882    69611   106194    55159    39014    70546        0    46822    46450   113307    55159    63255    51803    39066    51803   113307    39066    54962    70344    75593    39014    78284    70344    70377    27263    54865    46450    65069    78284    39262    83101    73786    83784        0    57373    75617    39066        0    66400    39014    36200    75617    49885    77872    39262    50092    60394    75617    72846    31514    85725 
   41229    37003    19181    36806    39488    20498    69590    47024    24378    76079    24104    28468    37106    86427    16364    18134    60185        0    60185    15400    19803    24104    16009    48534        0     6351    16594    24378    41047    39488   104401    28468    11616    60185    48534    27986    17054   111436    28468    65781    17528    26691    17528   111436    26691    20498    25489    65231    11616    46478    25489    45576    34767    36806    17054    48551    46478    25964    79723    31027    45094    48534    15400    73855    26691    48534    24612    11616    16804    73855     6351    76079    25964    37106    21807    73855    86517    27581    37003 
   45022    41389    24157    39137    43280    25792    75427    54789    28763    81967    23712    33937    39183    93099    16675    12525    66086     6351    66086    25029    14108    23712    20395    49885     6351        0    21852    28763    46552    43280   110289    33937     5444    66086    49885    27594    22073   118106    33937    69574    17097    19324    17097   118106    19324    25792    29917    71119     5444    51954    29917    53308    29140    39137    22073    54211    51954    24430    77889    35412    50687    49885    25029    77648    19324    49885    29646     5444    10832    77648        0    81967    24430    39183    26981    77648    90686    21965    41389 
   28744    35871     7932    23353    16520     6628    43855    28867     6529    50163    42068    14598    25569    60510    31864    18191    29986    16594    29986    19400    26849    42068    18048    50017    16594    21852        0     6529    25852    16520    78484    14598    26199    29986    50017    45951     5939    85520    14598    33530    36464    45369    36464    85520    45369     6628    35460    35032    26199    30605    35460    25969    30665    23353     5939    22457    30605    14427    41748    23845    27040    50017    19400    41604    45369    50017    18079    26199    33911    41604    21852    50163    14427    25569    12060    41604    60600    27638    35871 
   24550    38460     9421    19108    15005     5850    39428    27007        0    45917    48334    10353    25501    56265    38776    25885    25741    24378    25741    23475    29757    48334    22148    49948    24378    28763     6529        0    26169    15005    74239    10353    29106    25741    49948    52216     8768    81274    10353    28741    42898    50921    42898    81274    50921     5850    39981    30787    29106    31600    39981    21723    30611    19108     8768    18286    31600    14359    37503    27905    25179    49948    23475    37259    50921    49948    22139    29106    34295    37259    28763    45917    14359    25501    16135    37259    56355    35333    38460 
    6945    13039    32089    32441    11844    26045    43991    16717    26169    50872    60787    24349    39614    61219    41476    42482    34978    41047    34978    25494    49378    60787    18402    72882    41047    46552    25852    26169        0    11844    79193    24349    48728    34978    72882    64669    30096    86229    24349    38137    55311    63374    55311    86229    63374    26045    26170    40024    48728     7847    26170    15270    58992    32441    30096    17709     7847    37705    54516     2861    12632    72882    25494    46211    63374    72882     8614    48728    61961    46211    46552    50872    37705    39614    14851    46211    61310    51929    13039 
   10225    24022    22756    26176        0    12729    38118    15570    15005    44607    57515    18084    33349    54955    38659    39210    28713    39488    28713    22677    46107    57515    16883    69611    39488    43280    16520    15005    11844        0    72929    18084    45456    28713    69611    61398    20763    79964    18084    29651    50651    60102    50651    79964    60102    12729    34295    33759    45456    17275    34295    14122    47692    26176    20763    17079    17275    31440    48251    12084    13742    69611    22677    40232    60102    69611     9774    45456    58689    40232    43280    44607    31440    33349     8162    40232    55045    48657    24022 
   77663    92036    82112    51737    72929    72534    35680    73684    74239    28322   124269    64249    50319    17974   103676   105730    50436   104401    50436    88381   111753   124269    81807   106194   104401   110289    78484    74239    79193    72929        0    64249   111833    50436   106194   128151    82728     8095    64249    38665   118665   126774   118665     8095   126774    72534   105168    49319   111833    84595   105168    74161    84239    51737    82728    70630    84595    65852    32931    80097    83328   106194    88381    38085   126774   106194    82162   111833   117221    38085   110289    28322    65852    50319    75931    38085    33990   102699    92036 
   22818    37191    18389     9892    18084     8813    24872    21259    10353    31628    69424        0    18862    41975    43021    30278    15913    28468    15913    27727    40808    69424    21153    55159    28468    33937    14598    10353    24349    18084    64249        0    56989    15913    55159    73307    18842    71020        0    19097    63820    71929    63820    71020    71929     8813    50323    20960    56989    29750    50323    15744    35794     9892    18842    11619    29750    19518    27676    25252    17704    55159    27727    27171    71929    55159    27318    56989    62377    27171    33937    31628    19518    18862    15178    27171    42065    40630    37191 
   47198    46653    24780    41314    45456    32427    77603    54457    29106    83512    17172    56989    41221    93859    21940    14558    67618    11616    67618    30294     9226    17172    25660    39014    11616     5444    26199    29106    48728    45456   111833    56989        0    67618    39014    21054    22416   120282    56989    71750    12331    14478    12331   120282    14478    32427    35182    72664        0    54130    35182    53009    31316    41314    22416    56387    54130    26606    87156    49632    52527    39014    30294    79824    14478    39014    34911        0     5574    79824     5444    83512    26606    41221    32005    79824    93950    18605    46653 
   33448    47820    33777    17283    28713    24036    13460    35488    25741    16985    80053    15913    17655    24065    59460    45666        0    60185        0    44166    68913    80053    37592    70546    60185    66086    29986    25741    34978    28713    50436    15913    67618        0    70546    83936    34230    57446    15913     5523    74449    82559    74449    57446    82559    24036    60952     5882    67618    40379    60952    28984    51182    17283    34230    26414    40379    34905    13838    35882    33661    70546    44166    13597    82559    70546    37947    67618    73006    13597    66086    16985    34905    17655    31715    13597    27667    55106    47820 
   71352    85725    42851    54865    69611    54962    59039    85714    49948    77872    42940    55159    50092    88220    59546    31456    70546    48534    70546    57373    38961    42940    55793        0    48534    49885    50017    49948    72882    69611   106194    55159    39014    70546        0    46822    46450   113307    55159    63255    51803    39066    51803   113307    39066    54962    70344    75593    39014    78284    70344    70377    27263    54865    46450    65069    78284    39262    83101    73786    83784        0    57373    75617    39066        0    66400    39014    36200    75617    49885    77872    39262    50092    60394    75617    72846    31514    85725 
   63139    60697    47377    81399    61398    49854    93544    70775    52216    99830     4811    73307    65302   110177    26798    42727    83936    27986    83936    41443    27490     4811    49195    46822    27986    27594    45951    52216    64669    61398   128151    73307    21054    83936    46822        0    45250   135187    73307    87691    15756     7771    15756   135187     7771    49854    39664    88982    21054    70229    39664    69327    50435    81399    45250    72329    70229    54160   103474    65573    68845    46822    41443    95765     7771    46822    53982    21054    17629    95765    27594    99830    54160    65302    51177    95765   110268    33245    60697 
   43474    40114     3642    21703    20763    10872    48098    33111     8768    54406    41367    18842    22002    64754    32086    14409    34230    17054    34230    25636    23066    41367    22292    46450    17054    22073     5939     8768    30096    20763    82728    18842    22416    34230    46450    45250        0    89764    18842    37774    35763    44231    35763    89764    44231    10872    39703    39276    22416    34849    39703    30213    27054    21703        0    26701    34849    10860    45992    28089    31284    46450    25636    45848    44231    46450    22322    22416    28041    45848    22073    54406    10860    22002    16304    45848    64844    23856    40114 
   84699    99071    76154    59240    79964    80537    42716    81056    81274    35348   131305    71020    57823    25007   113774   114036    57446   111436    57446    97792   120932   131305    88843   113307   111436   118106    85520    81274    86229    79964     8095    71020   120282    57446   113307   135187    89764        0    71020    45700   125700   134928   125700        0   134928    80537   112203    47870   120282    91631   112203    81003    91275    59240    89764    77665    91631    72888    39964    87133    85680   113307    97792    45121   134928   113307    89198   120282   124257    45121   118106    35348    72888    57823    84544    45121    37468   109812    99071 
   22818    37191    18389     9892    18084     8813    24872    21259    10353    31628    69424        0    18862    41975    43021    30278    15913    28468    15913    27727    40808    69424    21153    55159    28468    33937    14598    10353    24349    18084    64249        0    56989    15913    55159    73307    18842    71020        0    19097    63820    71929    63820    71020    71929     8813    50323    20960    56989    29750    50323    15744    35794     9892    18842    11619    29750    19518    27676    25252    17704    55159    27727    27171    71929    55159    27318    56989    62377    27171    33937    31628    19518    18862    15178    27171    42065    40630    37191 
   36519    50820    37191    15906    29651    27533    10733    38975    28741    12766    83808    19097    14489    20691    65241    65503     5523    65781     5523    49260    72400    83808    42124    63255    65781    69574    33530    28741    38137    29651    38665    19097    71750     5523    63255    87691    37774    45700    19097        0    77450    86396    77450    45700    86396    27533    63952    10569    71750    43568    63952    32471    35138    15906    37774    29572    43568    31780     8041    38882    37148    63255    49260    13293    86396    63255    41119    71750    84982    13293    69574    12766    31780    14489    36011    13293    26149    74951    50820 
   53693    51076    37891    71912    50651    40368    83854    61288    42898    90343    11874    63820    55815   100691    17177    33240    74449    17528    74449    31822    19242    11874    31570    51803    17528    17097    36464    42898    55311    50651   118665    63820    12331    74449    51803    15756    35763   125700    63820    77450        0    14461        0   125700    14461    40368    30068    79495    12331    60743    30068    59841    49873    71912    35763    62815    60743    44673    93987    56215    59358    51803    31822    85968    14461    51803    44496    12331    13048    85968    17097    90343    44673    55815    41691    85968   100781    42688    51076 
   61844    76216    46000    80022    60102    48477    92249    69397    50921    98453     3888    71929    55102   108800    28864    28438    82559    26691    82559    43510    20334     3888    47900    39066    26691    19324    45369    50921    63374    60102   126774    71929    14478    82559    39066     7771    44231   134928    71929    86396    14461        0    14461   134928        0    48477    41729    87605    14478    68776    41729    67950    44286    80022    44231    71033    68776    40293   102097    64278    67467    39066    43510    94470        0    39066    53361    14478     9973    94470    19324    98453    40293    55102    49800    94470   108890    27078    76216 
   53693    51076    37891    71912    50651    40368    83854    61288    42898    90343    11874    63820    55815   100691    17177    33240    74449    17528    74449    31822    19242    11874    31570    51803    17528    17097    36464    42898    55311    50651   118665    63820    12331    74449    51803    15756    35763   125700    63820    77450        0    14461        0   125700    14461    40368    30068    79495    12331    60743    30068    59841    49873    71912    35763    62815    60743    44673    93987    56215    59358    51803    31822    85968    14461    51803    44496    12331    13048    85968    17097    90343    44673    55815    41691    85968   100781    42688    51076 
   84699    99071    76154    59240    79964    80537    42716    81056    81274    35348   131305    71020    57823    25007   113774   114036    57446   111436    57446    97792   120932   131305    88843   113307   111436   118106    85520    81274    86229    79964     8095    71020   120282    57446   113307   135187    89764        0    71020    45700   125700   134928   125700        0   134928    80537   112203    47870   120282    91631   112203    81003    91275    59240    89764    77665    91631    72888    39964    87133    85680   113307    97792    45121   134928   113307    89198   120282   124257    45121   118106    35348    72888    57823    84544    45121    37468   109812    99071 
   61844    76216    46000    80022    60102    48477    92249    69397    50921    98453     3888    71929    55102   108800    28864    28438    82559    26691    82559    43510    20334     3888    47900    39066    26691    19324    45369    50921    63374    60102   126774    71929    14478    82559    39066     7771    44231   134928    71929    86396    14461        0    14461   134928        0    48477    41729    87605    14478    68776    41729    67950    44286    80022    44231    71033    68776    40293   102097    64278    67467    39066    43510    94470        0    39066    53361    14478     9973    94470    19324    98453    40293    55102    49800    94470   108890    27078    76216 
   19953    36064    12865    17364    12729        0    37858    22090     5850    44213    45972     8813    26334    54560    35366    24011    24036    20498    24036    24816    33698    45972    18242    54962    20498    25792     6628     5850    26045    12729    72534     8813    32427    24036    54962    49854    10872    80537     8813    27533    40368    48477    40368    80537    48477        0    35653    29082    32427    30799    35653    20019    35597    17364    10872    16460    30799    19321    35799    24038    20263    54962    24816    35607    48477    54962    18272    32427    37815    35607    25792    44213    19321    26334     9900    35607    54651    34333    36064 
   32802    21849    41696    58415    34295    35653    70357    42691    39981    76846    39142    50323    65588    87193    13726    39943    60952    25489    60952    11743    43369    39142    18001    70344    25489    29917    35460    39981    26170    34295   105168    50323    35182    60952    70344    39664    39703   112203    50323    63952    30068    41729    30068   112203    41729    35653        0    65998    35182    27406        0    41244    56576    58415    39703    43665    27406    47773    80490    28606    38606    70344    11743    72470    41729    70344    28076    35182    40370    72470    29917    76846    47773    65588    25271    72470    87284    49390    21849 
   38494    52866    38823    22329    33759    29082    18535    27189    30787    20567    85099    20960    22701    22863    64506    50712     5882    65231     5882    49212    72583    85099    42638    75593    65231    71119    35032    30787    40024    33759    49319    20960    72664     5882    75593    88982    39276    47870    20960    10569    79495    87605    79495    47870    87605    29082    65998        0    72664    45426    65998    25613    56228    22329    39276    27774    45426    39951    12299    40928    31344    75593    49212    11695    87605    75593    42993    72664    78052    11695    71119    20567    39951    22701    36761    11695    33923    60152    52866 
   47198    46653    24780    41314    45456    32427    77603    54457    29106    83512    17172    56989    41221    93859    21940    14558    67618    11616    67618    30294     9226    17172    25660    39014    11616     5444    26199    29106    48728    45456   111833    56989        0    67618    39014    21054    22416   120282    56989    71750    12331    14478    12331   120282    14478    32427    35182    72664        0    54130    35182    53009    31316    41314    22416    56387    54130    26606    87156    49632    52527    39014    30294    79824    14478    39014    34911        0     5574    79824     5444    83512    26606    41221    32005    79824    93950    18605    46653 
    9261     7916    36842    37842    17275    30799    49422    22119    31600    56273    66347    29750    45015    66621    40317    47883    40379    46478    40379    30247    54780    66347    22074    78284    46478    51954    30605    31600     7847    17275    84595    29750    54130    40379    78284    70229    34849    91631    29750    43568    60743    68776    60743    91631    68776    30799    27406    45426    54130        0    27406    20671    64423    37842    34849    23141        0    43106    59917    10321    15253    78284    30247    51642    68776    78284    13479    54130    59299    51642    51954    56273    43106    45015    19604    51642    66711    57331     7916 
   32802    21849    41696    58415    34295    35653    70357    42691    39981    76846    39142    50323    65588    87193    13726    39943    60952    25489    60952    11743    43369    39142    18001    70344    25489    29917    35460    39981    26170    34295   105168    50323    35182    60952    70344    39664    39703   112203    50323    63952    30068    41729    30068   112203    41729    35653        0    65998    35182    27406        0    41244    56576    58415    39703    43665    27406    47773    80490    28606    38606    70344    11743    72470    41729    70344    28076    35182    40370    72470    29917    76846    47773    65588    25271    72470    87284    49390    21849 
   10471    28112    33607    27185    14122    20019    38325     7574    21723    45839    65445    15744    36155    56187    48736    46906    28984    45576    28984    33441    56134    65445    26867    70377    45576    53308    25969    21723    15270    14122    74161    15744    53009    28984    70377    69327    30213    81003    15744    32471    59841    67950    59841    81003    67950    20019    41244    25613    53009    20671    41244        0    51012    27185    30213     4653    20671    34735    40786    16173     5722    70377    33441    40545    67950    70377    19748    53009    58397    40545    53308    45839    34735    36155    20768    40545    53584    56346    28112 
   57585    71957    23498    29404    47692    35597    35425    53485    30611    55918    46553    35794    24020    66265    45748    17670    51182    34767    51182    44037    31215    46553    42025    27263    34767    29140    30665    30611    58992    47692    84239    35794    31316    51182    27263    50435    27054    91275    35794    35138    49873    44286    49873    91275    44286    35597    56576    56228    31316    64423    56576    51012        0    29404    27054    45382    64423    13615    61146    60019    51644    27263    44037    52003    44286    27263    47034    31316    35383    52003    29140    55918    13615    24020    41030    52003    50892    16196    71957 
   30911    45283    18089        0    26176    17364    16945    33689    19108    23415    77516     9892    10395    33762    51780    30802    17283    36806    17283    36979    40427    77516    29907    54865    36806    39137    23353    19108    32441    26176    51737     9892    41314    17283    54865    81399    21703    59240     9892    15906    71912    80022    71912    59240    80022    17364    58415    22329    41314    37842    58415    27185    29404        0    21703    20094    37842    16943    22554    33345    31862    54865    36979    29512    80022    54865    35410    41314    46582    29512    39137    23415    16943    10395    23730    29512    33380    40249    45283 
   43474    40114     3642    21703    20763    10872    48098    33111     8768    54406    41367    18842    22002    64754    32086    14409    34230    17054    34230    25636    23066    41367    22292    46450    17054    22073     5939     8768    30096    20763    82728    18842    22416    34230    46450    45250        0    89764    18842    37774    35763    44231    35763    89764    44231    10872    39703    39276    22416    34849    39703    30213    27054    21703        0    26701    34849    10860    45992    28089    31284    46450    25636    45848    44231    46450    22322    22416    28041    45848    22073    54406    10860    22002    16304    45848    64844    23856    40114 
   12892    30533    28293    20094    17079    16460    35425    10018    18286    42308    68446    11619    31050    52656    49879    50141    26414    48551    26414    33898    57038    68446    25957    65069    48551    54211    22457    18286    17709    17079    70630    11619    56387    26414    65069    72329    26701    77665    11619    29572    62815    71033    62815    77665    71033    16460    43665    27774    56387    23141    43665     4653    45382    20094    26701        0    23141    29479    45952    18594     8177    65069    33898    37646    71033    65069    22230    56387    69620    37646    54211    42308    29479    31050    20649    37646    52746    59588    30533 
