dep79 0 0 60
**************************************DATA
11 146 480 8 1.33
**************************************DISTANCE
       0    59564    51316    32423    70732    63973    57282     7611    70732    32526    14407    59483    67151    59564    61549    47664    66151    78251    59833    37005    51642    57894    91050    78282    63642    52051    22700    37005    28238    37289    63975    61754    59483    65622    46637    41260    81830    11380    10770    54220    36146    53857    54220    59483    38472    58235    39191    91050    14849    67110    31116    30923    36146    63973    73813    19668    64576    31117    42576    63093    53042    22700    24992    32526    44558    36474    47150    30923    10760    32526    36146    31117    81830    52697    15799    31158    14849    10770    11380    31189    50139    30189    67151    84711    78513    15799    52084    39191    43695    78513    26068    14849    60937    19668    22240    50015    41260    50837    22509    65259    41164    44082    40667    40667    50015    26321    67071    47450    65259    54220    36146    59589    73813    46136    22509    50277    25485    63973    91050    33627    48445    59167    10770    24992    60194    52697    11380    52697    53857    14849    14849    78513    52051    57872    78513    57894    58235    81830    32526    37005    41164    25989    11380    59833    91050    52502    50277 
   59564        0    45083    31611   105794    18485     8329    52223   105794    27985    65901   113125    15924        0    87745    15463   127650   104448   105831    50305    86668     5548   120901   120126   117278    87076    75540    50305    49621    54126   127639    96817   113125   100684    31432    79820   108027    57926    63795    89244    46427    25258    89244   113125    69178    79851    37254   120901    73423   120755    54765    40030    46427    18485    99997    52058   120077    86787    46880    25329    80850    75540    44976    27985   105249    74859    92395    40030    54601    27985    46427    86787   108027    10514    59176    62714    73423    63795    57926    48128   110990    83030    15924   110908   104709    59176    13104    37254    74401   104709    53458    73423    87134    52058    49219   110818    79820    85900    52530   118894    94609    16065    89557    89557   110818    87127   110218    84337   118894    89244    46427   110133    99997    55372    52530    38323    67371    18485   120901    94430   100222    75998    63795    44976    21995    10514    57926    10514    25258    73423    73423   104709    87076   118165   104709     5548    79851   108027    27985    50305    94609    59523    57926   105831   120901    74146    38323 
   51316    45083        0    24355    83477    29409    37121    47424    83477    44603    45711    90808    30515    45083    56650    27083   105333    73353    78113    27987    54622    51125    71887    81603    94961    64759    51953    27987    59769    31809   105322    61143    90808    67118    52786    57503    76932    40474    46343    59953    62985    21346    59953    90808    46861    48756    12530    71887    53232    98438    32447    46866    62985    29409    68902    51784    97759    59911    14170    24842    49754    51953    44701    44603    89852    52541    70078    46866    52342    44603    62985    59911    76932    50930    58902    40397    53232    46343    40474    27836    95593    59442    30515    79813    73614    58902    32078    12530    45246    73614    31141    53232    56039    51784    34394    88304    57503    63583    30226    96577    72292    36220    67239    67239    88304    63540    87901    62019    96577    59953    62985    82400    68902    19006    30226     7905    39653    29409    71887    70843    77905    41127    46343    44701    25330    50930    40474    50930    21346    53232    53232    73614    64759    98349    73614    51125    48756    76932    44603    27987    72292    37206    40474    78113    71887    43050     7905 
   32423    31611    24355        0    80341    31409    25070    26102    80341    20740    32902    87672    27901    31611    62597    17190   102196    79299    78615    22203    61193    39130    92098    94673    91768    61623    42542    22203    35906    28978   102186    71363    87672    75231    39024    54367    82878    24928    30796    63791    39123    12555    63791    87672    43725    54702    18909    92098    40424    95301    29311    22986    39123    31409    74977    28472    94623    54336    28534    30542    55701    42542    11804    20740    77242    49173    66942    22986    28480    20740    39123    54336    82878    40897    35040    37261    40424    30796    24928     6517    77992    50064    27901    85759    79561    35040    21610    18909    48948    79561    25328    40424    61985    28472    10565    77820    54367    60446    15079    93441    68969    19406    64103    64103    77820    54162    84765    58752    93441    63791    39123    84679    74977    33513    15079    17839    40155    31409    92098    61432    74769    50850    30796    11804    27642    40897    24928    40897    12555    40424    40424    79561    61623    85713    79561    39130    54702    82878    20740    22203    68969    33905    24928    78615    92098    49038    17839 
   70732   105794    83477    80341        0    96147    98849    76615        0    88130    59026    15340    99017   105794    21983    91460    35128    27836     7023    58451    20653   113934    48615    14195    16341    15398    52992    58451    97243    57372    32744    15406    15340     6665   106851    31729    17923    63930    64276    13414   103533    85724    13414    15340    42852    40917    71352    48615    51328    19760    52667    87299   103533    96147    30021    88672    21527    40290    68042    95307    22028    52992    86026    88130    24937    34269    14284    87299    84733    88130   103533    40290    17923   108736    87214    47074    51328    64276    63930    74177    30375    45502    99017    34461    22023    87214    94226    71352    44981    22023    60638    51328    41307    88672    72422    25482    31729    15126    66607    11501    25492   100122    27926    27926    25482    39882     4424    19094    11501    13414   103533     7802    30021    63787    66607    82451    49393    96147    48615    34382    21327    49161    64276    86026    92060   108736    63930   108736    85724    51328    51328    22023    15398    34290    22023   113934    40917    17923    88130    58451    25492    55570    63930     7023    48615    28419    82451 
   63973    18485    29409    31409    96147        0    10523    48699    96147    32103    58367   103465     7270    18485    78098     7983   119536    94801    94472    40666    77050    24572   105227   110479   107625    77460    64509    40666    56268    44479   117992    87169   103465    91037    37277    70116    98380    53118    58987    79628    51981    15610    79628   103465    59531    70204    27652   105227    65871   111107    45006    43357    51981        0    90457    48843   110853    76270    37238     9655    71202    64509    32175    32103    93099    65030    82747    43357    50392    32103    51981    76270    98380    24311    53910    53067    65871    58987    53118    33140   107844    73307     7270   101260    95062    53910     5480    27652    64754    95062    43811    65871    77487    48843    41389   108091    70116    76252    43417   109241    84962    21969    79909    79909   108091    76096   100570    74609   109241    79628    51981   100044    90457    48918    43417    22694    56012        0   105227    83512    90500    66370    58987    32175     4328    24311    53118    24311    15610    65871    65871    95062    77460   114708    95062    24572    70204    98380    32103    40666    84962    49763    53118    94472   105227    64517    22694 
   57282     8329    37121    25070    98849    10523        0    49947    98849    25628    63508   106488    12675     8329    80742     8451   122559    97886    97495    43688    80073    12603   107567   113044   110648    80482    73147    43688    47255    47520   120636    90695   106488    93681    29022    73138   101398    55536    61405    82650    43726    17123    82650   106488    62175    73245    30675   107567    71026   114124    48029    44400    43726    10523    93479    49886   113876    84908    40261    17367    73804    73147    35557    25628    96122    68053    86270    44400    53216    25628    43726    84908   101398    16056    56536    56022    71026    61405    55536    45868   110866    80636    12675   104393    98004    56536     5857    30675    67722    98004    46839    71026    80646    49886    46964   108426    73138    79252    46440   112264    91841    13693    82217    82217   108426    84734   103273    77631   112264    82650    43726   103066    93479    51940    46440    30406    59034    10523   107567    92781    93522    69392    61405    35557    14051    16056    55536    16056    17123    71026    71026    98004    80482   117730    98004    12603    73245   101398    25628    43688    91841    52785    55536    97495   107567    67540    30406 
    7611    52223    47424    26102    76615    48699    49947        0    76615    25191    20357    83978    51040    52223    67432    40329    72098    84135    74985    33113    57563    50553    96934    90947    88138    57972    36600    33113    23668    37576    69925    67638    83978    71505    43470    47181    87714    11529    12274    60140    31576    38768    60140    83978    44356    64119    35299    96934    20796    91576    37037    23581    31576    48699    79734    15097    91366    37064    38684    50957    58926    36600    17651    25191    50505    42395    53099    23581    11158    25191    31576    37064    87714    45355    13989    37042    20796    12274    11529    23296    56086    44090    51040    90595    84396    13989    44749    35299    49579    84396    28655    20796    66821    15097    14346    55965    47181    56721    18617    89754    47114    36822    46617    46617    55965    32268    81039    53371    89754    60140    31576    65536    79734    42244    18617    43448    31406    48699    96934    39576    54392    59483    12274    17651    53232    45355    11529    45355    38768    20796    20796    84396    57972    63819    84396    50553    64119    87714    25191    33113    47114    31910    11529    74985    96934    57631    43448 
   70732   105794    83477    80341        0    96147    98849    76615        0    88130    59026    15340    99017   105794    21983    91460    35128    27836     7023    58451    20653   113934    48615    14195    16341    15398    52992    58451    97243    57372    32744    15406    15340     6665   106851    31729    17923    63930    64276    13414   103533    85724    13414    15340    42852    40917    71352    48615    51328    19760    52667    87299   103533    96147    30021    88672    21527    40290    68042    95307    22028    52992    86026    88130    24937    34269    14284    87299    84733    88130   103533    40290    17923   108736    87214    47074    51328    64276    63930    74177    30375    45502    99017    34461    22023    87214    94226    71352    44981    22023    60638    51328    41307    88672    72422    25482    31729    15126    66607    11501    25492   100122    27926    27926    25482    39882     4424    19094    11501    13414   103533     7802    30021    63787    66607    82451    49393    96147    48615    34382    21327    49161    64276    86026    92060   108736    63930   108736    85724    51328    51328    22023    15398    34290    22023   113934    40917    17923    88130    58451    25492    55570    63930     7023    48615    28419    82451 
   32526    27985    44603    20740    88130    32103    25628    25191    88130        0    38788    95768    38465    27985    77130    27754   111839    93833    86775    36798    69353    26315    98513   102325    99928    69763    48391    36798    32555    43613   110336    79513    95768    83381    19231    58972    97412    30780    36649    71931    35877    27089    71931    95768    58258    69338    36504    98513    46270   103404    43744    19644    35877    32103    89573    25130   103156    60152    40100    34445    70802    48391    10801        0    78215    54185    74254    19644    28461        0    35877    60152    97412    21117    31780    51794    46270    36649    30780    21112    83796    55880    38465   100293    94094    31780    29199    36504    63481    94094    39862    46270    76519    25130    22209    83705    58972    68597    29674   101544    74854    12503    64542    64542    83705    59978    92915    65162   101544    71931    35877    92347    89573    48305    29674    38086    43196    32103    98513    67317    82102    65486    36649    10801    35192    21117    30780    21117    27089    46270    46270    94094    69763    91529    94094    26315    69338    97412        0    36798    74854    43701    30780    86775    98513    63633    38086 
   14407    65901    45711    32902    59026    58367    63508    20357    59026    38788        0    66665    61557    65901    50124    54114    59947    66827    57671    26017    40249    64231    79673    73221    70824    40659    11473    26017    40984    25902    57881    50872    66665    54240    57147    29868    70339     8411     7951    42827    53829    48304    42827    66665    27090    46871    33585    79673     8645    74301    19724    37596    53829    58367    62421    32414    74052    24914    35608    57528    41690    11473    31328    38788    38354    25082    41046    37596    27702    38788    53829    24914    70339    59033    29694    19773     8645     7951     8411    26232    43935    18963    61557    73334    66946    29694    56718    33585    32310    66946    19347     8645    49587    32414    22719    43921    29868    38329    16903    72440    34931    50419    34437    34437    43921    20117    63450    36058    72440    42827    53829    63243    62421    32317    16903    44671    14092    58367    79673    28164    42242    47774     7951    31328    54629    59033     8411    59033    48304     8645     8645    66946    40659    51668    66946    64231    46871    70339    38788    26017    34931    14597     8411    57671    79673    41110    44671 
   59483   113125    90808    87672    15340   103465   106488    83978    15340    95768    66665        0   106656   113125    43761    99099    17757    43711    10737    65782    36539   121265    70362    24395     7691    25738    45075    65782   106672    64806    12072    34395        0    18287   114052    39060    27986    71241    53741    29343   110228    93362    29343        0    50490    48968    78703    70362    44951    11170    60028    94630   110228   103465    55397    96004     6922    33907    75373   102598    37887    45075    93357    95768    23023    41600    12798    94630    73363    95768   110228    33907    27986   116067    75113    54713    44951    53741    71241    81509    21345    32948   106656    50336    37898    75113   101865    78703    52620    37898    68277    44951    48945    96004    79754    16723    39060    23643    73938     8158    21954   107399    23398    23398    16723    33499    12261    27532     8158    29343   110228     7923    55397    71201    73938    89782    56724   103465    70362    30844    17588    57016    53741    93357    99699   116067    71241   116067    93362    44951    44951    37898    25738    25938    37898   121265    48968    27986    95768    65782    21954    62902    71241    10737    70362    44305    89782 
   67151    15924    30515    27901    99017     7270    12675    51040    99017    38465    61557   106656        0    15924    81288    10525   122726    98053    97662    43856    80240    22012   100960   113212   110815    80650    67699    43856    59277    47688   121182    90359   106656    94227    39392    73306   101570    56308    62177    82818    54096    18800    82818   106656    62721    73413    30843   100960    69061   114292    48197    46366    54096     7270    93647    51853   114043    79460    40428     8931    74392    67699    35184    38465    96289    68220    86438    46366    53402    38465    54096    79460   101570    30049    58502    56257    69061    62177    56308    36330   111034    76498        0   104451    98252    58502     7288    30843    67890    98252    47006    69061    80677    51853    44579   111281    73306    79420    46607   112431    88152    24064    83099    83099   111281    79286   103760    77799   112431    82818    54096   103234    93647    45638    46607    23799    59202     7270   100960    86702    93690    71262    62177    35184     7426    30049    56308    30049    18800    69061    69061    98252    80650   117898    98252    22012    73413   101570    38465    43856    88152    52953    56308    97662   100960    67707    23799 
   59564        0    45083    31611   105794    18485     8329    52223   105794    27985    65901   113125    15924        0    87745    15463   127650   104448   105831    50305    86668     5548   120901   120126   117278    87076    75540    50305    49621    54126   127639    96817   113125   100684    31432    79820   108027    57926    63795    89244    46427    25258    89244   113125    69178    79851    37254   120901    73423   120755    54765    40030    46427    18485    99997    52058   120077    86787    46880    25329    80850    75540    44976    27985   105249    74859    92395    40030    54601    27985    46427    86787   108027    10514    59176    62714    73423    63795    57926    48128   110990    83030    15924   110908   104709    59176    13104    37254    74401   104709    53458    73423    87134    52058    49219   110818    79820    85900    52530   118894    94609    16065    89557    89557   110818    87127   110218    84337   118894    89244    46427   110133    99997    55372    52530    38323    67371    18485   120901    94430   100222    75998    63795    44976    21995    10514    57926    10514    25258    73423    73423   104709    87076   118165   104709     5548    79851   108027    27985    50305    94609    59523    57926   105831   120901    74146    38323 
   61549    87745    56650    62597    21983    78098    80742    67432    21983    77130    50124    43761    81288    87745        0    73845    54252    17082    32261    40707    13541    93833    33997    25265    47920    22885    43809    40707    88060    33619    51746    14318    43761    20432    95490    32117    20594    54747    55093    18796    95697    68034    18796    43761    23857    12294    53303    33997    55488    51397    40198    79464    95697    78098    16745    79489    51148    41289    49993    80241     8724    43809    68282    77130    40402    25086    30551    79464    75550    77130    95697    41289    20594    97376    78382    38185    55488    55093    54747    56433    49499    36319    81288    27658    17201    78382    76560    53303    17345    17201    45501    55488     8321    79489    63239    44894    32117    24112    54587    32091    36122    83146    39322    39322    44894    44042    25014    33333    32091    18796    95697    29588    16745    40281    54587    64070    40210    78098    33997    58962    37803    24352    55093    68282    74394    97376    54747    97376    68034    55488    55488    17201    22885    53414    17201    93833    12294    20594    77130    40707    36122    46387    54747    32261    33997    13600    64070 
   47664    15463    27083    17190    91460     7983     8451    40329    91460    27754    54114    99099    10525    15463    73845        0   115170    90548    90105    36299    72684    21550   103605   105655   103258    73093    60142    36299    48567    40131   113738    82916    99099    86783    35225    65749    94127    44816    50684    75261    51889    11357    75261    99099    55278    65856    23286   103605    61504   106735    40640    35655    51889     7983    86090    41142   106487    71903    32871    12099    66949    60142    24474    27754    88733    60664    78881    35655    42691    27754    51889    71903    94127    22236    47792    48814    61504    50684    44816    28774   103477    68941    10525    97007    90809    47792     4234    23286    60333    90809    39450    61504    73233    41142    29048   103838    65749    71863    39051   104875    80708    18584    75656    75656   103838    71729    96317    70242   104875    75261    51889    95677    86090    44551    39051    18526    51645     7983   103605    79259    86133    62003    50684    24474     8998    22236    44816    22236    11357    61504    61504    90809    73093   110341    90809    21550    65856    94127    27754    36299    80708    45396    44816    90105   103605    60151    18526 
   66151   127650   105333   102196    35128   119536   122559    72098    35128   111839    59947    17757   122726   127650    54252   115170        0    59782    26563    80307    44761   135790    86433    37157    15414    37731    49806    80307    90788    80877     5992    44887    17757    34358   128706    53584    40749    64028    58469    37522   152028   109433    37522    17757    66561    65039    93207    86433    49676    17259    74523   109155   152028   119536    63619    82218    10733    40263    89897   118669    48379    49806   107882   111839    20481    56125    24334   109155    77982   111839   152028    40263    40749   130592    81781    70784    49676    58469    64028    96033    19481    42511   122726    66407    53969    81781   117935    93207    68691    53969    84347    49676    65016    82218    94278    16706    53584    37117    88462    23565    31516   123470    34934    34934    16706    37887    31302    39525    23565    37522   152028    24288    63619    85642    88462   104306    71249   119536    86433    33039    18949    73087    58469   107882   115770   130592    64028   130592   109433    49676    49676    53969    37731    16369    53969   135790    65039    40749   111839    80307    31516    77426    64028    26563    86433    52527   104306 
   78251   104448    73353    79299    27836    94801    97886    84135    27836    93833    66827    43711    98053   104448    17082    90548    59782        0    36576    57410    30244   110536    23604    18703    40313    35084    60511    57410   104762    50322    50537    26518    43711    27961   112193    44316    11032    71450    71795    30996   112400    84760    30996    43711    40559    28213    70006    23604    73098    40328    56901    96167   112400    94801     9050    96192    45234    57992    66696    96944    25354    60511    84985    93833    52602    41789    35553    96167    92253    93833   112400    57992    11032   114078    95085    54875    73098    71795    71450    73136    53619    53022    98053     8485     7884    95085    93262    70006    34048     7884    62204    73098    21358    96192    79942    49684    44316    36311    71289    33823    48274    99849    51474    51474    49684    61652    33360    45533    33823    30996   112400    37923     9050    56983    71289    80773    56913    94801    23604    71058    44571    37162    71795    84985    91097   114078    71450   114078    84760    73098    73098     7884    35084    57534     7884   110536    28213    11032    93833    57410    48274    63090    71450    36576    23604    30302    80773 
   59833   105831    78113    78615     7023    94472    97495    74985     7023    86775    57671    10737    97662   105831    32261    90105    26563    36576        0    56697    25074   112232    61369    19442    14890    17633    48140    56697    97679    55813    26552    22896    10737     7002   105059    29853    23034    62248    62597    17844   101235    84369    17844    10737    41497    39975    69710    61369    45302    18366    51035    85115   101235    94472    34768    86491    17688    33171    66315    93605    26388    48140    82951    86775    22413    32590    12118    85115    73714    86775   101235    33171    23034   106705    75464    45719    45302    62597    62248    72416    23911    42513    97662    42285    22222    75464    92871    69710    34640    22222    59283    45302    39952    86491    70743    19289    29853    15126    64945    11841    19300    98406    23748    23748    19289    33856     8231    17038    11841    17844   101235     5572    34768    62208    64945    79067    47714    94472    61369    28190    14934    48023    62597    82951    90706   106705    62248   106705    84369    45302    45302    22222    17633    28405    22222   112232    39975    23034    86775    56697    19300    53890    62248        0    61369    32435    79067 
   37005    50305    27987    22203    58451    40666    43688    33113    58451    36798    26017    65782    43856    50305    40707    36299    80307    57410    56697        0    39275    62151    62746    72783    69850    39733    26927        0    51964     7088    80296    49474    65782    53341    55082    32477    60989    26164    30943    41901    55181    30563    41901    65782    21835    32813    15904    62746    34030    73412     7422    39042    55181    40666    52959    44528    72734    38494    12198    39799    33811    26927    27860    36798    64827    27255    45052    39042    41155    36798    55181    38494    60989    56954    43988    15371    34030    30943    26164    16005    70568    35532    43856    63870    57671    43988    39065    15904    27058    57671     8629    34030    40096    44528    24997    70396    32477    38557    16484    71552    47266    48429    42214    42214    70396    38514    62875    36994    71552    41901    55181    62790    52959    11623    16484    26961    18237    40666    62746    45817    52879    28960    30943    27860    36900    56954    26164    56954    30563    34030    34030    57671    39733    76933    57671    62151    32813    60989    36798        0    47266    11987    26164    56697    62746    27107    26961 
   51642    86668    54622    61193    20653    77050    80073    57563    20653    69353    40249    36539    80240    86668    13541    72684    44761    30244    25074    39275        0    94810    43043    38494    36921     9734    30718    39275    80257    31101    44750    10325    36539    16301    87637    16808    33823    44826    45175     7132    83813    66947     7132    36539    17440    10228    52288    43043    41147    40397    33613    67693    83813    77050    25793    69069    39719    31346    48893    76183     5035    30718    65529    69353    33231    15168    22839    67693    65605    69353    83813    31346    33823    89283    68437    28298    41147    45175    44826    54995    42109    26425    80240    36704    30505    68437    75450    52288    13090    30505    41862    41147    12930    69069    53321    37487    16808    14493    47524    38537    29079    80984    22830    22830    37487    34181    32037    17610    38537     7132    83813    31583    25793    37758    47524    63324    30267    77050    43043    46467    33132    22272    45175    65529    73284    89283    44826    89283    66947    41147    41147    30505     9734    46227    30505    94810    10228    33823    69353    39275    29079    36468    44826    25074    43043    11082    63324 
   57894     5548    51125    39130   113934    24572    12603    50553   113934    26315    64231   121265    22012     5548    93833    21550   135790   110536   112232    62151    94810        0   126988   128266   125385    95216    73870    62151    47951    60214   135779   104956   121265   108824    29762    84451   114115    56256    62125    97384    44757    31345    97384   121265    75266    85939    43342   126988    71753   128895    60852    38360    44757    24572   106085    50388   128216    85609    52968    31417    96245    73870    43305    26315   103579    79665   100535    38360    52931    26315    44757    85609   114115     9736    57506    68802    71753    62125    56256    46458   109320    81337    22012   116995   110797    57506    19192    43342    80489   110797    65305    71753    93222    50388    47666   109148    84451    94040    55914   127034   100297    21009    89985    89985   109148    85457   118358    90641   127034    97384    44757   118272   106085    61459    55914    44410    68653    24572   126988    92760   107442    82086    62125    43305    28082     9736    56256     9736    31345    71753    71753   110797    95216   116986   110797        0    85939   114115    26315    62151   100297    69158    56256   112232   126988    80233    44410 
   91050   120901    71887    92098    48615   105227   107567    96934    48615    98513    79673    70362   100960   120901    33997   103605    86433    23604    61369    62746    43043   126988        0    38566    60177    52009    73310    62746   117561    55658    84315    43433    70362    49547   117529    65355    30859    84249    84594    47920   117736    89295    47920    70362    53405    33082    75342        0    84990    60191    62237   101503   117736   105227    18027   108991    65098    70791    71736    99893    38200    73310    97784    98513    69526    54588    59675   101503   105052    98513   117736    70791    30859   126727   107861    67721    84990    84594    84249    78472    78624    65821   100960    19042    27711   107861   102524    75342    48061    27711    69249    84990    31936   108991    92741    73597    65355    52749    84088    53687    65189   124019    68389    68389    73597    73544    53187    66571    53687    47920   117736    57787    18027    60296    84088    95449    69712   105227        0    91985    66927    34930    84594    97784    95776   126727    84249   126727    89295    84990    84990    27711    52009    82538    27711   126988    33082    30859    98513    62746    65189    75889    84249    61369        0    43101    95449 
   78282   120126    81603    94673    14195   110479   113044    90947    14195   102325    73221    24395   113212   120126    25265   105655    37157    18703    19442    72783    38494   128266    38566        0    22035    36218    63877    72783   111575    58548    32111    24985    24395    20860   121183    46061     5055    78262    78608    27166   117865    99919    27166    24395    57047    37246    85684    38566    63747    21912    66999   101631   117865   110479    23295   103004    26956    52709    82374   109639    33537    63877   100358   102325    37356    48601    26703   101631    92053   102325   117865    52709     5055   123068   101409    61269    63747    78608    78262    88509    42795    51750   113212    24412     8255   101409   108421    85684    43398     8255    74833    63747    31500   103004    86755    37764    46061    29321    80939    16690    37774   114454    42223    42223    37764    52301    16078    38012    16690    27166   117865    20790    23295    65233    80939    96783    63725   110479    38566    46665    33747    47405    78608   100358   106256   123068    78262   123068    99919    63747    63747     8255    36218    46709     8255   128266    37246     5055   102325    72783    37774    69903    78262    19442    38566    38552    96783 
   63642   117278    94961    91768    16341   107625   110648    88138    16341    99928    70824     7691   110815   117278    47920   103258    15414    40313    14890    69850    36921   125385    60177    22035        0    30309    61293    69850   110832    68966     9917    38555     7691    22447   118212    43006    25626    75401    57901    33503   114388    97522    33503     7691    54650    53128    82863    60177    49111     3476    64188    98268   114388   107625    47936    99644     5213    38060    79468   106758    42047    61293    96104    99928    25416    45743    16958    98268    77523    99928   114388    38060    25626   119858    79273    58872    49111    57901    75401    85569    24435    37137   110815    46022    28826    79273   106024    82863    56780    28826    72436    49111    53105    99644    83896    19813    43006    27802    78098     5534    26114   111559    27557    27557    19813    37665    12214    27225     5534    33503   114388    11532    47936    75361    78098    93935    60877   107625    60177    35004    21748    61176    57901    96104   103859   119858    75401   119858    97522    49111    49111    28826    30309    28390    28826   125385    53128    25626    99928    69850    26114    67055    75401    14890    60177    48094    93935 
   52051    87076    64759    61623    15398    77460    80482    57972    15398    69763    40659    25738    80650    87076    22885    73093    37731    35084    17633    39733     9734    95216    52009    36218    30309        0    34273    39733    80667    38800    37720    13519    25738    11046    88047    12240    32907    45236    45585     5176    84223    67357     5176    25738    19436    21176    52698    52009    41556    33368    34023    68581    84223    77460    34278    69954    32690    31754    49302    76593    15983    34273    67308    69763    25774    15551    15810    68581    66014    69763    84223    31754    32907    90018    68847    28707    41556    45585    45236    55459    35079    26784    80650    45670    29776    68847    75859    52698    17321    29776    42271    41556    23878    69954    53704    30457    12240     5244    47888    31507    22049    81394    13581    13581    30457    34824    25007     8512    31507     5176    84223    24505    34278    45196    47888    63732    30675    77460    52009    31979    26102    44580    45585    67308    73694    90018    45236    90018    67357    41556    41556    29776        0    38786    29776    95216    21176    32907    69763    39733    22049    36852    45236    17633    52009    20605    63732 
   22700    75540    51953    42542    52992    64509    73147    36600    52992    48391    11473    45075    67699    75540    43809    60142    49806    60511    48140    26927    30718    73870    73310    63877    61293    34273        0    26927    59295    26818    49571    44014    45075    47882    66675    16565    64090    23864    23369    33761    62851    54406    33761    45075    20910    40495    39747    73310    14421    52705    20631    47236    62851    64509    52889    48609    50119    12093    36352    63642    35302        0    40968    48391    30157    15550    32745    47236    35986    48391    62851    12093    64090    68673    47475    17738    14421    23369    23864    35872    35782     7489    67699    66971    60773    47475    62908    39747    32907    60773    20261    14421    43197    48609    32359    35610    16565    31793    26543    50845    26759    60022    18292    18292    35610    11919    52666    26527    50845    33761    62851    45109    52889    33213    26543    50927    12058    64509    73310    19222    33904    43181    23369    40968    60743    68673    23864    68673    54406    14421    14421    60773    34273    43471    60773    73870    40495    64090    48391    26927    26759    15507    23864    48140    73310    38646    50927 
   37005    50305    27987    22203    58451    40666    43688    33113    58451    36798    26017    65782    43856    50305    40707    36299    80307    57410    56697        0    39275    62151    62746    72783    69850    39733    26927        0    51964     7088    80296    49474    65782    53341    55082    32477    60989    26164    30943    41901    55181    30563    41901    65782    21835    32813    15904    62746    34030    73412     7422    39042    55181    40666    52959    44528    72734    38494    12198    39799    33811    26927    27860    36798    64827    27255    45052    39042    41155    36798    55181    38494    60989    56954    43988    15371    34030    30943    26164    16005    70568    35532    43856    63870    57671    43988    39065    15904    27058    57671     8629    34030    40096    44528    24997    70396    32477    38557    16484    71552    47266    48429    42214    42214    70396    38514    62875    36994    71552    41901    55181    62790    52959    11623    16484    26961    18237    40666    62746    45817    52879    28960    30943    27860    36900    56954    26164    56954    30563    34030    34030    57671    39733    76933    57671    62151    32813    60989    36798        0    47266    11987    26164    56697    62746    27107    26961 
   28238    49621    59769    35906    97243    56268    47255    23668    97243    32555    40984   106672    59277    49621    88060    48567    90788   104762    97679    51964    80257    47951   117561   111575   110832    80667    59295    51964        0    58756    90552    88265   106672    92133    19837    69876   108342    32107    34969    82835     9131    48452    82835   106672    73504    84746    51646   117561    41428   112203    59090    15298     9131    56268   102429     9521   114060    59759    55266    59195    79553    59295    26440    32555    73200    65090    73727    15298    19586    32555     9131    59759   108342    42753    16645    57669    41428    34969    32107    36278    76764    66784    59277   111222   105024    16645    52987    51646    78727   105024    49282    41428    87448     9521    37374    76592    69876    77348    41311   110343    67741    38206    67244    67244    76592    54962   101666    76066   110343    82835     9131    88230   102429    63292    41311    53252    54100    56268   117561    60204    74886    80628    34969    26440    56005    42753    32107    42753    48452    41428    41428   105024    80667    86514   105024    47951    84746   108342    32555    51964    67741    54605    32107    97679   117561    78799    53252 
   37289    54126    31809    28978    57372    44479    47520    37576    57372    43613    25902    64806    47688    54126    33619    40131    80877    50322    55813     7088    31101    60214    55658    58548    68966    38800    26818     7088    58756        0    79217    38112    64806    52262    61871    31456    53901    30668    30833    36409    62078    34395    36409    64806    14345    25725    19684    55658    33916    72332     6579    45845    62078    44479    45959    51331    72194    38579    16374    43639    26723    26818    34663    43613    54440    26371    44588    45845    45693    43613    62078    38579    53901    63756    48486    14292    33916    30833    30668    22814    69185    34648    47688    56782    50583    48486    42897    19684    21723    50583    13608    33916    33008    51331    28514    69316    31456    37477    20967    70582    46187    49527    41134    41134    69316    38405    61795    35950    70582    36409    62078    61385    45959    10951    20967    30783    15685    44479    55658    45702    51840    21872    30833    34663    40731    63756    30668    63756    34395    33916    33916    50583    38800    76049    50583    60214    25725    53901    43613     7088    46187    12072    30668    55813    55658    20019    30783 
