dep39 0 0 60
**************************************DATA
6 76 480 8 1.33
**************************************DISTANCE
       0    84420    74056    54021    70067    90328    39273    31337    78934    95580    22014    16232    73225    76153    67756    74056    96983    59759    51546    39250    42534    86195    44311    38156    31337     5927    86195    20148    39250    29060    42534    47986    22463    38119    19811    31994    18918    21259    42534    58795    24513    18918    29060    54021    22463    78934    31994    84420    46894    38156    21259    17802    24170    75389    31994    83322    50710     5927    28804    45122    17802    25378    84420    39273    46385    35988    13944    92456    12284    42534    58795    47986    38156    36847    92456    55048    71347 
   84420        0    15358    72320    42839    47921   115687    59234    56134    40389    69033    70161    11921    78304   129218    15358   154129   133463   106886   117135    46453    27566   113376   119135    59234    80822    27566    79686   117135    62408    46453    85872    72166   103525    65663   111660    99296    64429    46453    59597    62478    99296    62408    72320    72166    56134   111660        0   120635   119135    64429    73105    60437     9453   111660    54027   124389    80822    94194    43409    73105    69287        0   115687    68116    68520    73927   149592    76593    46453    59597    85872   119135    81545   149592   112676    18645 
   74056    15358        0    62691    45642    50977   105323    48870    58814    43510    58669    59759     8752    83406   118854        0   143765   122645    95928   106771    36606    27761    58287   108771    48870    70458    27761    69450   106771    52023    36606    77612    61802    93046    55299   101227    88812    53949    36606    61751    52115    88812    52023    62691    61802    58814   101227    15358   109780   108771    53949    62741    49887    10917   101227    54791   113596    70458    83730    32985    62741    58870    15358   105323    57752    58156    63461   139228    66229    36606    61751    77612   108771    69417   139228   102312    18959 
   54021    72320    62691        0    24144    44404    73813    26822    25077    48878    39773    41030    61126    28980    87344    62691    66254    88294    42920    75261    33136    56380    53774    77261    26822    48222    56380    35570    75261    25226    33136    30077    32292    55471    36404    67347    61179    35170    33136     4938    34266    61179    25226        0    32292    25077    67347    72320    75429    77261    35170    37949    31177    64018    67347    37398    79245    48222    50049    43865    37949    31733    72320    73813    12614    47251    45980    66738    46194    33136     4938    30077    77261    21752    66738    70802    50954 
   70067    42839    45642    24144        0    21751    89628    43851    14782    26225    54680    55808    37750    36952   103159    45642    81655    82765    58321    91076    31379    34002    67342    93076    43851    69475    34002    59867    91076    43878    31379    45478    56822    74953    51311    99250    83422    50077    31379    19203    48126    83422    43878    24144    56822    14782    99250    42839    94820    93076    50077    65595    46084    35018    99250    14745    98330    69475    69006    42099    65595    56089    42839    89628    32312    61306    59523    82139    62240    31379    19203    45478    93076    41151    82139    86616    29258 
   90328    47921    50977    44404    21751        0   109889    64112    32055    23635    74941    76084    42956    52276   123420    50977   101916   103026    78582   111337    51640    32797    87603   113336    64112    89736    32797    80131   111337    64139    51640    65739    77083    95214    71572   120489   103683    70338    51640    39464    68387   103683    64139    44404    77083    32055   120489    47921   115083   113336    70338    85856    66345    40402   120489    14779   118899    89736    89267    62360    85856    76353    47921   109889    52573    81567    79786   102400    82501    51640    39464    65739   113336    61412   102400   106877    39161 
   39273   115687   105323    73813    89628   109889        0    62739    91333   115141    61854    53945   104493    87783    13494   105323    36212    26035    32365     6997    73802   117462    80266     8749    62739    33832   117462    37916     6997    60327    73802    37851    49278     5156    53224    15099    17561    68636    73802    71194    69759    17561    60327    73813    49278    91333    15099   115687    13170     8749    68636    48571    56350   106657    15099   102883    16986    33832    14722    76389    48571    48883   115687        0    63481    74435    68001    33061    68464    73802    71194    37851     8749    48477    33061     5317   102615 
   31337    59234    48870    26822    43851    64112    62739        0    49941    69364    15930    17141    48039    55281    76135    48870   101663    80028    53311    64483    16318    54498    30138    66052        0    27739    54498    26832    64483     5447    16318    41453    17532    50428    12644    58609    46194    11331    16318    31287    10424    46194     5447    26822    17532    49941    58609    59234    67162    66052    11331    20022     7269    50203    58609    57106    70979    27739    41113    19936    20022    14611    59234    62739    22310    23427    20843    97136    23509    16318    31287    41453    66052    27231    97136    59592    46161 
   78934    56134    58814    25077    14782    32055    91333    49941        0    37307    64591    71912    51045    22830   104096    58814    85648   108622    58780    92013    41318    45084    77253    94012    49941    70412    45084    60804    92013    49841    41318    46500    57758    75798    71191   101162    86413    59922    41318    20139    58037    86413    49841    25077    57758        0   101162    56134    95756    94012    59922    66531    55860    48514   101162    25049    99573    70412    72597    52047    66531    57026    56134    91333    33248    71217    71273    83076    74777    41318    20139    46500    94012    42079    83076    87553    42431 
   95580    40389    43510    48878    26225    23635   115141    69364    37307        0    80193    80558    32372    56790   128672    43510   107168   132423    82581   116589    56145    12823    86176   118588    69364    94988    12823    84605   116589    67512    56145    70301    82334    99599    76824   124963   110214    74749    56145    44716    73639   110214    67512    48878    82334    37307   124963    40389   119557   118588    74749    91108    70687    29841   124963    19253   123374    94988    94519    57834    91108    80827    40389   115141    57825    86045    84261   107652    87753    56145    44716    70301   118588    65880   107652   112129    31693 
   22014    69033    58669    39773    54680    74941    61854    15930    64591    80193        0    10090    57838    82610    75371    58669   100777    79142    58002    63597    27147    70808    25070    65288    15930    18416    70808    32743    63597    13673    27147    54443    20915    64932    10709    71682    36830     6986    27147    65251     8095    36830    13673    39773    20915    64591    71682    69033    66277    65288     6986    17805     8783    60002    71682    67935    70093    18416    45254    29735    17805    17995    69033    61854    35260    15269    11349    96251    11608    27147    65251    54443    65288    43303    96251    58828    55960 
   16232    70161    59759    41030    55808    76084    53945    17141    71912    80558    10090        0    58966    69137    67476    59759    92387    71720    45144    55393    28260    71936    34520    57392    17141    10816    71936    13733    55393    14909    28260    40887    10524    41783     4488    41414    31109     9582    28260    51773    12646    31109    14909    41030    10524    71912    41414    70161    58430    57392     9582     6285    10408    61086    41414    69078    62647    10816    32452    30885     6285    12822    70161    53945    34446    24125     5706    87849     8405    28260    51773    40887    57392    29833    87849    50933    57100 
   73225    11921     8752    61126    37750    42956   104493    48039    51045    32372    57838    58966        0    73215   118024     8752   142935   122268    95692   105941    35259    19549    57457   107940    48039    69628    19549    68492   105941    51213    35259    75965    60971    92331    54469   100466    88102    53235    35259    60921    51284    88102    51213    61126    60971    51045   100466    11921   109440   107940    53235    61910    49242     2883   100466    46002   113195    69628    83000    32214    61910    58041    11921   104493    56922    57326    62631   138397    65398    35259    60921    75965   107940    67851   138397   101481    13556 
   76153    78304    83406    28980    36952    52276    87783    55281    22830    56790    82610    69137    73215        0   101314    83406    66031    66024    40606    89231    63367    65305   101021    91231    55281    67630    65305    58029    89231    55168    63367    36059    57255    67060    68475    98387    79435    65162    63367    28029    62724    79435    55168    28980    57255    22830    98387    78304    92981    91231    65162    63750    59635    70684    98387    39936    96798    67630    64505    74097    63750    58562    78304    87783    35379    75709    72116    64643    71995    63367    28029    36059    91231    39304    64643    84771    64763 
   67756   129218   118854    87344   103159   123420    13494    76135   104096   128672    75371    67476   118024   101314        0   118854    24611    14352    37866    12891    87333   130994    93545    17016    76135    63013   130994    51447    12891    73859    87333    73147    59671    16571    66755    23322    30771    82167    87333    83956    83449    30771    73859    87344    59671   104096    23322   129218     9108    17016    82167    53393    69881   120188    23322   116414     5303    63013    26137    89921    53393    62414   129218    13494    76238    87771    81532    25256    81780    87333    83956    73147    17016    62008    25256    10582   116146 
   74056    15358        0    62691    45642    50977   105323    48870    58814    43510    58669    59759     8752    83406   118854        0   143765   122645    95928   106771    36606    27761    58287   108771    48870    70458    27761    69450   106771    52023    36606    77612    61802    93046    55299   101227    88812    53949    36606    61751    52115    88812    52023    62691    61802    58814   101227    15358   109780   108771    53949    62741    49887    10917   101227    54791   113596    70458    83730    32985    62741    58870    15358   105323    57752    58156    63461   139228    66229    36606    61751    77612   108771    69417   139228   102312    18959 
   96983   154129   143765    66254    81655   101916    36212   101663    85648   107168   100777    92387   142935    66031    24611   143765        0    12291    26637    34591   112244   113891   119189    39742   101663    88460   113891    76358    34591    98769   112244    42848    88201    39289    91666    46040    53489   107078   112244    65508   108683    53489    98769    66254    88201    85648    46040   154129    34089    39742   107078    87495    94792   145099    46040    94910    20094    88460    41441   114831    87495    87325   154129    36212    57795   113358   106443     6032   107388   112244    65508    42848    39742    50135     6032    47113   141057 
   59759   133463   122645    88294    82765   103026    26035    80028   108622   132423    79142    71720   122268    66024    14352   122645    12291        0    28262    24332    91577   115001    97554    29483    80028    66825   115001    55691    24332    78103    91577    38565    66566    29082    70584    35833    43281    85935    91577    88482    87048    43281    78103    88294    66566   108622    35833   133463    21619    29483    85935    65860    73295   123972    35833   120943     9886    66825    38621    94165    65860    66658   133463    26035    80769    91723    85776     9141    85753    91577    88482    38565    29483    66252     9141    22737   119986 
   51546   106886    95928    42920    58321    78582    32365    53311    58780    82581    58002    45144    95692    40606    37866    95928    26637    28262        0    37283    65001    90557    76414    39283    53311    43023    90557    34036    37283    51526    65001    14647    39849    27729    43867    42567    40104    49538    65001    38641    51689    40104    51526    42920    39849    58780    42567   106886    43487    39283    49538    39143    46578    97255    42567    71101    33292    43023    25071    67588    39143    40082   106886    32365    30927    70583    48122    24658    47388    65001    38641    14647    39283    23844    24658    35603    93269 
   39250   117135   106771    75261    91076   111337     6997    64483    92013   116589    63597    55393   105941    89231    12891   106771    34591    24332    37283        0    75250   118911    82009     5626    64483    40297   118911    39364        0    61776    75250    42769    47588    10075    54672    11404    22759    70084    75250    72937    71503    22759    61776    75261    47588    92013    11404   117135     7810     5626    70084    50315    57798   108105    11404   104331    15283    40297    19640    77838    50315    50331   117135     6997    65224    76178    69449    31370    70208    75250    72937    42769     5626    49925    31370     6987   104063 
   42534    46453    36606    33136    31379    51640    73802    16318    41318    56145    27147    28260    35259    63367    87333    36606   112244    91577    65001    75250        0    48229    37850    77249    16318    38937    48229    37951    75250    18993        0    47975    30280    61640    23778    69728    57411    22544        0    36972    20593    57411    18993    33136    30280    41318    69728    46453    78281    77249    22544    31219    18551    37933    69728    44665    82097    38937    52309    12607    31219    27371    46453    73802    28932    33773    31962   107706    34707        0    36972    47975    77249    39862   107706    70790    33946 
   86195    27566    27761    56380    34002    32797   117462    54498    45084    12823    70808    71936    19549    65305   130994    27761   113891   115001    90557   118911    48229        0    70427   120910    54498    82597        0    81476   118911    64183    48229    77714    73941   105301    67439   113436   101072    66205    48229    51439    64254   101072    64183    56380    73941    45084   113436    27566   121807   120910    66205    74880    62212    17186   113436    27784   126165    82597    95969    45184    74880    70897    27566   117462    64548    70296    75488   114376    78368    48229    51439    77714   120910    73387   114376   114451    15944 
   44311   113376    58287    53774    67342    87603    80266    30138    77253    86176    25070    34520    57457   101021    93545    58287   119189    97554    76414    82009    37850    70427        0    83462    30138    43297    70427    51154    82009    27674    37850    72854    36509    83343    26302    90094    58189    22525    37850    83425    19938    58189    27674    53774    36509    77253    90094   113376    84689    83462    22525    42686    22784    59621    90094    80597    88505    43297    63666    29354    42686    31996   113376    80266    49261     9423    30780   114663    31680    37850    83425    72854    83462    61715   114663    77003    55579 
   38156   119135   108771    77261    93076   113336     8749    66052    94012   118588    65288    57392   107940    91231    17016   108771    39742    29483    39283     5626    77249   120910    83462        0    66052    39214   120910    41364     5626    63775    77249    44769    49587    12074    56672     7119    21632    72084    77249    73873    73366    21632    63775    77261    49587    94012     7119   119135    12268        0    72084    50316    59798   110105     7119   106331    20434    39214    23617    79837    50316    52331   119135     8749    66154    77688    71449    36521    47952    77249    73873    44769        0    51924    36521     9282   106062 
   31337    59234    48870    26822    43851    64112    62739        0    49941    69364    15930    17141    48039    55281    76135    48870   101663    80028    53311    64483    16318    54498    30138    66052        0    27739    54498    26832    64483     5447    16318    41453    17532    50428    12644    58609    46194    11331    16318    31287    10424    46194     5447    26822    17532    49941    58609    59234    67162    66052    11331    20022     7269    50203    58609    57106    70979    27739    41113    19936    20022    14611    59234    62739    22310    23427    20843    97136    23509    16318    31287    41453    66052    27231    97136    59592    46161 
    5927    80822    70458    48222    69475    89736    33832    27739    70412    94988    18416    10816    69628    67630    63013    70458    88460    66825    43023    40297    38937    82597    43297    39214    27739        0    82597    11625    40297    25462    38937    39463    16663    29597    14011    33041    20803    17662    38937    52286    20915    20803    25462    48222    16663    70412    33041    80822    53960    39214    17662    11458    20573    71792    33041    82730    57776        0    20281    41524    11458    19578    80822    33832    40585    32395    10347    83934    10513    38937    52286    39463    39214    28324    83934    46471    67750 
   86195    27566    27761    56380    34002    32797   117462    54498    45084    12823    70808    71936    19549    65305   130994    27761   113891   115001    90557   118911    48229        0    70427   120910    54498    82597        0    81476   118911    64183    48229    77714    73941   105301    67439   113436   101072    66205    48229    51439    64254   101072    64183    56380    73941    45084   113436    27566   121807   120910    66205    74880    62212    17186   113436    27784   126165    82597    95969    45184    74880    70897    27566   117462    64548    70296    75488   114376    78368    48229    51439    77714   120910    73387   114376   114451    15944 
   20148    79686    69450    35570    59867    80131    37916    26832    60804    84605    32743    13733    68492    58029    51447    69450    76358    55691    34036    39364    37951    81476    51154    41364    26832    11625    81476        0    39364    24600    37951    29779    13371    25754    17389    33263    25572    23059    37951    40665    25210    25572    24600    35570    13371    60804    33263    79686    42864    41364    23059     9007    20099    70777    33263    73125    46618    11625    16423    40576     9007    12882    79686    37916    32951    45324    15772    71821    16640    37951    40665    29779    41364    18725    71821    34904    66790 
   39250   117135   106771    75261    91076   111337     6997    64483    92013   116589    63597    55393   105941    89231    12891   106771    34591    24332    37283        0    75250   118911    82009     5626    64483    40297   118911    39364        0    61776    75250    42769    47588    10075    54672    11404    22759    70084    75250    72937    71503    22759    61776    75261    47588    92013    11404   117135     7810     5626    70084    50315    57798   108105    11404   104331    15283    40297    19640    77838    50315    50331   117135     6997    65224    76178    69449    31370    70208    75250    72937    42769     5626    49925    31370     6987   104063 
   29060    62408    52023    25226    43878    64139    60327     5447    49841    67512    13673    14909    51213    55168    73859    52023    98769    78103    51526    61776    18993    64183    27674    63775     5447    25462    64183    24600    61776        0    18993    39776    17347    48166    10304    56377    43963     9070    18993    29702     8166    43963        0    25226    17347    49841    56377    62408    64931    63775     9070    17745     5077    53350    56377    56032    68747    25462    38834    23149    17745    12685    62408    60327    20733    21151    18612    94232    21233    18993    29702    39776    63775    25626    94232    57316    49364 
   42534    46453    36606    33136    31379    51640    73802    16318    41318    56145    27147    28260    35259    63367    87333    36606   112244    91577    65001    75250        0    48229    37850    77249    16318    38937    48229    37951    75250    18993        0    47975    30280    61640    23778    69728    57411    22544        0    36972    20593    57411    18993    33136    30280    41318    69728    46453    78281    77249    22544    31219    18551    37933    69728    44665    82097    38937    52309    12607    31219    27371    46453    73802    28932    33773    31962   107706    34707        0    36972    47975    77249    39862   107706    70790    33946 
   47986    85872    77612    30077    45478    65739    37851    41453    46500    70301    54443    40887    75965    36059    73147    77612    42848    38565    14647    42769    47975    77714    72854    44769    41453    39463    77714    29779    42769    39776    47975        0    36290    33111    40308    47949    45486    45837    47975    26360    48129    45486    39776    30077    36290    46500    47949    85872    64731    44769    45837    35583    43018    78129    47949    58733    43420    39463    30557    63332    35583    35825    85872    37851    18647    67024    43866    40375    43828    47975    26360        0    44769    20219    40375    56604    72376 
   22463    72166    61802    32292    56822    77083    49278    17532    57758    82334    20915    10524    60971    57255    59671    61802    88201    66566    39849    47588    30280    73941    36509    49587    17532    16663    73941    13371    47588    17347    30280    36290        0    36967     9702    45148    37365    15373    30280    37446    18927    37365    17347    32292        0    57758    45148    72166    53701    49587    15373     6391    12829    63135    45148    70077    57517    16663    27651    32868     6391     3649    72166    49278    24656    29986    14422    80044    14636    30280    37446    36290    49587    21923    80044    43128    59093 
   38119   103525    93046    55471    74953    95214     5156    50428    75798    99599    64932    41783    92331    67060    16571    93046    39289    29082    27729    10075    61640   105301    83343    12074    50428    29597   105301    25754    10075    48166    61640    33111    36967        0    40985    18562    26010    46656    61640    55659    48807    26010    48166    55471    36967    75798    18562   103525    16633    12074    46656    36260    43695    94373    18562    88119    20449    29597     9998    64172    36260    36721   103525     5156    47946    77513    38152    36139    38283    61640    55659    33111    12074    33802    36139     8394    90387 
   19811    65663    55299    36404    51311    71572    53224    12644    71191    76824    10709     4488    54469    68475    66755    55299    91666    70584    43867    54672    23778    67439    26302    56672    12644    14011    67439    17389    54672    10304    23778    40308     9702    40985        0    49166    34689     6569    23778    51052     8299    34689    10304    36404     9702    71191    49166    65663    57719    56672     6569     7744     6326    56633    49166    64566    61535    14011    31669    26366     7744    10176    65663    53224    32039    19779    10621    87129    11984    23778    51052    40308    56672    29168    87129    50212    52591 
   31994   111660   101227    67347    99250   120489    15099    58609   101162   124963    71682    41414   100466    98387    23322   101227    46040    35833    42567    11404    69728   113436    90094     7119    58609    33041   113436    33263    11404    56377    69728    47949    45148    18562    49166        0    14286    49066    69728    81022    56987    14286    56377    67347    45148   101162        0   111660    22792     7119    49066    38726    51876   102554        0   113483    26760    33041    17496    72353    38726    44856   111660    15099    73309    84264    41584    42890    41727    69728    81022    47949     7119    59083    42890    15145    98568 
   18918    99296    88812    61179    83422   103683    17561    46194    86413   110214    36830    31109    88102    79435    30771    88812    53489    43281    40104    22759    57411   101072    58189    21632    46194    20803   101072    25572    22759    43963    57411    45486    37365    26010    34689    14286        0    36322    57411    66274    39385        0    43963    61179    37365    86413    14286    99296    29185    21632    36322    31038    39791    90139    14286    98734    33002    20803    15034    59938    31038    40255    99296    17561    58561    50865    28821    50338    27161    57411    66274    45486    21632    42271    50338    22594    86153 
   21259    64429    53949    35170    50077    70338    68636    11331    59922    74749     6986     9582    53235    65162    82167    53949   107078    85935    49538    70084    22544    66205    22525    72084    11331    17662    66205    23059    70084     9070    22544    45837    15373    46656     6569    49066    36322        0    22544    39695     4522    36322     9070    35170    15373    59922    49066    64429    73069    72084        0    17050     4928    55276    49066    63332    76886    17662    37402    25132    17050    13124    64429    68636    30727    16002    10971   102541    13432    22544    39695    45837    72084    34839   102541    65625    51290 
   42534    46453    36606    33136    31379    51640    73802    16318    41318    56145    27147    28260    35259    63367    87333    36606   112244    91577    65001    75250        0    48229    37850    77249    16318    38937    48229    37951    75250    18993        0    47975    30280    61640    23778    69728    57411    22544        0    36972    20593    57411    18993    33136    30280    41318    69728    46453    78281    77249    22544    31219    18551    37933    69728    44665    82097    38937    52309    12607    31219    27371    46453    73802    28932    33773    31962   107706    34707        0    36972    47975    77249    39862   107706    70790    33946 
   58795    59597    61751     4938    19203    39464    71194    31287    20139    44716    65251    51773    60921    28029    83956    61751    65508    88482    38641    72937    36972    51439    83425    73873    31287    52286    51439    40665    72937    29702    36972    26360    37446    55659    51052    81022    66274    39695    36972        0    38788    66274    29702     4938    37446    20139    81022    59597    75617    73873    39695    46392    35634    51976    81022    32458    79433    52286    52457    47701    46392    36886    59597    71194    12948    51729    51134    63378    54637    36972        0    26360    73873    21940    63378    67414    45893 
   24513    62478    52115    34266    48126    68387    69759    10424    58037    73639     8095    12646    51284    62724    83449    52115   108683    87048    51689    71503    20593    64254    19938    73366    10424    20915    64254    25210    71503     8166    20593    48129    18927    48807     8299    56987    39385     4522    20593    38788        0    39385     8166    34266    18927    58037    56987    62478    74182    73366     4522    20304     3751    53448    56987    61381    77999    20915    39491    23181    20304    13199    62478    69759    29753    13180    14034   104156    16686    20593    38788    48129    73366    36990   104156    66907    49406 
   18918    99296    88812    61179    83422   103683    17561    46194    86413   110214    36830    31109    88102    79435    30771    88812    53489    43281    40104    22759    57411   101072    58189    21632    46194    20803   101072    25572    22759    43963    57411    45486    37365    26010    34689    14286        0    36322    57411    66274    39385        0    43963    61179    37365    86413    14286    99296    29185    21632    36322    31038    39791    90139    14286    98734    33002    20803    15034    59938    31038    40255    99296    17561    58561    50865    28821    50338    27161    57411    66274    45486    21632    42271    50338    22594    86153 
   29060    62408    52023    25226    43878    64139    60327     5447    49841    67512    13673    14909    51213    55168    73859    52023    98769    78103    51526    61776    18993    64183    27674    63775     5447    25462    64183    24600    61776        0    18993    39776    17347    48166    10304    56377    43963     9070    18993    29702     8166    43963        0    25226    17347    49841    56377    62408    64931    63775     9070    17745     5077    53350    56377    56032    68747    25462    38834    23149    17745    12685    62408    60327    20733    21151    18612    94232    21233    18993    29702    39776    63775    25626    94232    57316    49364 
   54021    72320    62691        0    24144    44404    73813    26822    25077    48878    39773    41030    61126    28980    87344    62691    66254    88294    42920    75261    33136    56380    53774    77261    26822    48222    56380    35570    75261    25226    33136    30077    32292    55471    36404    67347    61179    35170    33136     4938    34266    61179    25226        0    32292    25077    67347    72320    75429    77261    35170    37949    31177    64018    67347    37398    79245    48222    50049    43865    37949    31733    72320    73813    12614    47251    45980    66738    46194    33136     4938    30077    77261    21752    66738    70802    50954 
   22463    72166    61802    32292    56822    77083    49278    17532    57758    82334    20915    10524    60971    57255    59671    61802    88201    66566    39849    47588    30280    73941    36509    49587    17532    16663    73941    13371    47588    17347    30280    36290        0    36967     9702    45148    37365    15373    30280    37446    18927    37365    17347    32292        0    57758    45148    72166    53701    49587    15373     6391    12829    63135    45148    70077    57517    16663    27651    32868     6391     3649    72166    49278    24656    29986    14422    80044    14636    30280    37446    36290    49587    21923    80044    43128    59093 
   78934    56134    58814    25077    14782    32055    91333    49941        0    37307    64591    71912    51045    22830   104096    58814    85648   108622    58780    92013    41318    45084    77253    94012    49941    70412    45084    60804    92013    49841    41318    46500    57758    75798    71191   101162    86413    59922    41318    20139    58037    86413    49841    25077    57758        0   101162    56134    95756    94012    59922    66531    55860    48514   101162    25049    99573    70412    72597    52047    66531    57026    56134    91333    33248    71217    71273    83076    74777    41318    20139    46500    94012    42079    83076    87553    42431 
   31994   111660   101227    67347    99250   120489    15099    58609   101162   124963    71682    41414   100466    98387    23322   101227    46040    35833    42567    11404    69728   113436    90094     7119    58609    33041   113436    33263    11404    56377    69728    47949    45148    18562    49166        0    14286    49066    69728    81022    56987    14286    56377    67347    45148   101162        0   111660    22792     7119    49066    38726    51876   102554        0   113483    26760    33041    17496    72353    38726    44856   111660    15099    73309    84264    41584    42890    41727    69728    81022    47949     7119    59083    42890    15145    98568 
   84420        0    15358    72320    42839    47921   115687    59234    56134    40389    69033    70161    11921    78304   129218    15358   154129   133463   106886   117135    46453    27566   113376   119135    59234    80822    27566    79686   117135    62408    46453    85872    72166   103525    65663   111660    99296    64429    46453    59597    62478    99296    62408    72320    72166    56134   111660        0   120635   119135    64429    73105    60437     9453   111660    54027   124389    80822    94194    43409    73105    69287        0   115687    68116    68520    73927   149592    76593    46453    59597    85872   119135    81545   149592   112676    18645 
   46894   120635   109780    75429    94820   115083    13170    67162    95756   119557    66277    58430   109440    92981     9108   109780    34089    21619    43487     7810    78281   121807    84689    12268    67162    53960   121807    42864     7810    64931    78281    64731    53701    16633    57719    22792    29185    73069    78281    75617    74182    29185    64931    75429    53701    95756    22792   120635        0    12268    73069    52994    60429   111107    22792   108077    12546    53960    25756    80906    52994    53831   120635    13170    67904    78858    72949    29552    72887    78281    75617    64731    12268    53677    29552     9872   107121 
   38156   119135   108771    77261    93076   113336     8749    66052    94012   118588    65288    57392   107940    91231    17016   108771    39742    29483    39283     5626    77249   120910    83462        0    66052    39214   120910    41364     5626    63775    77249    44769    49587    12074    56672     7119    21632    72084    77249    73873    73366    21632    63775    77261    49587    94012     7119   119135    12268        0    72084    50316    59798   110105     7119   106331    20434    39214    23617    79837    50316    52331   119135     8749    66154    77688    71449    36521    47952    77249    73873    44769        0    51924    36521     9282   106062 
   21259    64429    53949    35170    50077    70338    68636    11331    59922    74749     6986     9582    53235    65162    82167    53949   107078    85935    49538    70084    22544    66205    22525    72084    11331    17662    66205    23059    70084     9070    22544    45837    15373    46656     6569    49066    36322        0    22544    39695     4522    36322     9070    35170    15373    59922    49066    64429    73069    72084        0    17050     4928    55276    49066    63332    76886    17662    37402    25132    17050    13124    64429    68636    30727    16002    10971   102541    13432    22544    39695    45837    72084    34839   102541    65625    51290 
   17802    73105    62741    37949    65595    85856    48571    20022    66531    91108    17805     6285    61910    63750    53393    62741    87495    65860    39143    50315    31219    74880    42686    50316    20022    11458    74880     9007    50315    17745    31219    35583     6391    36260     7744    38726    31038    17050    31219    46392    20304    31038    17745    37949     6391    66531    38726    73105    52994    50316    17050        0    13768    64074    38726    78850    56811    11458    26945    33807        0     9306    73105    48571    30312    31764     9735    82968     9953    31219    46392    35583    50316    24444    82968    45560    60032 
   24170    60437    49887    31177    46084    66345    56350     7269    55860    70687     8783    10408    49242    59635    69881    49887    94792    73295    46578    57798    18551    62212    22784    59798     7269    20573    62212    20099    57798     5077    18551    43018    12829    43695     6326    51876    39791     4928    18551    35634     3751    39791     5077    31177    12829    55860    51876    60437    60429    59798     4928    13768        0    51406    51876    59339    64246    20573    34857    21139    13768     9721    60437    56350    26665    16261    14440    90255    16343    18551    35634    43018    59798    31879    90255    53339    47228 
   75389     9453    10917    64018    35018    40402   106657    50203    48514    29841    60002    61086     2883    70684   120188    10917   145099   123972    97255   108105    37933    17186    59621   110105    50203    71792    17186    70777   108105    53350    37933    78129    63135    94373    56633   102554    90139    55276    37933    51976    53448    90139    53350    64018    63135    48514   102554     9453   111107   110105    55276    64074    51406        0   102554    44216   114923    71792    85164    34312    64074    60197     9453   106657    59086    59490    64788   140562    67562    37933    51976    78129   110105    70744   140562   103645    11025 
   31994   111660   101227    67347    99250   120489    15099    58609   101162   124963    71682    41414   100466    98387    23322   101227    46040    35833    42567    11404    69728   113436    90094     7119    58609    33041   113436    33263    11404    56377    69728    47949    45148    18562    49166        0    14286    49066    69728    81022    56987    14286    56377    67347    45148   101162        0   111660    22792     7119    49066    38726    51876   102554        0   113483    26760    33041    17496    72353    38726    44856   111660    15099    73309    84264    41584    42890    41727    69728    81022    47949     7119    59083    42890    15145    98568 
   83322    54027    54791    37398    14745    14779   102883    57106    25049    19253    67935    69078    46002    39936   116414    54791    94910   120943    71101   104331    44665    27784    80597   106331    57106    82730    27784    73125   104331    56032    44665    58733    70077    88119    64566   113483    98734    63332    44665    32458    61381    98734    56032    37398    70077    25049   113483    54027   108077   106331    63332    78850    59339    44216   113483        0   111894    82730    82261    55394    78850    69347    54027   102883    45567    74561    72781    95395    75495    44665    32458    58733   106331    54400    95395    99871    38699 
   50710   124389   113596    79245    98330   118899    16986    70979    99573   123374    70093    62647   113195    96798     5303   113596    20094     9886    33292    15283    82097   126165    88505    20434    70979    57776   126165    46618    15283    68747    82097    43420    57517    20449    61535    26760    33002    76886    82097    79433    77999    33002    68747    79245    57517    99573    26760   124389    12546    20434    76886    56811    64246   114923    26760   111894        0    57776    29572    84722    56811    57585   124389    16986    71720    82674    76703    16943    76704    82097    79433    43420    20434    57494    16943    13688   110937 
