dep8 0 0 60
**************************************DATA
7 84 480 8 1.33
**************************************DISTANCE
       0    15635    59695    18312    82335    14097    59695    61373    44696     9018    28987     9018    52348    17447    26059     9886    57107     9018    67607    31962    59695    87628    58867    25242    60764    42391    47688     6722    61561    48120    60764    27898    38194    31962    15614    15635    37410    31962    77195    66099    37410    59695    24097    21199    15614    57107    28987    29691    52469    15635     8034    63335    73204    77195    19778    61373    33434    58687    67607    27898    27898    33434    31202    48120     9018    31214    27005    31214    61561    73687    51407    59695    31962    59695    51407    55713    77195    36347    29691    15614    29691    54767    24718    31202    52396 
   15635        0    57762    35534    62319    26644    57762    69628    52952    19808    37243    19808    60603    33402    39005     5749    53700    19808    56617    40308    57762    62711    44963    17755    69020    53608    56127    22013    49797    56036    69020    36154    39181    40308    23869        0    29924    40308    58824    74317    29924    57762    32352    32416    23869    53700    37243    38050    60725        0    19250    71591    81459    58824    28034    69628    44650    66943    56617    36154    36154    44650    47157    56036    19808    39469    35364    39469    49797    72738    59662    57762    40308    57762    59662    63969    58824    44603    38050    23869    38050    63023    37664    47157    48078 
   59695    57762        0    59709    20147    64394        0    68711    52035    50677    36325    50677    59686    54210    49412    62137    29270    50677    38627    30169        0    37824    13192    49430    46415    92551    55209    54976     8095    55119    46415    32506    21706    30169    45303    57762    45613    30169    27114    73400    45613        0    37087    73193    45303    29270    36325    45588    59808    57762    69066    70674    80542    27114    38746    68711    73294    38420    38627    32506    32506    73294    59762    55119    50677    38552    42776    38552     8095    14062    58745        0    30169        0    58745    63051    27114    43686    45588    45303    45588    40944    52924    59762    18923 
   18312    35534    59709        0    82760     9872    59709    60749    44072    14607    28363    14607    52567     9698    24219    28676    75423    14607    88114    31976    59709    87642    58243    39049    60141    39217    47702    11738    61576    48134    60141    27223    37571    31976    19905    35534    51218    31976    76572    66114    51218    59709    24350    18158    19905    75423    28363    27707    52527    35534    23783    62712    72580    76572    23521    60749    29614    58063    88114    27223    27223    29614    23304    48134    14607    30590    25165    30590    61576    73063    50783    59709    31976    59709    50783    55089    76572    35724    27707    19905    27707    54986    15121    23304    64549 
   82335    62319    20147    82760        0    87445    20147    91762    75086    73728    59376    73728    81766    77261    72463    62286    23341    73728    27262    52605    20147    23522    21718    49247    91154   114634    76901    78027    18756    77333    91154    55142    45842    52605    68354    62319    40969    52605    11936    95313    40969    20147    60138    92833    68354    23341    59376    65549    81726    62319    73991    93725   103593    11936    61797    91762    95521    57675    27262    55142    55142    95521    81556    77333    73728    61603    65827    61603    18756    24457    81796    20147    52605    20147    81796    86102    11936    66737    65549    68354    65549    84185    74778    81556    14279 
   14097    26644    64394     9872    87445        0    64394    66153    46042    13728    30333    13728    57251    18885    26603    22912    80107    13728    90083    36661    64394    92327    63730    37416    65502    30841    52387     7384    66261    52819    65502    31907    43057    36661    19971    26644    49996    36661    78541    70798    49996    64394    28841     9782    19971    80107    30333    30235    57211    26644    14894    68115    77941    78541    24135    66153    22001    62369    90083    31907    31907    22001    24189    52819    13728    35852    27134    35852    66261    75033    55897    64394    36661    64394    55897    60488    78541    37693    30235    19971    30235    59670    25257    24189    69889 
   59695    57762        0    59709    20147    64394        0    68711    52035    50677    36325    50677    59686    54210    49412    62137    29270    50677    38627    30169        0    37824    13192    49430    46415    92551    55209    54976     8095    55119    46415    32506    21706    30169    45303    57762    45613    30169    27114    73400    45613        0    37087    73193    45303    29270    36325    45588    59808    57762    69066    70674    80542    27114    38746    68711    73294    38420    38627    32506    32506    73294    59762    55119    50677    38552    42776    38552     8095    14062    58745        0    30169        0    58745    63051    27114    43686    45588    45303    45588    40944    52924    59762    18923 
   61373    69628    68711    60749    91762    66153    68711        0    20043    52435    33791    52435    16132    55969    41822    63879    84424    52435    97069    40978    68711    96644    67198    69961    14302    77916    14225    55867    70578    15660    14302    36565    46526    40978    47062    69628    85298    40978    85527     8882    85298    68711    38846    71870    47062    84424    33791    37372     9450    69628    72224     2398    16025    85527    40505        0    61131    20887    97069    36565    36565    61131    60593    15660    52435    30796    35186    30796    70578    59146    14411    68711    40978    68711    14411     6422    85527    28273    37372    47062    37372    18683    53815    60593    73505 
   44696    52952    52035    44072    75086    46042    52035    20043        0    35678    16655    35678     7336    38424    24520    47202    67748    35678    80697    19664    52035    79967    51370    53284    15371    76995     7433    39191    53901     4526    15371    19888    30698    19664    29851    52952    68657    19664    69970    24688    68657    52035    22438    55194    29851    67748    16655    20696    10555    52952    55548    22005    31831    69970    24180    20043    57882    12559    80697    19888    19888    57882    30944     4526    35678    14119    18046    14119    53901    46525     6086    52035    19664    52035     6086    14378    69970    11574    20696    29851    20696    10397    37139    30944    57530 
    9018    19808    50677    14607    73728    13728    50677    52435    35678        0    19969        0    43534    13594    17719    14059    66390        0    79719    22944    50677    78610    50012    23699    51785    43596    38670     6529    52544    39102    51785    18190    29340    22944     6596    19808    36621    22944    68177    57081    36621    50677    15124    22538     6596    66390    19969    20870    43494    19808    18415    54398    64224    68177    10760    52435    33369    48652    79719    18190    18190    33369    27349    39102        0    22135    18090    22135    52544    64669    42179    50677    22944    50677    42179    46771    68177    27329    20870     6596    20870    45953    16374    27349    56155 
   28987    37243    36325    28363    59376    30333    36325    33791    16655    19969        0    19969    24890    22715    14430    31493    52039    19969    64988     7976    36325    64258    35661    37575    33140    61286    20026    23481    38192    20458    33140     3699    14989     7976    14141    37243    52948     7976    54261    38437    52948    36325     6728    39485    14141    52039        0    10606    24850    37243    39839    35754    45580    54261     8361    33791    42173    30008    64988     3699     3699    42173    28208    20458    19969     3103     7922     3103    38192    49875    23535    36325     7976    36325    23535    28126    54261     8306    10606    14141    10606    27309    21429    28208    41821 
    9018    19808    50677    14607    73728    13728    50677    52435    35678        0    19969        0    43534    13594    17719    14059    66390        0    79719    22944    50677    78610    50012    23699    51785    43596    38670     6529    52544    39102    51785    18190    29340    22944     6596    19808    36621    22944    68177    57081    36621    50677    15124    22538     6596    66390    19969    20870    43494    19808    18415    54398    64224    68177    10760    52435    33369    48652    79719    18190    18190    33369    27349    39102        0    22135    18090    22135    52544    64669    42179    50677    22944    50677    42179    46771    68177    27329    20870     6596    20870    45953    16374    27349    56155 
   52348    60603    59686    52567    81766    57251    59686    16132     7336    43534    24890    43534        0    47067    32920    54995    75399    43534    88168    31953    59686    87619    58297    61483    17946    70904     5908    47834    61553     5882    17946    27540    37625    31953    38160    60603    76396    31953    76626    23422    76396    59686    29944    62845    38160    75399    24890    21375     9835    60603    61924    20517    30385    76626    31604    16132    54067    15766    88168    27540    27540    54067    27911     5882    43534    21799    26285    21799    61553    55177     9290    59686    31953    59686     9290    12895    76626    19371    21375    38160    21375    13601    44790    27911    64603 
   17447    33402    54210     9698    77261    18885    54210    55969    38424    13594    22715    13594    47067        0    16981    27653    69923    13594    82466    26477    54210    82143    52595    37283    54493    38888    42203    10725    56077    42635    54493    21724    31923    26477    16518    33402    50204    26477    70924    60614    50204    54210    18702    27171    16518    69923    22715    22207    47028    33402    26844    57064    67757    70924    17873    55969    19775    52415    82466    21724    21724    19775    13755    42635    13594    25668    19517    25668    56077    67415    45135    54210    26477    54210    45135    49441    70924    30076    22207    16518    22207    49486     5572    13755    58901 
   26059    39005    49412    24219    72463    26603    49412    41822    24520    17719    14430    17719    32920    16981        0    33255    65125    17719    75775    21679    49412    77345    45904    40636    41171    55551    28056    19338    51278    28488    41171    17265    25232    21679    16577    39005    64004    21679    64233    46467    64004    49412    13723    35341    16577    65125    14430     3829    32880    39005    35456    43159    53610    64233    13561    41822    36438    38511    75775    17265    17265    36438    18278    28488    17719    11544     6633    11544    51278    60725    31230    49412    21679    49412    31230    35537    64233    12054     3829    16577     3829    35339    12676    18278    52211 
    9886     5749    62137    28676    62286    22912    62137    63879    47202    14059    31493    14059    54995    27653    33255        0    50467    14059    58370    34404    62137    69334    45078    14902    63271    49751    50130    16263    49851    50562    63271    29651    40701    34404    18120     5749    27848    34404    58939    68542    27848    62137    26603    28692    18120    50467    31493    32330    54955     5749    15578    65841    75684    58939    22284    63879    40910    61193    58370    29651    29651    40910    41417    50562    14059    33595    29614    33595    49851    76193    53913    62137    34404    62137    53913    58219    58939    38854    32330    18120    32330    57413    31946    41417    48193 
   57107    53700    29270    75423    23341    80107    29270    84424    67748    66390    52039    66390    75399    69923    65125    50467        0    66390    10956    45767    29270    14149    17820    36002    83816   108264    70064    70689    21210    70496    83816    48220    38505    45767    61016    53700    23001    45767    12943    88475    23001    29270    52800    76063    61016        0    52039    61301    75521    53700    62898    86387    96256    12943    54460    84424    89007    81739    10956    48220    48220    89007    75475    70496    66390    54265    58490    54265    21210    40859    74459    29270    45767    29270    74459    78765    12943    59399    61301    61016    61301    77819    67940    75475    10380 
    9018    19808    50677    14607    73728    13728    50677    52435    35678        0    19969        0    43534    13594    17719    14059    66390        0    79719    22944    50677    78610    50012    23699    51785    43596    38670     6529    52544    39102    51785    18190    29340    22944     6596    19808    36621    22944    68177    57081    36621    50677    15124    22538     6596    66390    19969    20870    43494    19808    18415    54398    64224    68177    10760    52435    33369    48652    79719    18190    18190    33369    27349    39102        0    22135    18090    22135    52544    64669    42179    50677    22944    50677    42179    46771    68177    27329    20870     6596    20870    45953    16374    27349    56155 
   67607    56617    38627    88114    27262    90083    38627    97069    80697    79719    64988    79719    88168    82466    75775    58370    10956    79719        0    59007    38627     8485    28878    43422    96418   121036    83304    83232    32314    83735    96418    61544    51285    59007    73965    56617    32207    59007    16048   101715    32207    38627    66479    99235    73965    10956    64988    71951    88128    56617    74961    99032   108858    16048    67409    97069   101923    93286        0    61544    61544   101923    87958    83735    79719    66768    71439    66768    32314    50985    86813    38627    59007    38627    86813    91404    16048    72348    71951    73965    71951    90587    81180    87958    21517 
   31962    40308    30169    31976    52605    36661    30169    40978    19664    22944     7976    22944    31953    26477    21679    34404    45767    22944    59007        0    30169    58102    29136    40559    40370    64818    26619    27243    32036    27051    40370     4778     8464        0    17570    40308    47236        0    47465    45030    47236    30169     9354    45460    17570    45767     7976    17855    32075    40308    41333    42941    52809    47465    11013    40978    45561    32725    59007     4778     4778    45561    32029    27051    22944    10819    15043    10819    32036    43957    31012    30169        0    30169    31012    35318    47465    15953    17855    17570    17855    28806    25191    32029    35443 
   59695    57762        0    59709    20147    64394        0    68711    52035    50677    36325    50677    59686    54210    49412    62137    29270    50677    38627    30169        0    37824    13192    49430    46415    92551    55209    54976     8095    55119    46415    32506    21706    30169    45303    57762    45613    30169    27114    73400    45613        0    37087    73193    45303    29270    36325    45588    59808    57762    69066    70674    80542    27114    38746    68711    73294    38420    38627    32506    32506    73294    59762    55119    50677    38552    42776    38552     8095    14062    58745        0    30169        0    58745    63051    27114    43686    45588    45303    45588    40944    52924    59762    18923 
   87628    62711    37824    87642    23522    92327    37824    96644    79967    78610    64258    78610    87619    82143    77345    69334    14149    78610     8485    58102    37824        0    28147    49694    96036   120484    83142    82909    31530    83052    96036    60439    50724    58102    73236    62711    36693    58102    16294   101332    36693    37824    65020   101126    73236    14149    64258    73521    87741    62711    79480    98607   108475    16294    66679    96644   101227    93958     8485    60439    60439   101227    87694    83052    78610    66485    70709    66485    31530    50256    86678    37824    58102    37824    86678    90984    16294    71619    73521    73236    73521    90039    80857    87694    20708 
   58867    44963    13192    58243    21718    63730    13192    67198    51370    50012    35661    50012    58297    52595    45904    45078    17820    50012    28878    29136    13192    28147        0    31220    66547    91165    53433    53361     5861    53865    66547    31673    22127    29136    44639    44963    28003    29136    17365    71844    28003    13192    36423    69364    44639    17820    35661    42080    58257    44963    56635    70010    78987    17365    38082    67198    72052    65361    28878    31673    31673    72052    58087    53865    50012    36897    42112    36897     5861    27153    58081    13192    29136    13192    58081    62387    17365    43022    42080    44639    42080    60716    51309    58087     7427 
   25242    17755    49430    39049    49247    37416    49430    69961    53284    23699    37575    23699    61483    37283    40636    14902    36002    23699    43422    40559    49430    49694    31220        0    69353    65107    56619    30147    36812    57050    69353    33100    30063    40559    25500    17755    12900    40559    45081    75030    12900    49430    30901    44048    25500    36002    37575    40431    61443    17755    30934    71923    81792    45081    29058    69961    56266    57672    43422    33100    33100    56266    51790    57050    23699    39802    36995    39802    36812    63619    59995    49430    40559    49430    59995    64301    45081    44936    40431    25500    40431    63902    40048    51790    34335 
   60764    69020    46415    60141    91154    65502    46415    14302    15371    51785    33140    51785    17946    54493    41171    63271    83816    51785    96418    40370    46415    96036    66547    69353        0    93063    12896    55259    51838    15051        0    35957    45875    40370    46411    69020    84647    40370    84876     9889    84647    46415    38195    71262    46411    83816    33140    36764     8295    69020    71616    12959    17032    84876    39854    14302    73950    10797    96418    35957    35957    73950    59985    15051    51785    30188    34535    30188    51838    44844     9739    46415    40370    46415     9739    12081    84876    27622    36764    46411    36764    12032    53207    59985    72854 
   42391    53608    92551    39217   114634    30841    92551    77916    76995    43596    61286    43596    70904    38888    55551    49751   108264    43596   121036    64818    92551   120484    91165    65107    93063        0    80544    37280    94418    80976    93063    60197    70493    64818    50181    53608    77275    64818   109494    98956    77275    92551    58664    21913    50181   108264    61286    60773    84768    53608    39212    79265   105503   109494    54346    77916    19113    90986   121036    60197    60197    19113    41141    80976    43596    63513    58087    63513    94418   105986    83706    92551    64818    92551    83706    88012   109494    68646    60773    50181    60773    87066    42522    41141    97472 
   47688    56127    55209    47702    76901    52387    55209    14225     7433    38670    20026    38670     5908    42203    28056    50130    70064    38670    83304    26619    55209    83142    53433    56619    12896    80544        0    42969    57076     2019    12896    22464    32761    26619    33296    56127    71532    26619    71762    18913    71532    55209    25080    61186    33296    70064    20026    21275     5322    56127    57060    16188    26056    71762    26739    14225    61287    10088    83304    22464    22464    61287    47755     2019    38670    16934    21421    16934    57076    50313     3612    55209    26619    55209     3612     8565    71762    14507    21275    33296    21275     7923    40917    47755    59739 
    6722    22013    54976    11738    78027     7384    54976    55867    39191     6529    23481     6529    47834    10725    19338    16263    70689     6529    83232    27243    54976    82909    53361    30147    55259    37280    42969        0    56843    43401    55259    22490    32689    27243    13113    22013    43139    27243    71690    61381    43139    54976    19469    16221    13113    70689    23481    22974    47794    22013    16119    57830    68523    71690    17278    55867    28440    53182    83232    22490    22490    28440    24480    43401     6529    26434    20283    26434    56843    68181    45901    54976    27243    54976    45901    50207    71690    30842    22974    13113    22974    50252    17996    24480    59667 
   61561    49797     8095    61576    18756    66261     8095    70578    53901    52544    38192    52544    61553    56077    51278    49851    21210    52544    32314    32036     8095    31530     5861    36812    51838    94418    57076    56843        0    56986    51838    34373    23572    32036    47170    49797    37553    32036    20801    75266    37553     8095    38954    75060    47170    21210    38192    47455    61675    49797    59997    72541    82409    20801    40613    70578    75161    43843    32314    34373    34373    75161    61628    56986    52544    40419    44643    40419        0    22056    60612     8095    32036     8095    60612    64918    20801    45553    47455    47170    47455    46366    54791    61628    10863 
   48120    56036    55119    48134    77333    52819    55119    15660     4526    39102    20458    39102     5882    42635    28488    50562    70496    39102    83735    27051    55119    83052    53865    57050    15051    80976     2019    43401    56986        0    15051    22896    33193    27051    33728    56036    71964    27051    72194    20348    71964    55119    25512    61618    33728    70496    20458    21707     6756    56036    57491    17622    27491    72194    27171    15660    61719    12031    83735    22896    22896    61719    30599        0    39102    17366    21853    17366    56986    50745     5555    55119    27051    55119     5555    10000    72194    14939    21707    33728    21707     9866    41349    30599    60171 
   60764    69020    46415    60141    91154    65502    46415    14302    15371    51785    33140    51785    17946    54493    41171    63271    83816    51785    96418    40370    46415    96036    66547    69353        0    93063    12896    55259    51838    15051        0    35957    45875    40370    46411    69020    84647    40370    84876     9889    84647    46415    38195    71262    46411    83816    33140    36764     8295    69020    71616    12959    17032    84876    39854    14302    73950    10797    96418    35957    35957    73950    59985    15051    51785    30188    34535    30188    51838    44844     9739    46415    40370    46415     9739    12081    84876    27622    36764    46411    36764    12032    53207    59985    72854 
   27898    36154    32506    27223    55142    31907    32506    36565    19888    18190     3699    18190    27540    21724    17265    29651    48220    18190    61544     4778    32506    60439    31673    33100    35957    60197    22464    22490    34373    22896    35957        0    11001     4778    12817    36154    49772     4778    50002    40875    49772    32506     4601    40706    12817    48220     3699    13442    27289    36154    36580    38528    48396    50002     6260    36565    40808    33879    61544        0        0    40808    27275    22896    18190     6406    10630     6406    34373    46493    26599    32506     4778    32506    26599    30905    50002    11540    13442    12817    13442    29960    20340    27275    37980 
   38194    39181    21706    37571    45842    43057    21706    46526    30698    29340    14989    29340    37625    31923    25232    40701    38505    29340    51285     8464    21706    50724    22127    30063    45875    70493    32761    32689    23572    33193    45875    11001        0     8464    23966    39181    39514     8464    39743    51172    39514    21706    15750    48692    23966    38505    14989    21408    37585    39181    49046    49337    58315    39743    17409    46526    51380    28258    51285    11001    11001    51380    37415    33193    29340    16225    21439    16225    23572    35666    37408    21706     8464    21706    37408    41715    39743    22349    21408    23966    21408    40044    30637    37415    27721 
   31962    40308    30169    31976    52605    36661    30169    40978    19664    22944     7976    22944    31953    26477    21679    34404    45767    22944    59007        0    30169    58102    29136    40559    40370    64818    26619    27243    32036    27051    40370     4778     8464        0    17570    40308    47236        0    47465    45030    47236    30169     9354    45460    17570    45767     7976    17855    32075    40308    41333    42941    52809    47465    11013    40978    45561    32725    59007     4778     4778    45561    32029    27051    22944    10819    15043    10819    32036    43957    31012    30169        0    30169    31012    35318    47465    15953    17855    17570    17855    28806    25191    32029    35443 
   15614    23869    45303    19905    68354    19971    45303    47062    29851     6596    14141     6596    38160    16518    16577    18120    61016     6596    73965    17570    45303    73236    44639    25500    46411    50181    33296    13113    47170    33728    46411    12817    23966    17570        0    23869    38386    17570    63239    51707    38386    45303     9750    29122        0    61016    14141    15496    38121    23869    26465    49024    58850    63239     4933    47062    35975    43278    73965    12817    12817    35975    25517    33728     6596    16761    12812    16761    47170    58841    36806    45303    17570    45303    36806    41397    63239    21502    15496        0    15496    40579    15232    25517    50798 
   15635        0    57762    35534    62319    26644    57762    69628    52952    19808    37243    19808    60603    33402    39005     5749    53700    19808    56617    40308    57762    62711    44963    17755    69020    53608    56127    22013    49797    56036    69020    36154    39181    40308    23869        0    29924    40308    58824    74317    29924    57762    32352    32416    23869    53700    37243    38050    60725        0    19250    71591    81459    58824    28034    69628    44650    66943    56617    36154    36154    44650    47157    56036    19808    39469    35364    39469    49797    72738    59662    57762    40308    57762    59662    63969    58824    44603    38050    23869    38050    63023    37664    47157    48078 
   37410    29924    45613    51218    40969    49996    45613    85298    68657    36621    52948    36621    76396    50204    64004    27848    23001    36621    32207    47236    45613    36693    28003    12900    84647    77275    71532    43139    37553    71964    84647    49772    39514    47236    38386    29924        0    47236    36189    89943        0    45613    45113    56216    38386    23001    52948    60180    76356    29924    43102    87260    97086    36189    41944    85298    68435    81514    32207    49772    49772    68435    63959    71964    36621    54997    59399    54997    37553    58060    75042    45613    47236    45613    75042    79633    36189    60308    60180    38386    60180    78815    52216    63959    26756 
   31962    40308    30169    31976    52605    36661    30169    40978    19664    22944     7976    22944    31953    26477    21679    34404    45767    22944    59007        0    30169    58102    29136    40559    40370    64818    26619    27243    32036    27051    40370     4778     8464        0    17570    40308    47236        0    47465    45030    47236    30169     9354    45460    17570    45767     7976    17855    32075    40308    41333    42941    52809    47465    11013    40978    45561    32725    59007     4778     4778    45561    32029    27051    22944    10819    15043    10819    32036    43957    31012    30169        0    30169    31012    35318    47465    15953    17855    17570    17855    28806    25191    32029    35443 
   77195    58824    27114    76572    11936    78541    27114    85527    69970    68177    54261    68177    76626    70924    64233    58939    12943    68177    16048    47465    27114    16294    17365    45081    84876   109494    71762    71690    20801    72194    84876    50002    39743    47465    63239    58824    36189    47465        0    90173    36189    27114    54937    87693    63239    12943    54261    60409    76586    58824    70496    87490    97316        0    56682    85527    90381    81744    16048    50002    50002    90381    76416    72194    68177    55226    59341    55226    20801    34119    75271    27114    47465    27114    75271    79862        0    61622    60409    63239    60409    79045    69638    76416    10004 
   66099    74317    73400    66114    95313    70798    73400     8882    24688    57081    38437    57081    23422    60614    46467    68542    88475    57081   101715    45030    73400   101332    71844    75030     9889    98956    18913    61381    75266    20348     9889    40875    51172    45030    51707    74317    89943    45030    90173        0    89943    73400    43491    79597    51707    88475    38437    39686    14134    74317    75471     7524     7143    90173    45151     8882    79698    20686   101715    40875    40875    79698    66166    20348    57081    35346    39832    35346    75266    54733    19056    73400    45030    73400    19056    11201    90173    32918    39686    51707    39686    22072    59329    66166    78151 
   37410    29924    45613    51218    40969    49996    45613    85298    68657    36621    52948    36621    76396    50204    64004    27848    23001    36621    32207    47236    45613    36693    28003    12900    84647    77275    71532    43139    37553    71964    84647    49772    39514    47236    38386    29924        0    47236    36189    89943        0    45613    45113    56216    38386    23001    52948    60180    76356    29924    43102    87260    97086    36189    41944    85298    68435    81514    32207    49772    49772    68435    63959    71964    36621    54997    59399    54997    37553    58060    75042    45613    47236    45613    75042    79633    36189    60308    60180    38386    60180    78815    52216    63959    26756 
   59695    57762        0    59709    20147    64394        0    68711    52035    50677    36325    50677    59686    54210    49412    62137    29270    50677    38627    30169        0    37824    13192    49430    46415    92551    55209    54976     8095    55119    46415    32506    21706    30169    45303    57762    45613    30169    27114    73400    45613        0    37087    73193    45303    29270    36325    45588    59808    57762    69066    70674    80542    27114    38746    68711    73294    38420    38627    32506    32506    73294    59762    55119    50677    38552    42776    38552     8095    14062    58745        0    30169        0    58745    63051    27114    43686    45588    45303    45588    40944    52924    59762    18923 
   24097    32352    37087    24350    60138    28841    37087    38846    22438    15124     6728    15124    29944    18702    13723    26603    52800    15124    66479     9354    37087    65020    36423    30901    38195    58664    25080    19469    38954    25512    38195     4601    15750     9354     9750    32352    45113     9354    54937    43491    45113    37087        0    37606     9750    52800     6728     9899    29905    32352    34949    41077    50634    54937     4463    38846    38160    36429    66479     4601     4601    38160    24195    25512    15124     8545     6949     8545    38954    51428    29148    37087     9354    37087    29148    33181    54937    14089     9899     9750     9899    32363    17416    24195    42914 
   21199    32416    73193    18158    92833     9782    73193    71870    55194    22538    39485    22538    62845    27171    35341    28692    76063    22538    99235    45460    73193   101126    69364    44048    71262    21913    61186    16221    75060    61618    71262    40706    48692    45460    29122    32416    56216    45460    87693    79597    56216    73193    37606        0    29122    76063    39485    38972    66010    32416    18154    73833    83701    87693    33287    71870    12236    69185    99235    40706    40706    12236    24546    61618    22538    41711    36286    41711    75060    84184    61904    73193    45460    73193    61904    66211    87693    46845    38972    29122    38972    65265    25662    24546    75671 
   15614    23869    45303    19905    68354    19971    45303    47062    29851     6596    14141     6596    38160    16518    16577    18120    61016     6596    73965    17570    45303    73236    44639    25500    46411    50181    33296    13113    47170    33728    46411    12817    23966    17570        0    23869    38386    17570    63239    51707    38386    45303     9750    29122        0    61016    14141    15496    38121    23869    26465    49024    58850    63239     4933    47062    35975    43278    73965    12817    12817    35975    25517    33728     6596    16761    12812    16761    47170    58841    36806    45303    17570    45303    36806    41397    63239    21502    15496        0    15496    40579    15232    25517    50798 
   57107    53700    29270    75423    23341    80107    29270    84424    67748    66390    52039    66390    75399    69923    65125    50467        0    66390    10956    45767    29270    14149    17820    36002    83816   108264    70064    70689    21210    70496    83816    48220    38505    45767    61016    53700    23001    45767    12943    88475    23001    29270    52800    76063    61016        0    52039    61301    75521    53700    62898    86387    96256    12943    54460    84424    89007    81739    10956    48220    48220    89007    75475    70496    66390    54265    58490    54265    21210    40859    74459    29270    45767    29270    74459    78765    12943    59399    61301    61016    61301    77819    67940    75475    10380 
   28987    37243    36325    28363    59376    30333    36325    33791    16655    19969        0    19969    24890    22715    14430    31493    52039    19969    64988     7976    36325    64258    35661    37575    33140    61286    20026    23481    38192    20458    33140     3699    14989     7976    14141    37243    52948     7976    54261    38437    52948    36325     6728    39485    14141    52039        0    10606    24850    37243    39839    35754    45580    54261     8361    33791    42173    30008    64988     3699     3699    42173    28208    20458    19969     3103     7922     3103    38192    49875    23535    36325     7976    36325    23535    28126    54261     8306    10606    14141    10606    27309    21429    28208    41821 
   29691    38050    45588    27707    65549    30235    45588    37372    20696    20870    10606    20870    21375    22207     3829    32330    61301    20870    71951    17855    45588    73521    42080    40431    36764    60773    21275    22974    47455    21707    36764    13442    21408    17855    15496    38050    60180    17855    60409    39686    60180    45588     9899    38972    15496    61301    10606        0    26099    38050    39259    39335    49203    60409     9737    37372    41291    34687    71951    13442    13442    41291    21949    21707    20870     7190     2810     7190    47455    56901    27406    45588    17855    45588    27406    31713    60409     6822        0    15496        0    30767    16505    21949    48387 
   52469    60725    59808    52527    81726    57211    59808     9450    10555    43494    24850    43494     9835    47028    32880    54955    75521    43494    88128    32075    59808    87741    58257    61443     8295    84768     5322    47794    61675     6756     8295    27289    37585    32075    38121    60725    76356    32075    76586    14134    76356    59808    29905    66010    38121    75521    24850    26099        0    60725    61884    11413    21281    76586    31564     9450    66112    11399    88128    27289    27289    66112    52579     6756    43494    21759    26245    21759    61675    55138     4923    59808    32075    59808     4923     3790    76586    19331    26099    38121    26099     9233    44912    52579    64564 
   15635        0    57762    35534    62319    26644    57762    69628    52952    19808    37243    19808    60603    33402    39005     5749    53700    19808    56617    40308    57762    62711    44963    17755    69020    53608    56127    22013    49797    56036    69020    36154    39181    40308    23869        0    29924    40308    58824    74317    29924    57762    32352    32416    23869    53700    37243    38050    60725        0    19250    71591    81459    58824    28034    69628    44650    66943    56617    36154    36154    44650    47157    56036    19808    39469    35364    39469    49797    72738    59662    57762    40308    57762    59662    63969    58824    44603    38050    23869    38050    63023    37664    47157    48078 
    8034    19250    69066    23783    73991    14894    69066    72224    55548    18415    39839    18415    61924    26844    35456    15578    62898    18415    74961    41333    69066    79480    56635    30934    71616    39212    57060    16119    59997    57491    71616    36580    49046    41333    26465    19250    43102    41333    70496    75471    43102    69066    34949    18154    26465    62898    39839    39259    61884    19250        0    74187    84056    70496    30630    72224    30310    69539    74961    36580    36580    30310    38005    57491    18415    42065    36401    42065    59997    84539    62259    69066    41333    69066    62259    66565    70496    47199    39259    26465    39259    65619    32733    38005    59750 
   63335    71591    70674    62712    93725    68115    70674     2398    22005    54398    35754    54398    20517    57064    43159    65841    86387    54398    99032    42941    70674    98607    70010    71923    12959    79265    16188    57830    72541    17622    12959    38528    49337    42941    49024    71591    87260    42941    87490     7524    87260    70674    41077    73833    49024    86387    35754    39335    11413    71591    74187        0    14667    87490    42468     2398    62480    22850    99032    38528    38528    62480    62556    17622    54398    32758    37149    32758    72541    57822    16373    70674    42941    70674    16373     8470    87490    30235    39335    49024    39335    20646    55778    62556    75467 
