dep5 0 0 60
**************************************DATA
9 116 480 8 1.33
**************************************DISTANCE
       0    85531    71285   111920    88122    14422    31126    39004    24319    13664    64852    44900    39409   126524    71285   115812    58837   126524    41530    41711    24319    66809    56180    46881    54005     9506    11128   123611    46870   109322    65292    13664   123637    35539    48985    36535    11128   127685   124262   124549   115812    58837    18758    11128    38858    71018   126524    54005    48985    74520   114458    71018   141080    61806    30421    66718    13664    41530    66809    68570    58837    75479    46192    54005    56180    39409    46192    50390    68570    47215     9506   141080    41621    61806    39409    30421    68732    30421    50497    54013    32719    84539   127685    50497    48145   123637    42738    85531    88625    52694   114458    88057    18487    71018    14422    59096    90299    58989    64852   127685   115812    30666    12695    61806   123611    32719    55310   147546    60049    94216   124171    37358    54485   121231    50497    78167    31057 
   85531        0    93003   105774    69469    71705    51782    55409    64117    75840    46104    38823    55370    92138    93003    81405    47156    92138    55991    57178    64117    25904    49102    57542    76475    73573    87424    57784    34787    59532    84275    75840    73847    57670    72333    56239    87424   110831    74663    95566    81405    47156    71201    87424    42971    52260    92138    76475    72333    21434    80052    52260   124585    22716    60263    59604    75840    55991    25904    15425    47156    56720    44263    76475    49102    55370    44263    76110    15425    53288    73573   124585    65401    22716    55370    60263    35267    60263    60629    27797    49387    52925   110831    60629    50435    73847    85308        0   110376    29271    80052   109775    64348    52260    71705    83688    61516    25600    46104   110831    81405    57436    95407    22716    57784    49387    28979   130636    52971    62605   104074    50831    44905    86846    60629    46547    58985 
   71285    93003        0    32459    58976    59553    63661    46519    72108    77425    60539    65680    66561   106553        0   110712    54768   106553    81681    32815    72108    68683    52034    49899    35494    68712    82677   118512    82454   104223    29379    77425   118538    83495    22327    54021    82677    48226   120193    40981   110712    54768    53400    82677    59763    66695   106553    35494    22327    76010   109359    66695    61615    70491    85953    41214    77425    81681    68683    89474    54768    72330    49220    35494    52034    66561    49220    31800    89474    33504    68712    61615    30466    70491    66561    85953   104732    85953    27905    74698    75078    80365    48226    27905    37102   118538    44326    93003    19942    88695   109359    16847    79335    66695    59553    14685    85200    79894    60539    48226   110712    62254    74602    70491   118512    75078    76214    68031    55903    90045    44707    62709    50338   111845    27905    73987    70864 
  111920   105774    32459        0    35751   106278   101306    84286   109906   124150    59669   103450   104206    74359    32459    86835    70866    74359   119317    70221   109906    79870    88726    87524    73955   115436   129402   127257   120516   114375    64924   124150   122750   121140    60904    91717   129402    15995   110908    16879    86835    70866   100124   129402    97408    54382    74359    73955    60904    88110    91694    54382    29390   107897   123720    73598   124150   119317    79870   127119    70866    49105    86835    73955    88726   104206    86835    70738   127119    72132   115436    29390    68927   107897   104206   123720   142377   123720    66532   112562   112845    88574    15995    66532    74833   122750    82788   105774    20955   126340    91694    17857   116980    54382   106278    47069    93945   117539    59669    15995    86835    99899   113063   107897   127257   112845   113859    35802    93814    97862    12481   100354    87030    79616    66532    81813   108833 
   88122    69469    58976    35751        0    75363    72220    53371    80819    93236    23365    62212    75119    93866    58976    83153    34456    93866    90231    54328    80819    43566    38381    53994    66719    84522    98487    90953    91429    76664    75187    93236    90979    92054    63202    60803    98487    40825    91993    25543    83153    34456    69210    98487    62098    22740    93866    66719    63202    51806    81800    22740    54220    48743    94634    43569    93236    90231    43566    63115    34456    25490    42935    66719    38381    75119    42935    63105    63115    50719    84522    54220    55645    48743    75119    94634    83787    94634    58060    57119    83759    51881    40825    58060    47573    90979    75552    69469    41816    77151    81800    44377    81363    22740    75363    72521    57641    51624    23365    40825    83153    68984   100669    48743    90953    83759    66996    60425    42250    61558    33710    71268    34184    88573    58060    45509    79747 
   14422    71705    59553   106278    75363        0    20076    26399    17760    18574    51998    34885    28407   113834    59553   103207    46227   113834    40972    29101    17760    56680    43493    34218    41400     9860    23826   111007    52543    96718    59904    18574   111033    37475    36381    25615    23826   122044   111652   119047   103207    46227     6154    23826    27856    58154   113834    41400    36381    63518   101854    58154   128476    51677    30488    54114    18574    40972    56680    57568    46227    62614    33539    41400    43493    28407    33539    38938    57568    34610     9860   128476    29017    51677    28407    30488    74479    30488    37893    43904    32182    71823   122044    37893    35573   111033    50233    71705    76021    58442   101854    76325    18841    58154        0    46491    77695    47987    51998   122044   103207    18062    26007    51677   111007    32182    44308   141849    47361    81504   111567    26356    41797   108541    37893    65445    19673 
   31126    51782    63661   101306    72220    20076        0    22798     8955    27981    48854    14963    14062   110690    63661    94150    43083   110690    31847    35729     8955    36758    40349    17571    46021    27632    41597   101950    32621    87661    54933    27981   101976    31963    41879     8281    41597   117072   108508   114075    94150    43083    18968    41597     7917    55010   110690    46021    41879    43579    92797    55010   129147    31755    26958    49075    27981    31847    36758    37629    43083    59471    30395    46021    40349    14062    30395    46768    37629    36867    27632   129147    34946    31755    14062    26958    54540    26958    41794    23982    25244    68679   117072    41794    29362   101976    58049    51782    79922    38503    92797    80433    15828    55010    20076    53234    68638    28048    48854   117072    94150    11536    43779    31755   101950    25244    24369   136877    44218    78360   112238     6471    38653   105398    41794    62302     8986 
   39004    55409    46519    84286    53371    26399    22798        0    35526    44272    30006    29097    30594    91842    46519    81215    24235    91842    45099     8830    35526    38149    21501    12226    20915    35558    49523    89015    45872    74726    37913    44272    89041    47528    15895    15110    49523   100052    89660    97055    81215    24235    20246    49523    23796    36162    91842    20915    15895    45581    79862    36162   113084    32818    50108    32122    44272    45099    38149    49054    24235    40622    11547    20915    21501    30594    11547    18667    49054    12767    35558   113084     8531    32818    30594    50108    68765    50108    25731    38116    38495    49831   100052    25731     9860    89041    29748    55409    63859    52728    79862    63413    35691    36162    26399    37171    55703    35491    30006   100052    81215    23313    51705    32818    89015    38495    40247   119857    25370    59512    96175    26742    19805    86549    25731    43454    34897 
   24319    64117    72108   109906    80819    17760     8955    35526        0    17985    56735    23563    10050   119290    72108   103677    51682   119290    20762    44329        0    45394    48063    26164    55547    15939    29931   111476    26045    97187    62886    17985   111502    19159    51405    19640    29931   125279   117108   122143   103677    51682    20529    29931    17444    62901   119290    55547    51405    53105   102324    62901   138674    40355    14041    58601    17985    20762    45394    45852    51682    68070    38075    55547    48063    10050    38075    55368    45852    46393    15939   138674    44473    40355    10050    14041    47907    14041    51320    32581    16293    77279   125279    51320    43192   111502    64380    64117    89448    31870   102324    89033     5832    62901    17760    62760    78164    37575    56735   125279   103677    17000    36870    40355   111476    16293    33895   145477    52817    86959   121765    12056    46368   113997    51320    70901     1316 
   13664    75840    77425   124150    93236    18574    27981    44272    17985        0    69870    42790    27396   131706    77425   120994    64099   131706    29776    46973    17985    69862    61365    45398    59273     7121    13034   128815    40517   114590    77777        0   128755    23325    55238    33520    13034   139916   129524   136919   120994    64099    24026    13034    36638    76026   131706    59273    55238    71492   119656    76026   153260    63958    18207    71903        0    29776    69862    60415    64099    80487    51411    59273    61365    27396    51411    56810    60415    52483     7121   153260    46895    63958    27396    18207    62391    18207    56612    54372    26465    89696   139916    56612    53446   128755    56396    75840    94765    46364   119656    94198    12153    76026    18574    64364    95449    61141    69870   139916   120994    30835    26359    63958   128815    26465    46225   159721    65234    99376   136372    28698    59669   126414    56612    83318    19618 
   64852    46104    60539    59669    23365    51998    48854    30006    56735    69870        0    39146    51754    70905    60539    59788    11186    70905    66308    31058    56735    20200    15015    30629    43354    61157    75122    67588    68064    53299    51822    69870    67614    68689    39837    37437    75122    64878    68723    49596    59788    11186    45844    75122    38733     6290    70905    43354    39837    28441    58435     6290    78273    25706    71269    20204    69870    66308    20200    39750    11186    10616    19570    43354    15015    51754    19570    42860    39750    27354    61157    78273    32280    25706    51754    71269    60421    71269    34695    34082    60394    28894    64878    34695    24208    67614    52187    46104    65869    53785    58435    68451    57998     6290    51998    48350    34276    28259        0    64878    59788    45619    77303    25706    67588    60394    43631    84532    19051    38574    57762    47903    10819    65612    34695    22516    56057 
   44900    38823    65680   103450    62212    34885    14963    29097    23563    42790    39146        0    17863    90280    65680    79567    33075    90280    34578    37873    23563    21285    30474    17039    49119    42442    56407    87367    31552    73078    56457    42790    87393    36401    44977    18962    56407   118850    88135    88618    79567    33075    33778    56407     6152    45312    90280    49119    44977    28996    78214    45312   132245    16282    38981    41012    42790    34578    21285    32469    33075    49463    19277    49119    30474    17863    19277    48912    32469    28748    42442   132245    38045    16282    17863    38981    53141    38981    44892    16770    28106    48306   118850    44892    25602    87393    57952    38823    83020    37376    78214    82577    30637    45312    34885    56332    54055    13465    39146   118850    79567    20617    58588    16282    87367    28106    22633   139021    34210    57972   115337    14012    28778    85024    44892    41923    22490 
   39409    55370    66561   104206    75119    28407    14062    30594    10050    27396    51754    17863        0   113590    66561   102878    45983   113590    16122    38629    10050    39658    43249    20471    53283    26228    40221   110699    20047    96324    57833    27396   110639    14960    45846    15710    40221   119972   111408   116975   102878    45983    31198    40221    11712    57910   113590    53283    45846    47369   101540    57910   133316    34655    18508    53786    27396    16122    39658    39944    45983    62370    33295    53283    43249        0    33295    49668    39944    40344    26228   133316    40259    34655        0    18508    41921    18508    45747    26881     8595    71579   119972    45747    38807   110639    62115    55370    83901    25893   101540    83333    16121    57910    28407    57661    77333    31838    51754   119972   102878    19697    52104    34655   110699     8595    26423   139777    47118    81260   116428     6389    41553   108297    45747    65202     8648 
  126524    92138   106553    74359    93866   113834   110690    91842   119290   131706    70905    90280   113590        0   106553    12477    74907        0   118900    92730   119290    69032    76851    92465   105190   122993   136958    64604   105996    40017   113658   131706    48392   120724   101673    99273   136958    58327    36585    73592    12477    74907   107680   136958    96978    77071        0   105190   101673    77273    17335    77071    44983    74172   123303    87389   131706   118900    69032    88582    74907    81117    80894   105190    76851   113590    80894   104532    88582    89190   122993    44983    94116    74172   113590   123303   109253   123303    96531    82549   112428    41985    58327    96531    86044    48392   114023    92138    95049   102617    17335    91985   119834    77071   113834   110186    47771    77090    70905    58327    12477   107455   139139    74172    64604   112428    92463    42369    80723    48074    69195   109739    72655     5293    96531    48737   117893 
   71285    93003        0    32459    58976    59553    63661    46519    72108    77425    60539    65680    66561   106553        0   110712    54768   106553    81681    32815    72108    68683    52034    49899    35494    68712    82677   118512    82454   104223    29379    77425   118538    83495    22327    54021    82677    48226   120193    40981   110712    54768    53400    82677    59763    66695   106553    35494    22327    76010   109359    66695    61615    70491    85953    41214    77425    81681    68683    89474    54768    72330    49220    35494    52034    66561    49220    31800    89474    33504    68712    61615    30466    70491    66561    85953   104732    85953    27905    74698    75078    80365    48226    27905    37102   118538    44326    93003    19942    88695   109359    16847    79335    66695    59553    14685    85200    79894    60539    48226   110712    62254    74602    70491   118512    75078    76214    68031    55903    90045    44707    62709    50338   111845    27905    73987    70864 
  115812    81405   110712    86835    83153   103207    94150    81215   103677   120994    59788    79567   102878    12477   110712        0    64195    12477   108290    82018   103677    58282    66141    81849    94478   112366   126333    53996    94861    29304   101984   120994    38273   108979    89997    88718   126333    70840    26466    86122        0    64195    97054   126333    86233    65944    12477    94478    89997    66523     4909    65944    57460    63460   112562    76911   120994   108290    58282    77830    64195    70404    70145    94478    66141   102878    70145    93820    77830    78477   112366    57460    83648    63460   102878   112562    98385   112562    85762    71836   101687    31273    70840    85762    75275    38273   106267    81405   107525    91650     4909   104462   109233    65944   103207    99474    37038    66319    59788    70840        0    96871   128507    63460    53996   101687    81750    54846    70010    32257    81724    99026    61945     7184    85762    38025   102275 
   58837    47156    54768    70866    34456    46227    43083    24235    51682    64099    11186    33075    45983    74907    54768    64195        0    74907    61094    24730    51682    21252     8407    24857    37583    55385    69350    71995    62292    57705    46051    64099    72020    62917    34065    31666    69350    75940    72790    60658    64195        0    40073    69350    32961    17352    74907    37583    34065    29492    62842    17352    89335    26032    65497    18945    64099    61094    21252    40801        0    21813    13799    37583     8407    45983    13799    33968    40801    21582    55385    89335    26508    26032    45983    65497    61473    65497    28923    34805    54622    32922    75940    28923    18436    72020    46415    47156    72108    68117    62842    71540    52226    17352    46227    42578    38682    28655    11186    75940    64195    39847    71532    26032    71995    54622    44682    95801    12276    42599    68824    42131     4727    69615    28923    26551    50610 
  126524    92138   106553    74359    93866   113834   110690    91842   119290   131706    70905    90280   113590        0   106553    12477    74907        0   118900    92730   119290    69032    76851    92465   105190   122993   136958    64604   105996    40017   113658   131706    48392   120724   101673    99273   136958    58327    36585    73592    12477    74907   107680   136958    96978    77071        0   105190   101673    77273    17335    77071    44983    74172   123303    87389   131706   118900    69032    88582    74907    81117    80894   105190    76851   113590    80894   104532    88582    89190   122993    44983    94116    74172   113590   123303   109253   123303    96531    82549   112428    41985    58327    96531    86044    48392   114023    92138    95049   102617    17335    91985   119834    77071   113834   110186    47771    77090    70905    58327    12477   107455   139139    74172    64604   112428    92463    42369    80723    48074    69195   109739    72655     5293    96531    48737   117893 
   41530    55991    81681   119317    90231    40972    31847    45099    20762    29776    66308    34578    16122   118900    81681   108290    61094   118900        0    53740    20762    50008    57636    36670    65120    32988    41360   116090    21348   101801    72458    29776   116116     7880    60978    35847    41360   134852   116718   131716   108290    61094    43741    41360    27949    72474   118900    65120    60978    51638   106937    72474   148246    43965    11569    68174    29776        0    50008    40561    61094    77482    47648    65120    57636    16122    47648    64779    40561    55966    32988   148246    54046    43965    16122    11569    42616    11569    60893    34378     8790    76889   134852    60893    52765   116116    77149    55991    99021    26578   106937    98444    23763    72474    40972    72333    82778    41190    66308   134852   108290    37501    53920    43965   116090     8790    27241   154888    62229    86570   131338    20958    55940   113607    60893    70512    23211 
   41711    57178    32815    70221    54328    29101    35729     8830    44329    46973    31058    37873    38629    92730    32815    82018    24730    92730    53740        0    44329    39075    22386    21948    13454    38260    52225    89817    54939    75528    23593    46973    89843    55564     8435    26140    52225    85986    90156    82850    82018    24730    22947    52225    31831    37224    92730    13454     8435    47315    80664    37224    99381    34637    58144    32924    46973    53740    39075    61543    24730    41685    13365    13454    22386    38629    13365     9840    61543     5515    38260    99381     1683    34637    38629    58144    76801    58144    12027    46986    47269    50745    85986    12027     8493    89843    22287    57178    50155    60763    80664    49588    51403    37224    29101    23467    56505    51962    31058    85986    82018    28502    54406    34637    89817    47269    48283   105847    26255    60422    82472    34778    20691    87437    12027    44374    43256 
   24319    64117    72108   109906    80819    17760     8955    35526        0    17985    56735    23563    10050   119290    72108   103677    51682   119290    20762    44329        0    45394    48063    26164    55547    15939    29931   111476    26045    97187    62886    17985   111502    19159    51405    19640    29931   125279   117108   122143   103677    51682    20529    29931    17444    62901   119290    55547    51405    53105   102324    62901   138674    40355    14041    58601    17985    20762    45394    45852    51682    68070    38075    55547    48063    10050    38075    55368    45852    46393    15939   138674    44473    40355    10050    14041    47907    14041    51320    32581    16293    77279   125279    51320    43192   111502    64380    64117    89448    31870   102324    89033     5832    62901    17760    62760    78164    37575    56735   125279   103677    17000    36870    40355   111476    16293    33895   145477    52817    86959   121765    12056    46368   113997    51320    70901     1316 
   66809    25904    68683    79870    43566    56680    36758    38149    45394    69862    20200    21285    39658    69032    68683    58282    21252    69032    50008    39075    45394        0    23159    38772    51497    64236    78201    66082    36964    51793    59965    69862    66108    51692    47980    40757    78201    85283    66850    70000    58282    21252    53988    78201    27946    26695    69032    51497    47980     8241    56929    26695    98677     5178    54272    33697    69862    50008        0    19550    21252    30817    27202    51497    23159    39658    27202    50876    19550    35497    64236    98677    40423     5178    39658    54272    40221    54272    42838    13554    43397    27021    85283    42838    32332    66108    60330    25904    86023    33585    56929    84541    52432    26695    56680    56493    32770     8059    20200    85283    58282    42412    80383     5178    66082    43397    23431   104732    27067    36701    78167    35806    18962    63739    42838    20643    43961 
   56180    49102    52034    88726    38381    43493    40349    21501    48063    61365    15015    30474    43249    76851    52034    66141     8407    76851    57636    22386    48063    23159        0    22218    34849    52651    66616    73941    58409    59652    43317    61365    73967    60183    31331    29086    66616    79743    74669    64654    66141     8407    37339    66616    30227    21171    76851    34849    31331    31439    64788    21171    93331    28336    62763    13102    61365    57636    23159    42748     8407    25632    11197    34849        0    43249    11197    34188    42748    18848    52651    93331    23774    28336    43249    62763    63419    62763    26189    36713    51033    34841    79743    26189    15644    73967    43681    49102    69374    65383    64788    67853    49492    21171    43493    39844    40629    30602    15015    79743    66141    37113    68798    28336    73941    51033    46629    99547     6433    44521    72820    39397     4197    71559    26189    28463    47552 
   46881    57542    49899    87524    53994    34218    17571    12226    26164    45398    30629    17039    20471    92465    49899    81849    24857    92465    36670    21948    26164    38772    22218        0    33338    43376    57341    89649    37443    75360    40676    45398    89675    39009    29196    19787    57341   103291    90283    99934    81849    24857    28064    57341    10869    36785    92465    33338    29196    46531    80496    36785   116464    33831    41589    32756    45398    36670    38772    40581    24857    41245    12169    33338    22218    20471    12169    32987    40581    20492    43376   116464    22263    33831    20471    41589    61252    41589    29111    26057    30066    50454   103291    29111    17681    89675    42171    57542    67239    44209    80496    66651    33245    36785    34218    40551    56336    31000    30629   103291    81849    23225    59523    33831    89649    30066    27321   123095    25992    60134    99556    16620    20428    87172    29111    44076    24774 
   54005    76475    35494    73955    66719    41400    46021    20915    55547    59273    43354    49119    53283   105190    35494    94478    37583   105190    65120    13454    55547    51497    34849    33338        0    50559    56616   102299    69089    90944    27582    59273   102239    65809    10625    37460    56616    89721   103008    86724    94478    37583    35247    56616    42967    49510   105190        0    10625    59738    93140    49510   103065    53930    69392    45386    59273    65120    51497    72675    37583    53970    35854        0    34849    53283    35854     3886    72675    20226    50559   103065    12319    53930    53283    69392    87768    69392    14680    58137    61713    63179    89721    14680    23737   102239    13169    76475    52833    71740    93140    52266    61777    49510    41400    23225    68933    63094    43354    89721    94478    40802    43445    53930   102299    61713    62936   109526    38717    72860    86177    49431    33153    99897    14680    56802    54145 
    9506    73573    68712   115436    84522     9860    27632    35558    15939     7121    61157    42442    26228   122993    68712   112366    55385   122993    32988    38260    15939    64236    52651    43376    50559        0    15119   120102    38250   105877    69063     7121   120192    27623    45540    33171    15119   131203   120811   128205   112366    55385    15312    15119    36290    67313   122993    50559    45540    69374   111013    67313   137634    59234    22505    63273     7121    32988    64236    58296    55385    71773    42697    50559    52651    26228    42697    48096    58296    43769        0   137634    38182    59234    26228    22505    60125    22505    47052    51460    24199    80982   131203    47052    44732   120192    52100    73573    85180    44314   111013    85484    10107    67313     9860    55650    86853    55544    61157   131203   112366    27220    22057    59234   120102    24199    44977   151008    56520    90662   120726    27530    50956   117700    47052    74604    17230 
   11128    87424    82677   129402    98487    23826    41597    49523    29931    13034    75122    56407    40221   136958    82677   126333    69350   136958    41360    52225    29931    78201    66616    57341    56616    15119        0   134067    52101   119844    73842    13034   134159    34909    59507    47136        0   145168   134776   142170   126333    69350    29277        0    50255    81278   136958    56616    59507    83076   124980    81278   151601    73199    29791    77240    13034    41360    78201    71998    69350    85738    56662    56616    66616    40221    56662    56174    71998    57736    15119   151601    52147    73199    40221    29791    73975    29791    61863    65425    38049    94947   145168    61863    58697   134159    43455    87424    99147    57948   124980    99449    24100    81278    23826    69617   100700    70382    75122   145168   126333    41187    13418    73199   134067    38049    58687   164973    70485   104627   141624    47879    64921   131665    61863    88569    31565 
  123611    57784   118512   127257    90953   111007   101950    89015   111476   128815    67588    87367   110699    64604   118512    53996    71995    64604   116090    89817   111476    66082    73941    89649   102299   120102   134067        0    93131    32123   109784   128815    37832   117833    98782    96518   134067   132315    47129   117049    53996    71995   104790   134067    94033    73744    64604   102299    98782    74382    52643    73744   109692    71260   120362    84498   128815   116090    66082    73805    71995    78204    77945   102299    73941   110699    77945   101619    73805    86299   120102   109692    91447    71260   110699   120362    93647   120362    93640    79636   109487    39072   132315    93640    83075    37832   111132    57784   136824    87651    52643   135284   116943    73744   111007   107295    34107    74200    67588   132315    53996   104564   136249    71260        0   109487    89572   106973    77810    48753   125652   106848    69744    59311    93640    45825   115002 
   46870    34787    82454   120516    91429    52543    32621    45872    26045    40517    68064    31552    20047   105996    82454    94861    62292   105996    21348    54939    26045    36964    58409    37443    69089    38250    52101    93131        0    88371    73232    40517   102687    22347    61752    36620    52101   135625   103814   132489    94861    62292    61710    52101    25400    73248   105996    69089    61752    34622    93508    73248   149020    33776    24927    68947    40517    21348    36964    19547    62292    78680    48422    69089    58409    20047    48422    65978    19547    56739    38250   149020    54819    33776    20047    24927    21862    24927    61667    24349    14052    63986   135625    61667    55116   102687    77922    34787    99794     5825    93508    99643    29025    73248    52543    73106    69348    38108    68064   135625    94861    38274    59182    33776    93131    14052    13439   156087    63427    73666   132111    31669    56714   100704    61667    57608    27135 
  109322    59532   104223   114375    76664    96718    87661    74726    97187   114590    53299    73078    96324    40017   104223    29304    57705    40017   101801    75528    97187    51793    59652    75360    90944   105877   119844    32123    88371        0    95494   114590    14315   102490    83508    82228   119844    98380    15084   102760    29304    57705    90564   119844    79744    59455    40017    90944    83508    60034    27966    59455    84985    56971   106073    70422   114590   101801    51793    71341    57705    63915    63655    90944    59652    96324    63655    87330    71341    71924   105877    84985    77158    56971    96324   106073    95212   106073    79272    65347    95198    24783    98380    79272    68786    14315    99777    59532   119118    85161    27966   120995   102744    59455    96718    95323    30548    59829    53299    98380    29304    90382   122017    56971    32123    95198    75130    82386    63521    30873   110926    92473    55455    34724    79272    31535    95785 
   65292    84275    29379    64924    75187    59904    54933    37913    62886    77777    51822    56457    57833   113658    29379   101984    46051   113658    72458    23593    62886    59965    43317    40676    27582    69063    73842   109784    73232    95494        0    77777   109810    74767    13115    44799    73842    80691   111476    77198   101984    46051    53751    73842    51035    57978   113658    27582    13115    67282   100631    57978    93729    61269    77347    52890    77777    72458    59965    80746    46051    62438    39997    27582    43317    57833    39997    24109    80746    25759    69063    93729    22554    61269    57833    77347    96004    77347    20159    65476    65855    71647    80691    20159    29245   109810    36414    84275    46719    79967   100631    46308    70606    57978    59904    16806    76471    71166    51822    80691   101984    53525    60662    61269   109784    65855    67486   100495    47186    81328    76820    53981    41621   108365    20159    65270    62136 
   13664    75840    77425   124150    93236    18574    27981    44272    17985        0    69870    42790    27396   131706    77425   120994    64099   131706    29776    46973    17985    69862    61365    45398    59273     7121    13034   128815    40517   114590    77777        0   128755    23325    55238    33520    13034   139916   129524   136919   120994    64099    24026    13034    36638    76026   131706    59273    55238    71492   119656    76026   153260    63958    18207    71903        0    29776    69862    60415    64099    80487    51411    59273    61365    27396    51411    56810    60415    52483     7121   153260    46895    63958    27396    18207    62391    18207    56612    54372    26465    89696   139916    56612    53446   128755    56396    75840    94765    46364   119656    94198    12153    76026    18574    64364    95449    61141    69870   139916   120994    30835    26359    63958   128815    26465    46225   159721    65234    99376   136372    28698    59669   126414    56612    83318    19618 
  123637    73847   118538   122750    90979   111033   101976    89041   111502   128755    67614    87393   110639    48392   118538    38273    72020    48392   116116    89843   111502    66108    73967    89675   102239   120192   134159    37832   102687    14315   109810   128755        0   116805    97823    96543   134159   106755    11807   117075    38273    72020   104879   134159    94059    73770    48392   102239    97823    74349    42281    73770    93360    71286   120388    84737   128755   116116    66108    85656    72020    78230    77971   102239    73967   110639    77971   101645    85656    86239   120192    93360    91473    71286   110639   120388   109527   120388    93588    79662   109513    39098   106755    93588    83101        0   114092    73847   133434    99476    42281   135310   117059    73770   111033   107235    44864    74144    67614   106755    38273   104697   136332    71286    37832   109513    89512    90761    77836    45188   117639   106788    69770    43099    93588    45850   110100 
   35539    57670    83495   121140    92054    37475    31963    47528    19159    23325    68689    36401    14960   120724    83495   108979    62917   120724     7880    55564    19159    51692    60183    39009    65809    27623    34909   117833    22347   102490    74767    23325   116805        0    61667    37502    34909   136907   118542   133909   108979    62917    38375    34909    30250    74845   120724    65809    61667    52327   107626    74845   148936    45788     5118    68863    23325     7880    51692    41250    62917    79305    50229    65809    60183    14960    50229    66603    41250    56655    27623   148936    57194    45788    14960     5118    43305     5118    61582    36202     7295    78713   136907    61582    55741   116805    74642    57670    99710    27268   107626   100268    18397    74845    37475    73022    83467    41879    68689   136907   108979    34846    48090    45788   117833     7295    27930   156711    64052    88393   132027    19797    58488   115431    61582    72335    20464 
   48985    72333    22327    60904    63202    36381    41879    15895    51405    55238    39837    44977    45846   101673    22327    89997    34065   101673    60978     8435    51405    47980    31331    29196    10625    45540    59507    98782    61752    83508    13115    55238    97823    61667        0    33318    59507    76671    99491    62168    89997    34065    30227    59507    38825    45992   101673    10625        0    56221    88644    45992    89527    49788    65250    38761    55238    60978    47980    68532    34065    50453    28517    10625    31331    45846    28517     6644    68532    12789    45540    89527     7300    49788    45846    65250    83626    65250     7342    53995    54375    59662    76671     7342    16400    97823    19091    72333    38919    67598    88644    39099    57635    45992    36381     9390    65415    58952    39837    76671    89997    41471    49367    49788    98782    54375    55500    96476    35200    69342    73127    41994    29635    96380     7342    53284    50003 
   36535    56239    54021    91717    60803    25615     8281    15110    19640    33520    37437    18962    15710    99273    54021    88718    31666    99273    35847    26140    19640    40757    29086    19787    37460    33171    47136    96518    36620    82228    44799    33520    96543    37502    33318        0    47136   107483    97091   104056    88718    31666    19293    47136     9566    43925    99273    37460    33318    45228    87365    43925   120587    35754    32385    39624    33520    35847    40757    39277    31666    48054    19099    37460    29086    15710    19099    37179    39277    24824    33171   120587    26386    35754    15710    32385    56189    32385    33233    27981    26657    57263   107483    33233    21695    96543    49489    56239    71361    40152    87365    70844    21367    43925    25615    44673    63205    29697    37437   107483    88718     7384    49318    35754    96518    26657    26018   127288    32801    66943   103678    11859    27391    93981    33233    50885    19700 
   11128    87424    82677   129402    98487    23826    41597    49523    29931    13034    75122    56407    40221   136958    82677   126333    69350   136958    41360    52225    29931    78201    66616    57341    56616    15119        0   134067    52101   119844    73842    13034   134159    34909    59507    47136        0   145168   134776   142170   126333    69350    29277        0    50255    81278   136958    56616    59507    83076   124980    81278   151601    73199    29791    77240    13034    41360    78201    71998    69350    85738    56662    56616    66616    40221    56662    56174    71998    57736    15119   151601    52147    73199    40221    29791    73975    29791    61863    65425    38049    94947   145168    61863    58697   134159    43455    87424    99147    57948   124980    99449    24100    81278    23826    69617   100700    70382    75122   145168   126333    41187    13418    73199   134067    38049    58687   164973    70485   104627   141624    47879    64921   131665    61863    88569    31565 
