dep96 0 0 60
**************************************DATA
11 106 480 8 1.33
**************************************DISTANCE
       0    17539   106457    33325    87014    41425    29463    42463   100376    31391    25293    32567    10358    44705    76662    76145    30988    61689   106457   109042    53946    18302    17022    48303    38575    64368    52901    73303    76662    52858    91613    73962    64562    53753    13580    73962    53946    46357   106457    39805    44832    73471    30174    76053    10358    60949    25716    55491    41210    94636    41835    88332   114357    76949    73359    94165    42463    58546    78490    76949    28464    91968    50954     8747   104626    72793    86690    60949    10336    56413    25716    73303    46357     8747    97325   108313    20502    58057    69225    12711    74818    55491    25293    50954    27531    24073    18161    25293    52858    12711    82700    64562    37251    25716    41210    76662    33325    60949    17539    48303    38575    27582    56413    58057    52901    50954    13580 
   17539        0   101025    48116   107102    56314    44531    64235   119465    55928    40085    47359    25425    59497    95845    69693    45779    76743   101025   123834    74244    19072    32078    63340    53366    83551    47469    66928    95845    67650   106404    88753    59130    49788     3959    88753    74244    61149   101025    54596    58423    68039    44965    96141    25425    54514    31709    71183    56099   109427    56626    82901   129149    71517    92585    88733    64235    73600    98578    71517    43255    85602    65745    23538   119417    66418    80293    54514    10720    76501    31709    66928    61149    23538   120183   128401    35294    72848    63793    30250    69387    71183    40085    65745    42323    18642    35700    40085    67650    30250    97492    59130    47279    31709    56099    95845    48116    54514        0    63340    53366    33575    76501    72848    47469    65745     3959 
  106457   101025        0   120748   123730   100371   116850   160265   105242   137366   112717   104062   107421   132129   109292    36951   118411   145284        0   185426    90872    91191   112342   135659   125998   101041    64097    37730   109292   110564   171100   150866    42418   145832    96131   150866    90872   133781        0   125351   154452    41828   117597   112769   107421    54154   103828    87811    92765   144836   129258    31495   193844    30391   110075    19622   160265   148042   115206    30391   115887    17425   138377   113181   168157    34617    26278    54154    99638    93129   103828    37730   133781   113181   136810   145029   112720   143533    45610   119177    46666    87811   112717   138377   114955    90533   124627   112717   110564   119177   162187    42418   143308   103828    92765   109292   120748    54154   101025   135659   125998   105694    93129   143533    64097   138377    96131 
   33325    48116   120748        0    78113    26400    12955    71070    91427    59871    15242    23666    23049    29108    67807    90351     3300    44741   120748    92042    34839    37798    19215    31338    22978    55513    57544    87586    67807    22712    76016    56752    78728    84976    44420    56752    34839    30760   120748    21571    73440    90516    14577    67152    23049    74253    36136    46590    32359    79039    26238   107516    98760    91190    64547   108406    71070    41598    69589    91190     4861   106260    35357    30677    89029    87076   100951    74253    40913    47512    36136    87586    30760    30677    81728    90294    16611    42460    83466    42579    85615    46590    15242    35357    14037    46260    43656    15242    22712    42579    65760    78728    65858    36136    32359    67807        0    74253    48116    31338    22978    33348    47512    42460    57544    35357    44420 
   87014   107102   123730    78113        0    57785    74264   124633    71520   113561    70137    61482    76738    77747    47900    93332    75776    70935   123730    67393    48286    97204    72904    73253    84725    35606    60527    90567    47900    67978    58427    47579    81709   151909   102199    47579    48286    75090   123730    82765   127002    93500    74957    11165    76738    77234    72911    49599    50179    31963    80721   110513    81193    94155    13655   111437   124633    67792    15206    94155    73252   109241    70078    84366    50125    90058   103932    77234   105714    30580    72911    90567    75090    84366    26085    26996    70512    79001    86386    96170    88596    49599    70137    70078    72375    96581    97247    70137    67978    96170    58795    81709   119421    72911    50179    47900    78113    77234   107102    73253    84725    82156    30580    79001    60527    70078   102199 
   41425    56314   100371    26400    57785        0    28712    79005    71050    67933    24543    15888    31149    43955    47434    75001    30237    60939   100371   108292    13617    45732    27346    47553    37824    35139    37216    67209    47434    27601    90862    72898    58476    90294    52355    72898    13617    45607   100371    33447    81374    70189    29423    46825    31149    53875    33630    26262     8624    78892    41084    87188   113607    70863    44131    88079    79005    57796    49262    70863    27713    85882    50203    36715   102213    66699    80604    53875    49013    27184    33630    67209    45607    36715    70866    79084    24546    60570    63139    50513    65285    26262    24543    50203    26781    54194    51590    24543    27601    50513    81950    58476    73793    33630     8624    47434    26400    53875    56314    47553    37824    41283    27184    60570    37216    50203    52355 
   29463    44531   116850    12955    74264    28712        0    67222    87565    56009     7499    19818    19186    17925    63945    91479    16465    34909   116850    82261    41196    33949    15353    21522    11794    51618    53695    83724    63945    26612    64832    46938    74955    78512    40572    46938    41196    19577   116850    13024    69591    86668     3393    63304    19186    70391    32287    42741    28461    67855    15054   103667    87576    87342    60685   104558    67222    31785    65741    87342    14822   102398    24173    24932    77845    83214    97089    70391    37050    43663    32287    83724    19577    24932    70544    80470    12763    31276    79618    38730    81764    42741     7499    24173     5487    42411    39807     7499    26612    38730    55920    74955    62010    32287    28461    63945    12955    70391    44531    21522    11794    29500    43663    31276    53695    24173    40572 
   42463    64235   160265    71070   124633    79005    67222        0   137858    17118    62912    70186    48115    82448   114238   129868    68733    99434   160265   146734    91525    60765    54769    86030    76317   101944    94882   127103   114238    90438   129305   111444   118244    19416    56042   111444    91525    83976   160265    77548     7753   127193    67915   113671    48115   114688    61831    93048    78790   132371    79578   130313   152071   130690   110978   147973        0    96291   116109   130690    66209   145776    88698    46954   142318   126593   140467   114688    52798    93998    61831   127103    83976    46954   134943   145897    58266    95784   122921    40886   130586    93048    62912    88698    65150    77854    38418    62912    90438    40886   120453   118244    18620    61831    78790   114238    71070   114688    64235    86030    76317    63071    93998    95784    94882    88698    56042 
  100376   119465   105242    91427    71520    71050    87565   137858        0   126786    83396    74741    92877   102808    26533   111584    89091   102373   105242   133216    61551    99079    86199   106406    96677    39695    73800   103731    26533    81243   118890    98767    95060   165192   115506    98767    61551   104460   105242    96030   140227   106773    88276    60559    92877    90507    86169    62846    63444    92626    99938   123772   141634   107447    57865   122963   137858   105131    62997   107447    86567   120766   109057    95568   115948   103349   117188    90507   107964    47053    86169   103731   104460    95568    84601    92819    83399   114212    99723   109366   101869    62846    83396   109057    85634   109907   110443    83396    81243   109366   109977    95060   132646    86169    63444    26533    91427    90507   119465   106406    96677    95414    47053   114212    73800   109057   115506 
   31391    55928   137366    59871   113561    67933    56009    17118   126786        0    51840    59114    37043    71252   103209   107054    57535    88236   137366   135589    80493    49211    43697    74850    65121    90915    83810   104694   103209    79405   118160   100372    95471    28408    44489   100372    80493    72904   137366    66352    19487   104380    56721   102600    37043    92279    50647    82038    67757   121183    68382   119241   140904   107858    99906   125074    17118    85093   105037   107858    55011   122877    77501    36145   131173   104184   117599    92279    41726    82960    50647   104694    72904    36145   123872   134860    47049    84604   100134    29814   105727    82038    51840    77501    54078    54982    27346    51840    79405    29814   109247    95471     8329    50647    67757   103209    59871    92279    55928    74850    65121    51969    82960    84604    83810    77501    44489 
   25293    40085   112717    15242    70137    24543     7499    62912    83396    51840        0    15627    15017    22726    59776    82320    13162    39711   112717    87012    37063    29810    11184    26308    16595    47482    49514    79555    59776    31413    69583    51722    70696    76945    36125    51722    37063    24378   112717    17825    65281    82487     8192    59209    15017    66221    28252    38586    24328    72649    19855    99477    92349    83142    56516   100425    62912    36568    61647    83142    10638    98228    28975    22646    82595    79045    92919    66221    32881    39537    28252    79555    24378    22646    75341    85264     8792    36062    75373    34449    77583    38586        0    28975     6889    38307    35526        0    31413    34449    60730    70696    57700    28252    24328    59776    15242    66221    40085    26308    16595    25406    39537    36062    49514    28975    36125 
   32567    47359   104062    23666    61482    15888    19818    70186    74741    59114    15627        0    22291    35044    51121    73665    21329    52030   104062    99330    28409    34539    18458    38626    28913    38827    40859    70900    51121    27321    81901    64040    62042    84219    43399    64040    28409    36696   104062    30144    72555    73832    20511    50555    22291    57567    21619    29932    15673    83688    32174    90879   104667    74488    47861    91770    70186    48887    52992    74488    18805    89573    41294    29920    94914    70390    84264    57567    40155    30882    21619    70900    36696    29920    75696    82781    16066    48380    66718    41723    68928    29932    15627    41294    17866    43036    42800    15627    27321    41723    73049    62042    64974    21619    15673    51121    23666    57567    47359    38626    28913    30864    30882    48380    40859    41294    43399 
   10358    25425   107421    23049    76738    31149    19186    48115    92877    37043    15017    22291        0    34429    66386    77109    20712    51413   107421    98766    43670    16576     6746    38027    28298    54092    53865    76154    66386    42582    81337    66463    65526    59405    21465    66463    43670    36081   107421    29529    50485    74435    19898    65777        0    63740    14914    45215    30934    84360    31559    89297   104081    77913    63083    95129    48115    48270    68214    77913    18188    92933    40678     5825    94350    75644    87654    63740    17946    46137    14914    76154    36081     5825    87049    98037    10226    47781    70189    19624    75783    45215    15017    40678    17255    25038    20701    15017    42582    19624    72424    65526    42904    14914    30934    66386    23049    63740    25425    38027    28298    15146    46137    47781    53865    40678    21465 
   44705    59497   132129    29108    77747    43955    17925    82448   102808    71252    22726    35044    34429        0    79188   101732    31264    14410   132129    69088    50436    49222    30596     8384    11781    66894    68922    98967    79188    34850    51659    33798    90108    96357    55537    33798    50436     6454   132129    21262    84694   101899    15181    74634    34429    85633    47664    57998    43740    54725     7776   118894    74454   102555    76346   119837    82448    18645    76906   102555    30051   117640    11052    42058    64672    98457   112331    85633    52293    58949    47664    98967     6454    42058    57421    67340    28204    11498    94845    53861    96995    57998    22726    11052    20713    57719    54938    22726    34850    53861    42807    90108    77112    47664    43740    79188    29108    85633    59497     8384    11781    44818    58949    11498    68922    11052    55537 
   76662    95845   109292    67807    47900    47434    63945   114238    26533   103209    59776    51121    66386    79188        0    87965    65471    78753   109292   109596    37931    75459    62553    82786    73057    16075    50180    80216        0    57623    95270    75296    71440   141573    91886    75296    37931    80840   109292    72410   116607    83153    64657    36939    66386    66882    62549    39226    39824    69006    76318   100152   118014    83827    34245   101043   114238    81511    39377    83827    62947    98846    85437    71948    92328    79706    93568    66882    95363    23433    62549    80216    80840    71948    60981    69199    59779    90593    76103    85746    78249    39226    59776    85437    62014    86288    86824    59776    57623    85746    86357    71440   109026    62549    39824        0    67807    66882    95845    82786    73057    71794    23433    90593    50180    85437    91886 
   76145    69693    36951    90351    93332    75001    91479   129868   111584   107054    82320    73665    77109   101732    87965        0    88014   114886    36951   155029    60475    60794    82030   105330    95601    75670    33700     5248    87965    80166   140702   125496    12020   115420    65734   125496    60475   103384    36951    94953   124055     4812    87200    82372    77109    23842    73431    55228    67394   114439    98861    12351   163447     8445    84704    24077   129868   122672    84809     8445    85490    22528   107980    81610   137760    12737    17219    23842    69326    62731    73431     5248   103384    81610   106413   114631    82323   113136     8593    88780     9715    55228    82320   107980    84558    60135    94229    82320    80166    88780   131790    12020   112911    73431    67394    87965    90351    23842    69693   105330    95601    75297    62731   113136    33700   107980    65734 
   30988    45779   118411     3300    75776    30237    16465    68733    89091    57535    13162    21329    20712    31264    65471    88014        0    48251   118411    95552    42708    35461    16879    34848    25133    53177    55207    85249    65471    26012    78171    60262    76391    82639    42083    60262    42708    32916   118411    24871    71103    88180    16732    64815    20712    71916    33799    44281    30023    81194    28393   105179   100916    88837    62210   106119    68733    45108    67253    88837     2524   103923    37512    28340    91184    84740    98614    71916    38576    45175    33799    85249    32916    28340    83883    93804    14486    44616    81130    40242    83278    44281    13162    37512    15401    43923    41319    13162    26012    40242    69270    76391    63395    33799    30023    65471     3300    71916    45779    34848    25133    31012    45175    44616    55207    37512    42083 
   61689    76743   145284    44741    70935    60939    34909    99434   102373    88236    39711    52030    51413    14410    78753   114886    48251        0   145284    62327    54412    66161    47580    10362    26315    66459    82129   112121    78753    47549    44898    26985   103389   113341    72784    26985    54412    11976   145284    38247   101803   115102    32167    59415    51413    98788    64499    71175    60724    47921    20560   132101    67642   115776    56290   132992    99434     3698    56698   115776    47034   130795    14117    57144    57911   111612   125486    98788    69277    62225    64499   112121    11976    57144    50610    60536    44975     8066   108052    70942   110198    71175    39711    14117    37699    74623    72019    39711    47549    70942    35985   103389    94222    64499    60724    78753    44741    98788    76743    10362    26315    61712    62225     8066    82129    14117    72784 
  106457   101025        0   120748   123730   100371   116850   160265   105242   137366   112717   104062   107421   132129   109292    36951   118411   145284        0   185426    90872    91191   112342   135659   125998   101041    64097    37730   109292   110564   171100   150866    42418   145832    96131   150866    90872   133781        0   125351   154452    41828   117597   112769   107421    54154   103828    87811    92765   144836   129258    31495   193844    30391   110075    19622   160265   148042   115206    30391   115887    17425   138377   113181   168157    34617    26278    54154    99638    93129   103828    37730   133781   113181   136810   145029   112720   143533    45610   119177    46666    87811   112717   138377   114955    90533   124627   112717   110564   119177   162187    42418   143308   103828    92765   109292   120748    54154   101025   135659   125998   105694    93129   143533    64097   138377    96131 
  109042   123834   185426    92042    67393   108292    82261   146734   133216   135589    87012    99330    98766    69088   109596   155029    95552    62327   185426        0   104309   113462    94933    64645    76067    97302   116559   152264   109596    99136    17921    39309   137819   160694   120084    39309   104309    66432   185426    85548   149104   149532    79468    72861    98766   138930   111800   105605   108077    33812    72062   166531    46251   150205    75351   167421   146734    59184    76882   150205    94334   170937    61418   106395    18420   151754   165628   138930   116630    86597   111800   152264    66432   106395    53298    42604    92276    70589   142482   118243   150292   105605    87012    61418    84999   121924   119320    87012    99136   118243    26342   137819   141523   111800   108077   109596    92042   138930   123834    64645    76067   109013    86597    70589   116559    61418   120084 
   53946    74244    90872    34839    48286    13617    41196    91525    61551    80493    37063    28409    43670    50436    37931    60475    42708    54412    90872   104309        0    52747    39837    59737    44305    25637    27717    57710    37931    19692    95656    75462    48851   119051    69423    75462        0    52088    90872    34479    93895    60690    38466    37326    43670    44376    39837    16741    13756    69393    48393    77689   118401    61297    34671    78580    91525    57170    39763    61297    40234    76383    56685    51298    92714    57200    71074    44376    72857    17685    39837    57710    52088    51298    61367    69591    37444    52662    53640    63034    55738    16741    37063    56685    39302    63824    64111    37063    19692    63034    86678    48851    86353    39837    13756    37931    34839    44376    74244    59737    44305    49082    17685    52662    27717    56685    69423 
   18302    19072    91191    37798    97204    45732    33949    60765    99079    49211    29810    34539    16576    49222    75459    60794    35461    66161    91191   113462    52747        0    20645    52758    43091    63165    37572    58029    75459    57165    96129    78172    49170    63879    14186    78172    52747    50874    91191    44322    72507    58119    34690    86244    16576    45614    12910    61319    40011    99153    46351    73004   118874    61616    72199    78899    60765    63018    88681    61616    32980    76702    55470    23115   109142    57519    71393    45614    16003    66603    12910    58029    50874    23115   110285   107119    24994    62574    53896    31014    61512    61319    29810    55470    32048     8744    36463    29810    57165    31014    87180    49170    59776    12910    40011    75459    37798    45614    19072    52758    43091    14786    66603    62574    37572    55470    14186 
   17022    32078   112342    19215    72904    27346    15353    54769    86199    43697    11184    18458     6746    30596    62553    82030    16879    47580   112342    94933    39837    20645        0    34194    24465    50258    52335    79285    62553    38749    77504    59786    70447    66059    28119    59786    39837    32248   112342    25696    57138    79356    16064    61944     6746    66870    18983    41381    27101    80527    27726    94218   100248    82834    59250   100050    54769    44437    64381    82834    14355    97853    36845    11627    90516    78775    92575    66870    24610    42303    18983    79285    32248    11627    83215    94203     6393    43948    75110    26278    80404    41381    11184    36845    13422    29959    27355    11184    38749    26278    68591    70447    49557    18983    27101    62553    19215    66870    32078    34194    24465    17047    42303    43948    52335    36845    28119 
   48303    63340   135659    31338    73253    47553    21522    86030   106406    74850    26308    38626    38027     8384    82786   105330    34848    10362   135659    64645    59737    52758    34194        0    15363    70492    72504   102565    82786    38432    47216    29283    93764    99955    59381    29283    59737     5728   135659    24844    88400   105477    18764    70141    38027    89231    51096    61550    47338    50239    11358   122476    69960   106150    71831   123366    86030    14130    72395   106150    33630   121238     6557    43740    60228   102055   115929    89231    55891    62472    51096   102565     5728    43740    52927    62854    31572     9754    98427    57539   100573    61550    26308     6557    24296    61220    58616    26308    38432    57539    38303    93764    80819    51096    47338    82786    31338    89231    63340        0    15363    48309    62472     9754    72504     6557    59381 
   38575    53366   125998    22978    84725    37824    11794    76317    96677    65121    16595    28913    28298    11781    73057    95601    25133    26315   125998    76067    44305    43091    24465    15363        0    60763    62791    92836    73057    28719    58688    40776    83978    90226    49407    40776    44305    13433   125998    15131    78687    95768     9051    72399    28298    79503    41533    51868    37609    61703     7480   112763    81432    96424    69797   113706    76317    25623    74837    96424    23920   111510    18029    35927    71650    92326   106201    79503    46163    52818    41533    92836    13433    35927    64400    74318    22073    23403    88714    47826    90865    51868    16595    18029    14582    51507    48903    16595    28719    47826    49785    83978    70982    41533    37609    73057    22978    79503    53366    15363        0    38596    52818    23403    62791    18029    49407 
   64368    83551   101041    55513    35606    35139    51618   101944    39695    90915    47482    38827    54092    66894    16075    75670    53177    66459   101041    97302    25637    63165    50258    70492    60763        0    37886    67921    16075    45329    82976    63002    59146   129278    79592    63002    25637    68546   101041    60116   104313    70859    52362    24645    54092    54588    50255    26932    27533    56712    64024    87858   105720    71533    22211    88749   101944    70236    27082    71533    50653    86595    73143    59654    80034    67412    81286    54588    83069    11139    50255    67921    68546    59654    48687    56905    47485    78298    63809    73452    65955    26932    47482    73143    49720    73993    74529    47482    45329    73452    74063    59146    96732    50255    27533    16075    55513    54588    83551    70492    60763    59500    11139    78298    37886    73143    79592 
   52901    47469    64097    57544    60527    37216    53695    94882    73800    83810    49514    40859    53865    68922    50180    33700    55207    82129    64097   116559    27717    37572    52335    72504    62791    37886        0    30935    50180    47409   107780    87712    22077    92277    42567    87712    27717    70578    64097    62196   100911    31026    54388    49614    53865    18521    50199    24553    29610    82747    66051    45925   130546    34523    46920    51805    94882    84887    52051    34523    52683    49609    75171    59625    99290    30425    44300    18521    46082    29941    50199    30935    70578    59625    73608    81840    49943    80379    26753    65619    34419    24553    49514    75171    51752    36949    71069    49514    47409    65619    98928    22077    88174    50199    29610    50180    57544    18521    47469    72504    62791    52104    29941    80379        0    75171    42567 
   73303    66928    37730    87586    90567    67209    83724   127103   103731   104694    79555    70900    76154    98967    80216     5248    85249   112121    37730   152264    57710    58029    79285   102565    92836    67921    30935        0    80216    77402   137937   117643     9255   112655    62969   117643    57710   100619    37730    92188   121290     9897    84435    79607    76154    21098    70666    54649    59602   111674    96096    17436   160682     8222    76913    25438   127103   112808    82044     8222    82725    23241   105215    78845   134995     4146    17963    21098    66484    59966    70666        0   100619    78845   103648   111866    79558   110371    12286    86015    14801    54649    79555   105215    81793    57370    91464    79555    77402    86015   129025     9255   110146    70666    59602    80216    87586    21098    66928   102565    92836    72532    59966   110371    30935   105215    62969 
   76662    95845   109292    67807    47900    47434    63945   114238    26533   103209    59776    51121    66386    79188        0    87965    65471    78753   109292   109596    37931    75459    62553    82786    73057    16075    50180    80216        0    57623    95270    75296    71440   141573    91886    75296    37931    80840   109292    72410   116607    83153    64657    36939    66386    66882    62549    39226    39824    69006    76318   100152   118014    83827    34245   101043   114238    81511    39377    83827    62947    98846    85437    71948    92328    79706    93568    66882    95363    23433    62549    80216    80840    71948    60981    69199    59779    90593    76103    85746    78249    39226    59776    85437    62014    86288    86824    59776    57623    85746    86357    71440   109026    62549    39824        0    67807    66882    95845    82786    73057    71794    23433    90593    50180    85437    91886 
   52858    67650   110564    22712    67978    27601    26612    90438    81243    79405    31413    27321    42582    34850    57623    80166    26012    47549   110564    99136    19692    57165    38749    38432    28719    45329    47409    77402    57623        0    81757    63846    68543   104510    63788    63846    19692    36502   110564    18893    92807    80382    22880    57018    42582    64068    48940    36455    27740    84780    32807    97381   104502    81056    54362    98272    90438    48692    59455    81056    27573    96075    41098    50211    94770    76892    90766    64068    60446    37377    48940    77402    36502    50211    81059    89282    35979    45799    73332    61946    75430    36455    31413    41098    29401    65627    63023    31413        0    61946    72854    68543    85226    48940    27740    57623    22712    64068    67650    38432    28719    52716    37377    45799    47409    41098    63788 
   91613   106404   171100    76016    58427    90862    64832   129305   118890   118160    69583    81901    81337    51659    95270   140702    78171    44898   171100    17921    95656    96129    77504    47216    58688    82976   107780   137937    95270    81757        0    21879   129079   143264   102445    21879    95656    49002   171100    68119   131674   140870    62089    63895    81337   124604    94571    96969    90648    24907    54633   157752    29102   141525    66297   158807   129305    41755    66789   141525    76958   156611    43989    88965    13505   137428   151302   124604    99201    77950    94571   137937    49002    88965    41628    33699    75111    53160   133703   100814   135966    96969    69583    43989    67570   104495   101891    69583    81757   100814     8913   129079   124020    94571    90648    95270    76016   124604   106404    47216    58688    91583    77950    53160   107780    43989   102445 
   73962    88753   150866    56752    47579    72898    46938   111444    98767   100372    51722    64040    66463    33798    75296   125496    60262    26985   150866    39309    75462    78172    59786    29283    40776    63002    87712   117643    75296    63846    21879        0   108972   122734    84794        0    75462    31141   150866    50258   113813   120684    44177    44466    66463   104419    76510    76758    72683    24903    36772   137684    44624   121358    47206   138574   111444    23842    46721   121358    59044   136378    26128    69154    34892   117261   131099   104419    81550    57750    76510   117643    31141    69154    25338    37518    56985    35299   113635    82953   115781    76758    51722    26128    49709    86634    84030    51722    63846    82953    12967   108972   106232    76510    72683    75296    56752   104419    88753    29283    40776    73722    57750    35299    87712    26128    84794 
   64562    59130    42418    78728    81709    58476    74955   118244    95060    95471    70696    62042    65526    90108    71440    12020    76391   103389    42418   137819    48851    49170    70447    93764    83978    59146    22077     9255    71440    68543   129079   108972        0   103938    54110   108972    48851    91761    42418    83330   112431    16669    75577    70748    65526    12259    61808    45791    50870   102815    87238    24208   151823    12824    68180    30040   118244   106147    73186    12824    73867    27929    96357    71286   126137     8746    22620    12259    57743    51108    61808     9255    91761    71286    94790   103100    70699   101513     6399    77156    21573    45791    70696    96357    72934    48512    82606    70696    68543    77156   120188        0   101287    61808    50870    71440    78728    12259    59130    93764    83978    63673    51108   101513    22077    96357    54110 
   53753    49788   145832    84976   151909    90294    78512    19416   165192    28408    76945    84219    59405    96357   141573   115420    82639   113341   145832   160694   119051    63879    66059    99955    90226   129278    92277   112655   141573   104510   143264   122734   103938        0    53748   122734   119051    98009   145832    91456    11663   112846    81825   140948    59405   100241    76517   115990    90080   146287    93486   127708   166009   116324   138312   133540    19416   107581   143385   116324    80115   131329   102605    61249   156277   112146   126020   100241    60668   121308    76517   112655    98009    61249   164990   173208    72154   109709   108601    54918   114194   115990    76945   102605    79183    63449    52450    76945   104510    54918   134352   103938    24849    76517    90080   141573    84976   100241    49788    99955    90226    78382   121308   109709    92277   102605    53748 
   13580     3959    96131    44420   102199    52355    40572    56042   115506    44489    36125    43399    21465    55537    91886    65734    42083    72784    96131   120084    69423    14186    28119    59381    49407    79592    42567    62969    91886    63788   102445    84794    54110    53748        0    84794    69423    57189    96131    50637    62382    63060    41006    91238    21465    50554    26814    66259    52140   105468    52667    77998   125189    66557    88626    83839    56042    69641    93676    66557    39559    81642    61786    20304   115458    62459    76333    50554     6761    71646    26814    62969    57189    20304   115280   123546    31616    68889    58891    26291    66452    66259    36125    61786    38363    13739    31741    36125    63788    26291    93803    54110    49645    26814    52140    91886    44420    50554     3959    59381    49407    28672    71646    68889    42567    61786        0 
   73962    88753   150866    56752    47579    72898    46938   111444    98767   100372    51722    64040    66463    33798    75296   125496    60262    26985   150866    39309    75462    78172    59786    29283    40776    63002    87712   117643    75296    63846    21879        0   108972   122734    84794        0    75462    31141   150866    50258   113813   120684    44177    44466    66463   104419    76510    76758    72683    24903    36772   137684    44624   121358    47206   138574   111444    23842    46721   121358    59044   136378    26128    69154    34892   117261   131099   104419    81550    57750    76510   117643    31141    69154    25338    37518    56985    35299   113635    82953   115781    76758    51722    26128    49709    86634    84030    51722    63846    82953    12967   108972   106232    76510    72683    75296    56752   104419    88753    29283    40776    73722    57750    35299    87712    26128    84794 
   53946    74244    90872    34839    48286    13617    41196    91525    61551    80493    37063    28409    43670    50436    37931    60475    42708    54412    90872   104309        0    52747    39837    59737    44305    25637    27717    57710    37931    19692    95656    75462    48851   119051    69423    75462        0    52088    90872    34479    93895    60690    38466    37326    43670    44376    39837    16741    13756    69393    48393    77689   118401    61297    34671    78580    91525    57170    39763    61297    40234    76383    56685    51298    92714    57200    71074    44376    72857    17685    39837    57710    52088    51298    61367    69591    37444    52662    53640    63034    55738    16741    37063    56685    39302    63824    64111    37063    19692    63034    86678    48851    86353    39837    13756    37931    34839    44376    74244    59737    44305    49082    17685    52662    27717    56685    69423 
   46357    61149   133781    30760    75090    45607    19577    83976   104460    72904    24378    36696    36081     6454    80840   103384    32916    11976   133781    66432    52088    50874    32248     5728    13433    68546    70578   100619    80840    36502    49002    31141    91761    98009    57189    31141    52088        0   133781    22914    86346   103551    16834    71070    36081    87286    49316    59651    45392    52068     9428   120546    71769   104207    73689   121489    83976    15988    74249   104207    31703   119292     8395    43710    62015   100109   113983    87286    53945    60601    49316   100619        0    43710    54765    64684    29856     9063    96437    55513    98647    59651    24378     8395    22365    59371    56591    24378    36502    55513    40150    91761    78765    49316    45392    80840    30760    87286    61149     5728    13433    46470    60601     9063    70578     8395    57189 
  106457   101025        0   120748   123730   100371   116850   160265   105242   137366   112717   104062   107421   132129   109292    36951   118411   145284        0   185426    90872    91191   112342   135659   125998   101041    64097    37730   109292   110564   171100   150866    42418   145832    96131   150866    90872   133781        0   125351   154452    41828   117597   112769   107421    54154   103828    87811    92765   144836   129258    31495   193844    30391   110075    19622   160265   148042   115206    30391   115887    17425   138377   113181   168157    34617    26278    54154    99638    93129   103828    37730   133781   113181   136810   145029   112720   143533    45610   119177    46666    87811   112717   138377   114955    90533   124627   112717   110564   119177   162187    42418   143308   103828    92765   109292   120748    54154   101025   135659   125998   105694    93129   143533    64097   138377    96131 
   39805    54596   125351    21571    82765    33447    13024    77548    96030    66352    17825    30144    29529    21262    72410    94953    24871    38247   125351    85548    34479    44322    25696    24844    15131    60116    62196    92188    72410    18893    68119    50258    83330    91456    50637    50258    34479    22914   125351        0    79917    95121     9292    71804    29529    78855    42764    51220    38840    71185    19219   112168    90914    95776    69149   113058    77548    35105    74242    95776    25150   110862    27510    37158    81132    91679   105553    78855    47393    52170    42764    92188    22914    37158    73881    83800    23304    34614    88119    49056    90217    51220    17825    27510    15813    52737    50134    17825    18893    49056    59266    83330    72212    42764    38840    72410    21571    78855    54596    24844    15131    39826    52170    34614    62196    27510    50637 
   44832    58423   154452    73440   127002    81374    69591     7753   140227    19487    65281    72555    50485    84694   116607   124055    71103   101803   154452   149104    93895    72507    57138    88400    78687   104313   100911   121290   116607    92807   131674   113813   112431    11663    62382   113813    93895    86346   154452    79917        0   121380    70284   116041    50485   108875    64200    95418    81159   134740    81823   136342   154345   124878   113347   142160     7753    98660   118478   124878    68579   139963    90942    49323   144687   120780   134654   108875    55168    96368    64200   121290    86346    49323   137313   148267    60636    98045   117235    43255   124773    95418    65281    90942    67519    72083    40787    65281    92807    43255   122822   112431    20990    64200    81159   116607    73440   108875    58423    88400    78687    65410    96368    98045   100911    90942    62382 
