dep81 0 0 60
**************************************DATA
7 106 480 8 1.33
**************************************DISTANCE
       0    65638    67859    14132    73322    19409    33342    37892    87546    60959    31845    30841    45576    16035    21264    71376    42123    35389    16035    42123    16652    63772    39458    16035    11723    49416     8355    45979    29160    16652     4499    25862    49416    61875    30841    49416     7291    61875    29160    51654     6637    20179    56244     7218    17061    33342    57981    18599    53790    49464    71595    30841    57233    12324    38903    45924    28025    48141    87546    52455    46848    65638    19409    56244    67339    50523    27484    53588    26496    49068    37892    87546    66746    57981    66746    57981    52902    57981    10830    16652    35389    12324    60532    44403    78332    45576    57981    23444     9655    40216    10830    19409     7218    45979    56244    45152    58147     7291    49464    61875    27541    28025    18089    52178    78332    27484    26046 
   65638        0    69502    52913    58019    84651    65529    44689    62656    39979    97086    28410    40471    81277    62276    46486    18473    44569    81277    18473    66532    38882    61004    81277    65386    52288    73597    31403    94402    66532    65750    51882    52288    47544    28410    52288    66724    47544    94402    21255    62639    85421    16505    62994    53757    65529     9005    50215    12928    32359    46705    28410    17305    55755    37131    33448    76569    19575    62656    28135    22945        0    84651    16505    11055    37700    53744     6634    39040    28659    44689    62656    52415     9005    52415     9005    35797     9005    67223    66532    44569    55755    13157    42754    86734    40471     9005    88686    61657    32965    67223    84651    62994    31403    16505    31606    43816    66724    32359    47544    53561    76569    83331    25942    86734    53744    64745 
   67859    69502        0    75898    27107    77477   100034   103705    44864    47861    86042    59774    35890    76788    87077    51494    59092    40177    76788    59092    51306    49617    34822    76788    77536   115229    68034    81311    64560    51306    72520    88091   115229    24859    59774   115229    62189    24859    64560    54306    63542    79858    58895    73013    78470   100034    60873    60235    56682    42626    51200    59774    68177    65447    76580    38271    39455    51032    44864    79008    49500    69502    77477    58895    69991    88136    93298    65348    54438    47432   103705    44864    17734    60873    17734    60873    39172    60873    76643    51306    40177    65447    64528    92623    17232    35890    60873    83123    62911    72884    76643    77477    73013    81311    58895    80414    31621    62189    42626    24859    89747    39455    77768    52055    17232    93298    97078 
   14132    52913    75898        0    75307    30730    24105    29670    88624    62038    44728    26850    46654    28918    12066    72454    38133    35721    28918    38133    29818    64850    46764    28918     3939    41193    21238    37757    42043    29818     8679    11441    41193    62953    26850    41193    19476    62953    42043    52733    18343    33062    57322    11714     4082    24105    51393    15772    54869    50542    72673    26850    35608    19996    19409    46963    40478    49219    88624    29521    47926    52913    30730    57322    68417    44942    19262    46193    27575    50146    29670    88624    68730    51393    68730    51393    53980    51393     6102    29818    35721    19996    61269    36181    91498    46654    51393    28233    20554    18229     6102    30730    11714    37757    57322    25401    59225    19476    50542    62953    19318    40478    30972    53256    91498    19262    21148 
   73322    58019    27107    75307        0    93378    94453    80313    16904    22079   105814    49264    25379    90005    89035    24870    48582    46725    90005    48582    75860    24877    43631    90005    79494    87628    82325    72066    89114    75860    74478    80806    87628    11448    49264    87628    87616    11448    89114    43796    71367    94149    48385    71721    77383    94453    50362    58943    46172    26731    24215    49264    58047    64483    69702    27755    64008    40522    16904    68878    38989    58019    93378    48385    59480    77625    82669    54838    47768    30091    80313    16904    18988    50362    18988    50362    24390    50362    78601    75860    46725    64483    52673    84103    39357    25379    50362    97414    70385    65535    78601    93378    71721    72066    48385    71183    21111    87616    26731    11448    82485    64008    92059    34738    39357    82669    93670 
   19409    84651    77477    30730    93378        0    35284    54490   104800    78213    14238    48094    62830     8237    24626    88630    59377    52643     8237    59377    26271    81025    54494     8237    28321    66014    11426    62577    23212    26271    23305    44956    66014    79129    48094    66014    16897    79129    23212    68908    22685     2742    73497    24472    33659    35284    75235    35852    71044    66718    88849    48094    73831    29577    57388    65034    39621    65395   104800    69053    64102    84651        0    73497    84593    68597    44082    85130    43750    66322    54490   104800    85959    75235    85959    75235    70156    75235    27428    26271    52643    29577    77786    61001    87950    62830    75235     7723    24691    56814    27428        0    24472    62577    73497    63324    75401    16897    66718    79129    44139    39621     2726    69432    87950    44082    28788 
   33342    65529   100034    24105    94453    35284        0    25727   104932    78981    52497    45289    67083    47928    14310    88762    52815    62455    47928    52815    48828    81158    69366    47928    21602    41346    40247    33814    61052    48828    28939    13647    41346    82145    45289    41346    39466    82145    61052    69041    37554    33470    73630    32057    21635        0    64412    38921    68335    67486    88982    45289    47914    39390    29548    67363    59689    65527   104932    40290    64234    65529    35284    73630    76710    34468    16717    59212    51296    66454    25727   104932    87876    64412    87876    64412    70924    64412    24167    48828    62455    39390    77918    36334   110507    67083    64412    32385    39564    30897    24167    35284    32057    33814    73630    32411    78417    39466    67486    82145    12466    59689    40463    69565   110507    16717     9437 
   37892    44689   103705    29670    80313    54490    25727        0    90522    64862    68426    31049    52945    52678    21885    74643    39781    66778    52678    39781    53578    66141    74117    52678    27051    25129    44967     9944    65803    53578    33361    13206    25129    68865    31049    25129    43237    68865    65803    56150    42104    56822    54365    36807    22516    25727    43900    43008    47823    53366    74862    31049    28582    43756    13982    53223    64239    50391    90522    16466    49561    44689    54490    54365    56198     9329     9010    38700    36895    52962        0    90522    73736    43900    73736    43900    57114    43900    29906    53578    66778    43756    54315     6492   114176    52945    43900    52463    44339    16183    29906    54490    36807     9944    54365     9130    64297    43237    53366    68865    13701    64239    54732    54805   114176     9010    24905 
   87546    62656    44864    88624    16904   104800   104932    90522        0    25279   119098    59473    42083   103288   102318    16724    58454    63429   103288    58454    93617    26516    60335   103288    92777    97500    95608    82275   106872    93617    87761    91249    97500    28152    59473    97500    88879    28152   106872    44071    88474   107432    48660    85005    90667   104932    54492    72227    49697    35589    16068    59473    68204    77768    79739    44464    81766    47639        0    79035    45536    62656   104800    48660    59756    88163    92878    58968    61052    38948    90522        0    35692    54492    35692    54492    37517    54492    91884    93617    63429    77768    52971    93904    45671    42083    54492   110697    83649    75556    91884   104800    85005    82275    48660    81695    37815    88879    35589    28152    92906    81766   105342    37136    45671    92878   104110 
   60959    39979    47861    62038    22079    78213    78981    64862    25279        0    92149    33693    31017    80581    79611     7866    35747    39941    80581    35747    65835     4248    48218    80581    66423    74792    68690    59568    93705    65835    60026    65299    74792    23234    33693    74792    62292    23234    93705    21364    61888    84725    25953    62297    64145    78981    31785    45632    26989    11493     8085    33693    45527    51182    53788    27194    71890    24931    25279    56358    23138    39979    78213    25953    37048    65486    65434    36260    38344    14857    64862    25279    30774    31785    30774    31785    13394    31785    69177    65835    39941    51182    30294    67953    65091    31017    31785    83730    57063    49606    69177    78213    62297    59568    25953    55744    20835    62292    11493    23234    66955    71890    82635    14448    65091    65434    78160 
   31845    97086    86042    44728   105814    14238    52497    68426   119098    92149        0    62367    77192    20845    51797   102565    73313    66929    20845    73313    40207    94717    68429    20845    42135    79949    24574    76513    21795    40207    37386    57392    79949    94366    62367    79949    30953    94366    21795    82844    35121    17709    87433    38407    52129    52497    89171    50141    84980    80653   102785    62367    88500    43907    69824    77470    47025    79330   119098    83097    78137    97086    14238    87433    98528    81033    58263    99065    57686    81538    68426   119098    99930    89171    99930    89171    84923    89171    41363    40207    66929    43907    91776    74980    96513    77192    89171    15717    38669    71119    41363    14238    38407    76513    87433    75760    89336    30953    80653    94366    59572    47025    14085    83381    96513    58263    43205 
   30841    28410    59774    26850    49264    48094    45289    31049    59473    33693    62367        0    22203    46558    41936    43474    11751    20282    46558    11751    31812    35869    36718    46558    36047    47331    38878    22802    59683    31812    31031    31606    47331    36856        0    47331    32173    36856    59683    23752    31769    50702    28341    28274    28958    45289    21657    12683    20717    22197    43693        0    20322    21063    20095    22481    41771    20239    59473    24083    18946    28410    48094    28341    39437    32625    33404    23215     6065    21913    31049    59473    42687    21657    42687    21657    25635    21657    35154    31812    20282    21063    32151    34261    76046    22203    21657    53967    26944    15913    35154    48094    28274    22802    28341    22052    33128    32173    22197    36856    33262    41771    48612    23756    76046    33404    44467 
   45576    40471    35890    46654    25379    62830    67083    52945    42083    31017    77192    22203        0    61382    60412    38950    31321    19348    61382    31321    46637    31346    27566    61382    50871    69227    53702    44698    74507    46637    45855    53401    69227    13925    22203    69227    46909    13925    74507    26018    46505    65526    30608    43099    48760    67083    32585    30320    28394    23556    39169    22203    40336    35798    41890     7023    54252    22745    42083    51167    21212    40471    62830    30608    41703    54420    55300    37061    19146    20477    52945    42083    18802    32585    18802    32585    20102    32585    49978    46637    19348    35798    35497    56055    53115        0    32585    68791    41679    37707    49978    62830    43099    44698    30608    43846    10197    46909    23556    13925    55057    54252    63436    25049    53115    55300    66262 
   16035    81277    76788    28918    90005     8237    47928    52678   103288    80581    20845    46558    61382        0    35892    87699    57408    51119        0    57408    21645    78907    52655        0    26325    64079     9340    60723    14975    21645    21576    41583    64079    78557    46558    64079    12243    78557    14975    67131    13878    12103    71528    22924    36319    47928    73208    34331    69103    64748    87341    46558    72690    28098    54014    61661    37321    63411   103288    67287    62327    81277     8237    71528    82814    65223    42454    69288    41781    65728    52678   103288    84120    73208    84120    73208    69114    73208    25426    21645    51119    28098    75966    59171    87259    61382    73208    15711    22859    55309    25426     8237    22924    60723    71528    59950    74829    12243    64748    78557    43763    37321     6917    67571    87259    42454    34368 
   21264    62276    87077    12066    89035    24626    14310    21885   102318    79611    51797    41936    60412    35892        0    86729    49430    50149    35892    49430    36792    77937    57506    35892     9665    38550    28339    29930    49017    36792    16732    10393    38550    77587    41936    38550    26608    77587    49017    66161    25476    23306    70245    19994     9680    14310    59516    26818    64950    64101    86371    41936    44971    27128    26295    60691    47610    62441   102318    36494    61357    62276    24626    70245    73325    31215    12869    56269    41527    64758    21885   102318    82458    59516    82458    59516    68144    59516    12131    36792    50149    27128    74996    33641    97548    60412    59516    23165    27710    27590    12131    24626    19994    29930    70245    29158    73859    26608    64101    77587     9065    47610    38243    66601    97548    12869     7164 
   71376    46486    51494    72454    24870    88630    88762    74643    16724     7866   102565    43474    38950    87699    86729        0    42865    50358    87699    42865    72954    10756    58305    87699    76840    81911    79107    66686   100824    72954    70443    75080    81911    26867    43474    81911    72709    26867   100824    27966    72305    91844    33072    69416    74562    88762    38903    56049    34108    20000      940    43474    52035    61598    63569    35128    82307    32050    16724    62865    29645    46486    88630    33072    44167    71993    75216    42814    45463    22790    74643    16724    34407    38903    34407    38903    21327    38903    76295    72954    50358    61598    36802    77734    60596    38950    38903    94147    67479    59387    76295    88630    69416    66686    33072    65526    29341    72709    20000    26867    76736    82307    89011    20955    60596    75216    87941 
   42123    18473    59092    38133    48582    59377    52815    39781    58454    35747    73313    11751    31321    57408    49430    42865        0    31178    57408        0    43093    34073    48476    57408    51293    40377    49854    26512    70529    43093    41190    39132    40377    37134    11751    40377    43456    37134    70529    17769    43052    61636    18377    39601    41007    52815    10906    24286     9964    21929    42507    11751    12379    32346    29778    22647    53054    11274    58454    23210    17493    18473    59377    18377    26081    32338    39268    12450    17626    20894    39781    58454    42005    10906    42005    10906    25383    10906    54371    43093    31178    32346    19457    37209    76322    31321    10906    64894    38227    25260    54371    59377    39601    26512    18377    26647    33406    43456    21929    37134    40789    53054    59758    22737    76322    39268    51993 
   35389    44569    40177    35721    46725    52643    62455    66778    63429    39941    66929    20282    19348    51119    50149    50358    31178        0    51119    31178    36228    42199    16436    51119    40853    78301    43120    41133    57436    36228    34456    47913    78301    32036    20282    78301    40733    32036    57436    30636    36555    55264    35226    32836    39982    62455    36963    20061    32772    28446    50577    20282    40262    22937    36403    19555    40438    27123    63429    44357    25830    44569    52643    35226    46321    50810    48049    41439    14260    29020    66778    63429    31891    36963    31891    36963    30539    36963    39715    36228        0    22937    39258    52446    56818    19348    36963    58160    31729    32707    39715    52643    32836    41133    35226    40237    31843    40733    28446    32036    49570    40438    53173    30863    56818    48049    59499 
   16035    81277    76788    28918    90005     8237    47928    52678   103288    80581    20845    46558    61382        0    35892    87699    57408    51119        0    57408    21645    78907    52655        0    26325    64079     9340    60723    14975    21645    21576    41583    64079    78557    46558    64079    12243    78557    14975    67131    13878    12103    71528    22924    36319    47928    73208    34331    69103    64748    87341    46558    72690    28098    54014    61661    37321    63411   103288    67287    62327    81277     8237    71528    82814    65223    42454    69288    41781    65728    52678   103288    84120    73208    84120    73208    69114    73208    25426    21645    51119    28098    75966    59171    87259    61382    73208    15711    22859    55309    25426     8237    22924    60723    71528    59950    74829    12243    64748    78557    43763    37321     6917    67571    87259    42454    34368 
   42123    18473    59092    38133    48582    59377    52815    39781    58454    35747    73313    11751    31321    57408    49430    42865        0    31178    57408        0    43093    34073    48476    57408    51293    40377    49854    26512    70529    43093    41190    39132    40377    37134    11751    40377    43456    37134    70529    17769    43052    61636    18377    39601    41007    52815    10906    24286     9964    21929    42507    11751    12379    32346    29778    22647    53054    11274    58454    23210    17493    18473    59377    18377    26081    32338    39268    12450    17626    20894    39781    58454    42005    10906    42005    10906    25383    10906    54371    43093    31178    32346    19457    37209    76322    31321    10906    64894    38227    25260    54371    59377    39601    26512    18377    26647    33406    43456    21929    37134    40789    53054    59758    22737    76322    39268    51993 
   16652    66532    51306    29818    75860    26271    48828    53578    93617    65835    40207    31812    46637    21645    36792    72954    43093    36228    21645    43093        0    64162    26252    21645    27225    64979    16748    43406    22048        0    22477    42483    64979    54292    31812    64979    10983    54292    22048    52386    12336    28530    56962    20476    37220    48828    58463    19586    54357    50914    72595    31812    50822    13858    38743    46915    11839    48666    93617    46698    47582    66532    26271    56962    68068    66124    43354    54542    27491    50983    53578    93617    57717    58463    57717    58463    54368    58463    26326        0    36228    13858    61221    60071    61777    46637    58463    31788     9503    35047    26326    26271    20476    43406    56962    42578    52735    10983    50914    54292    44663    11839    26652    52826    61777    43354    45872 
   63772    38882    49617    64850    24877    81025    81158    66141    26516     4248    94717    35869    31346    78907    77937    10756    34073    42199    78907    34073    64162        0    47955    78907    69235    73119    71502    57894    92032    64162    62839    67475    73119    25573    35869    73119    65104    25573    92032    19690    64700    83051    24280    60624    66957    81158    30111    48444    25316    11230    10975    35869    44430    53994    55964    27524    74702    23258    26516    55260    21155    38882    81025    24280    35375    64389    68497    34587    36671    15186    66141    26516    32530    30111    32530    30111    13158    30111    67503    64162    42199    53994    29197    70130    66271    31346    30111    86316    59875    51782    67503    81025    60624    57894    24280    57921    20571    65104    11230    25573    69132    74702    80961    13351    66271    68497    80336 
   39458    61004    34822    46764    43631    54494    69366    74117    60335    48218    68429    36718    27566    52655    57506    58305    48476    16436    52655    48476    26252    47955        0    52655    47764    85658    44971    52109    47460    26252    41634    58956    85658    28941    36718    85658    38807    28941    47460    46859    34628    56752    52524    40798    51025    69366    52936    31104    50071    44485    59755    36718    56698    31217    47446    34589    24770    44421    60335    55400    42054    61004    54494    52524    63619    61853    63892    57332    31558    45456    74117    60335    33180    52936    33180    52936    37289    52936    47072    26252    16436    31217    55694    63489    51456    27566    52936    60011    29803    43750    47072    54494    40798    52109    52524    51280    31126    38807    44485    28941    60613    24770    54875    47299    51456    63892    66410 
   16035    81277    76788    28918    90005     8237    47928    52678   103288    80581    20845    46558    61382        0    35892    87699    57408    51119        0    57408    21645    78907    52655        0    26325    64079     9340    60723    14975    21645    21576    41583    64079    78557    46558    64079    12243    78557    14975    67131    13878    12103    71528    22924    36319    47928    73208    34331    69103    64748    87341    46558    72690    28098    54014    61661    37321    63411   103288    67287    62327    81277     8237    71528    82814    65223    42454    69288    41781    65728    52678   103288    84120    73208    84120    73208    69114    73208    25426    21645    51119    28098    75966    59171    87259    61382    73208    15711    22859    55309    25426     8237    22924    60723    71528    59950    74829    12243    64748    78557    43763    37321     6917    67571    87259    42454    34368 
   11723    65386    77536     3939    79494    28321    21602    27051    92777    66423    42135    36047    50871    26325     9665    76840    51293    40853    26325    51293    27225    69235    47764    26325        0    38575    18798    35138    39450    27225     7191    16974    38575    68046    36047    38575    17067    68046    39450    57118    15935    25973    61707    10455     5421    21602    62891    17277    59254    54928    77059    36047    48081    17587    29405    51150    38070    53605    92777    42678    52312    65386    28321    61707    72803    40614    16643    57691    31960    55217    27051    92777    72917    62891    72917    62891    58366    62891     3553    27225    40853    17587    65456    34562    88905    50871    62891    25831    18169    30700     3553    28321    10455    35138    61707    35341    63611    17067    54928    68046    12791    38070    28379    57061    88905    16643    18646 
   49416    52288   115229    41193    87628    66014    41346    25129    97500    74792    79949    47331    69227    64079    38550    81911    40377    78301    64079    40377    64979    73119    85658    64079    38575        0    56491    26185    77204    64979    44884    27664        0    76180    47331        0    54760    76180    77204    66910    53627    68272    61337    48208    34039    41346    44126    54531    54795    59557    81552    47331    30778    55280    31639    61692    75762    50988    97500    23966    56539    52288    66014    61337    59821    19887    24299    40879    61886    59940    25129    97500    81051    44126    81051    44126    64428    44126    41307    64979    78301    55280    65105    10967   125700    69227    44126    71531    55862    41390    41307    66014    48208    26185    61337    25412    72452    54760    59557    76180    29320    75762    66395    61783   125700    24299    40525 
    8355    73597    68034    21238    82325    11426    40247    44967    95608    68690    24574    38878    53702     9340    28339    79107    49854    43120     9340    49854    16748    71502    44971     9340    18798    56491        0    53054    22465    16748    13896    33903    56491    70877    38878    56491     7463    70877    22465    59385    11631    12909    63974    14949    28639    40247    65712    26329    61521    57195    79326    38878    65010    20417    46334    53980    28567    55872    95608    59607    54579    73597    11426    63974    75070    57543    34559    75607    34227    58048    44967    95608    76440    65712    76440    65712    60633    65712    17905    16748    43120    20417    68286    51491    78427    53702    65712    16173    15179    47629    17905    11426    14949    53054    63974    52270    65878     7463    57195    70877    36082    28567    10819    59891    78427    34559    27781 
   45979    31403    81311    37757    72066    62577    33814     9944    82275    59568    76513    22802    44698    60723    29930    66686    26512    41133    60723    26512    43406    57894    52109    60723    35138    26185    53054        0    73848    43406    41448    21293    26185    60618    22802    26185    51324    60618    73848    46118    50191    64836    41096    31249    30603    33814    30631    23569    34554    45077    66328    22802    14479    32709     8009    44976    57431    37122    82275     7189    41314    31403    62577    41096    42929    11400    17097    25397    28607    44715     9944    82275    65489    30631    65489    30631    48867    30631    37951    43406    41133    32709    41029    13036    97945    44698    30631    60550    52426     7937    37951    62577    31249        0    41096      883    56009    51324    45077    60618    21788    57431    62958    46558    97945    17097    32992 
   29160    94402    64560    42043    89114    23212    61052    65803   106872    93705    21795    59683    74507    14975    49017   100824    70529    57436    14975    70529    22048    92032    47460    14975    39450    77204    22465    73848        0    22048    34701    54708    77204    91682    59683    77204    24944    91682        0    80256    26579    27078    84649    36048    49444    61052    86333    47456    82227    78785   100466    59683    85815    41222    67139    74785    25197    76536   106872    80412    75452    94402    23212    84649    95938    78348    55578    82412    54902    78853    65803   106872    75870    86333    75870    86333    82238    86333    38551    22048    57436    41222    89091    72296    75031    74507    86333    30685    31068    68434    38551    23212    36048    73848    84649    73075    87954    24944    78785    91682    56887    25197    21892    80696    75031    55578    48586 
   16652    66532    51306    29818    75860    26271    48828    53578    93617    65835    40207    31812    46637    21645    36792    72954    43093    36228    21645    43093        0    64162    26252    21645    27225    64979    16748    43406    22048        0    22477    42483    64979    54292    31812    64979    10983    54292    22048    52386    12336    28530    56962    20476    37220    48828    58463    19586    54357    50914    72595    31812    50822    13858    38743    46915    11839    48666    93617    46698    47582    66532    26271    56962    68068    66124    43354    54542    27491    50983    53578    93617    57717    58463    57717    58463    54368    58463    26326        0    36228    13858    61221    60071    61777    46637    58463    31788     9503    35047    26326    26271    20476    43406    56962    42578    52735    10983    50914    54292    44663    11839    26652    52826    61777    43354    45872 
    4499    65750    72520     8679    74478    23305    28939    33361    87761    60026    37386    31031    45855    21576    16732    70443    41190    34456    21576    41190    22477    62839    41634    21576     7191    44884    13896    41448    34701    22477        0    22594    44884    63030    31031    44884    12051    63030    34701    50721    10919    25721    55311     4471    17331    28939    57048    15669    52857    48531    70662    31031    53702    12571    35026    46134    33054    47208    87761    48299    45915    65750    23305    55311    66406    46235    22953    64000    25563    50202    33361    87761    67901    57048    67901    57048    51969    57048     6298    22477    34456    12571    60440    40183    84156    45855    57048    28985    13153    36321     6298    23305     4471    41448    55311    40962    57214    12051    48531    63030    24774    33054    23630    52045    84156    22953    25983 
   25862    51882    88091    11441    80806    44956    13647    13206    91249    65299    57392    31606    53401    41583    10393    75080    39132    47913    41583    39132    42483    67475    58956    41583    16974    27664    33903    21293    54708    42483    22594        0    27664    68462    31606    27664    33121    68462    54708    55358    31266    36938    59947    25712     8504    13647    50729    30348    54652    53803    75299    31606    34231    33045    15901    53748    52208    51845    91249    28535    50552    51882    44956    59947    63028    21931     4196    45529    37614    52772    13206    91249    73333    50729    73333    50729    57241    50729    18811    42483    47913    33045    64235    22651   104162    53401    50729    35852    33219    17214    18811    44956    25712    21293    59947    20466    64734    33121    53803    68462     1679    52208    43637    55882   104162     4196    12863 
   49416    52288   115229    41193    87628    66014    41346    25129    97500    74792    79949    47331    69227    64079    38550    81911    40377    78301    64079    40377    64979    73119    85658    64079    38575        0    56491    26185    77204    64979    44884    27664        0    76180    47331        0    54760    76180    77204    66910    53627    68272    61337    48208    34039    41346    44126    54531    54795    59557    81552    47331    30778    55280    31639    61692    75762    50988    97500    23966    56539    52288    66014    61337    59821    19887    24299    40879    61886    59940    25129    97500    81051    44126    81051    44126    64428    44126    41307    64979    78301    55280    65105    10967   125700    69227    44126    71531    55862    41390    41307    66014    48208    26185    61337    25412    72452    54760    59557    76180    29320    75762    66395    61783   125700    24299    40525 
   61875    47544    24859    62953    11448    79129    82145    68865    28152    23234    94366    36856    13925    78557    77587    26867    37134    32036    78557    37134    54292    25573    28941    78557    68046    76180    70877    60618    91682    54292    63030    68462    76180        0    36856    76180    63208        0    91682    32348    62804    82701    36937    60274    65061    82145    38914    47495    34724    18582    27602    36856    46219    52097    56951    16312    64313    29074    28152    57049    27542    47544    79129    36937    48033    66178    71221    43390    36320    21927    68865    28152     7771    38914     7771    38914    15128    38914    67153    54292    32036    52097    42570    71117    42090    13925    38914    85966    57978    52769    67153    79129    60274    60618    36937    58908     9663    63208    18582        0    70119    64313    80611    26548    42090    71221    81323 
   30841    28410    59774    26850    49264    48094    45289    31049    59473    33693    62367        0    22203    46558    41936    43474    11751    20282    46558    11751    31812    35869    36718    46558    36047    47331    38878    22802    59683    31812    31031    31606    47331    36856        0    47331    32173    36856    59683    23752    31769    50702    28341    28274    28958    45289    21657    12683    20717    22197    43693        0    20322    21063    20095    22481    41771    20239    59473    24083    18946    28410    48094    28341    39437    32625    33404    23215     6065    21913    31049    59473    42687    21657    42687    21657    25635    21657    35154    31812    20282    21063    32151    34261    76046    22203    21657    53967    26944    15913    35154    48094    28274    22802    28341    22052    33128    32173    22197    36856    33262    41771    48612    23756    76046    33404    44467 
   49416    52288   115229    41193    87628    66014    41346    25129    97500    74792    79949    47331    69227    64079    38550    81911    40377    78301    64079    40377    64979    73119    85658    64079    38575        0    56491    26185    77204    64979    44884    27664        0    76180    47331        0    54760    76180    77204    66910    53627    68272    61337    48208    34039    41346    44126    54531    54795    59557    81552    47331    30778    55280    31639    61692    75762    50988    97500    23966    56539    52288    66014    61337    59821    19887    24299    40879    61886    59940    25129    97500    81051    44126    81051    44126    64428    44126    41307    64979    78301    55280    65105    10967   125700    69227    44126    71531    55862    41390    41307    66014    48208    26185    61337    25412    72452    54760    59557    76180    29320    75762    66395    61783   125700    24299    40525 
    7291    66724    62189    19476    87616    16897    39466    43237    88879    62292    30953    32173    46909    12243    26608    72709    43456    40733    12243    43456    10983    65104    38807    12243    17067    54760     7463    51324    24944    10983    12051    33121    54760    63208    32173    54760        0    63208    24944    52987     2974    19287    57576    13218    22405    39466    59314    19931    55123    50797    72928    32173    62577    17979    45553    47108    23596    49474    88879    57799    48181    66724    16897    57576    68672    56762    32829    54921    27829    50401    43237    88879    70180    59314    70180    59314    54235    59314    16174    10983    40733    17979    61865    49748    72663    46909    59314    22552     9004    45561    16174    16897    13218    51324    57576    51489    59480        0    50797    63208    32885    23596    17197    53511    72663    32829    36510 
   61875    47544    24859    62953    11448    79129    82145    68865    28152    23234    94366    36856    13925    78557    77587    26867    37134    32036    78557    37134    54292    25573    28941    78557    68046    76180    70877    60618    91682    54292    63030    68462    76180        0    36856    76180    63208        0    91682    32348    62804    82701    36937    60274    65061    82145    38914    47495    34724    18582    27602    36856    46219    52097    56951    16312    64313    29074    28152    57049    27542    47544    79129    36937    48033    66178    71221    43390    36320    21927    68865    28152     7771    38914     7771    38914    15128    38914    67153    54292    32036    52097    42570    71117    42090    13925    38914    85966    57978    52769    67153    79129    60274    60618    36937    58908     9663    63208    18582        0    70119    64313    80611    26548    42090    71221    81323 
   29160    94402    64560    42043    89114    23212    61052    65803   106872    93705    21795    59683    74507    14975    49017   100824    70529    57436    14975    70529    22048    92032    47460    14975    39450    77204    22465    73848        0    22048    34701    54708    77204    91682    59683    77204    24944    91682        0    80256    26579    27078    84649    36048    49444    61052    86333    47456    82227    78785   100466    59683    85815    41222    67139    74785    25197    76536   106872    80412    75452    94402    23212    84649    95938    78348    55578    82412    54902    78853    65803   106872    75870    86333    75870    86333    82238    86333    38551    22048    57436    41222    89091    72296    75031    74507    86333    30685    31068    68434    38551    23212    36048    73848    84649    73075    87954    24944    78785    91682    56887    25197    21892    80696    75031    55578    48586 
   51654    21255    54306    52733    43796    68908    69041    56150    44071    21364    82844    23752    26018    67131    66161    27966    17769    30636    67131    17769    52386    19690    46859    67131    57118    66910    59385    46118    80256    52386    50721    55358    66910    32348    23752    66910    52987    32348    80256        0    52583    71275     5115    48848    54840    69041    13124    36327     8329    15841    28186    23752    28748    41877    43847    18950    62585     9805    44071    39579     4427    21255    68908     5115    16211    48707    55494    17582    24895    12782    56150    44071    37219    13124    37219    13124    20001    13124    55727    52386    30636    41877     9325    53578    71535    26018    13124    74425    47757    39665    55727    68908    48848    46118     5115    45804    30007    52987    15841    32348    57014    62585    69289     7433    71535    55494    68219 
    6637    62639    63542    18343    71367    22685    37554    42104    88474    61888    35121    31769    46505    13878    25476    72305    43052    36555    13878    43052    12336    64700    34628    13878    15935    53627    11631    50191    26579    12336    10919    31266    53627    62804    31769    53627     2974    62804    26579    52583        0    23456    57172     9631    21272    37554    58910    19527    54719    50392    72524    31769    52734    13800    43697    43023    24006    49070    88474    56667    47777    62639    22685    57172    68268    54906    31696    54516    27425    49997    42104    88474    66093    58910    66093    58910    53831    58910    15041    12336    36555    13800    61460    48615    74015    46505    58910    26720     4826    44428    15041    22685     9631    50191    57172    49633    59076     2974    50392    62804    31753    24006    21365    53107    74015    31696    34654 
