dep77 0 0 60
**************************************DATA
13 190 480 8 1.33
**************************************DISTANCE
       0    14441    48931    81696   122797   122191    46826    75407    95801    73320    39332    26967    37593    35964    59041    59041    84397    55512    26967    84599    30681    53246   112114    80445   104696    75478   105039   104696   112120    75147    62045    74322    34902    37350    45145   137171    77966    66970    25189     5571    68711    33683    96935   126479    54050    18269    30339    71895   102152    63667    75147    26967    15981    15332    10305    32662    44096    68524    37484    96935    47572    71888    64283    83199   119834    84055    41997     7966    92821    73821    50490    69924    25189    57279    83199    54593    66041    29144     3479   105039   123746   105284    62045    74322   123746    97939    46826   122797    37350   104696    68797    29405    91512    61846   103569    84055    75478   111509    29034   119834   111509    81709    40372   109726    46826    66052    23348    29736    71888   102916   111509    83199    74655    71964    23919    69924    69994    66052    29555   137171   115789   119834    76423    97939    25189    73320    89427     6582   107100    42052    84397    71895    12585    30354    90240   122191     5571    83199    84114    19138    74322    90240    77157    26967    66052    68797    29144    83142    25487    51375    77157    25762    29736    77157   111255    15981    79673   109726     5571    69657    41997    97433    62288    62045    71437    68797    34849    66970    75478    47572   119834    15981    66970    24975    54811    62288    19038    10305    24975    54050    71888    96572    35649    28574    82236    90545    82404    75478    42308    68797    86787 
   14441        0    28129    87274   110211   127769    29768    61470    51279    63821    19590    13138    41064    37281    52328    52328    87868    51289    13138    59980    25524    20579    97608    34896    93233    57592   110617    93233    99859    82248    54610    52633    39954    33970    51251   143113    34247    41829    24416    17188    50886    19854    80368   130789    36075    20556    20958    50668    90764    35517    82248    13138    26625     9856     4376    37777    49674    36890    17508    80368    53150    53912    43207    86670   125412    89633    45468    22758    98399    39830    56068    75970    24416    31189    86670    21795    49953    29669    13347   110617   103874    93023    54610    52633   103874    79964    29768   110211    33970    93233    50822    16201    97090    65318    91308    89633    57592    97003    42336   125412    97003    72565    22009   115784    29768    54886     9733    18348    53912    89604    97003    86670    80237    27768    23527    75970    75572    54886    22917   143113   103527   125412    79895    79964    24416    63821    95125    12903    94839    36010    87868    50668     9693    43160    44691   127769    17188    86670    87586    20765    52633    44691    82735    13138    54886    50822    29669    86613    26515    28508    82735    11933    18348    82735    81315    26625    34124   115784    17188    75235    45468   100904    67504    54610    76808    50822    24060    41829    57592    53150   125412    26625    41829    13363    52692    67504     5833     4376    13363    36075    53912   102150    35956    12663    50469    94016    87982    57592    30408    50822    41238 
   48931    28129        0    64104   105205   104599     3317    41608    55365    55728     6243    29368    17881    12125    27811    27811    64719    25243    29368    40087    10326     9265    91312    40009    87104    37610    87447    87104    94528    57556    30443    36925    17310     8048    27553   119579    37530    29101    15444    52336    30842    25968    59067   105705    16182    24436    33112    30775    84560    20643    57556    29368    33472    29920    31926     9686    26504    30655     8485    59067    20168    34019    23162    61870   102242    66463    23882    50131    75229    27566    32898    52332    15444    10813    61870    10876    30060    27023    46147    87447   106154    87692    30443    36925   106154    60070     3317   105205     8048    87104    30929     7481    73920    42290    85977    66463    37610    90907    13309   102242    90907    64118     7316    92134     3317    30714    20477    38570    34019    65047    90907    61870    57063    31528    25540    52332    52402    30714    13554   119579    98197   102242    56708    60070    15444    55728    71835    36129    89508    38588    64719    30775    37242    19990    49805   104599    52336    61870    64539    31343    36925    49805    59565    29368    30714    30929    27023    63287    28652     8615    59565    16954    38570    59565    60075    33472    39237    92134    52336    52065    23882    78011    44696    30443    53845    30929     9148    29101    37610    20168   102242    33472    29101    36704    27738    44696    24229    31926    36704    16182    34019    78980    12569    36955    39211    68932    64812    37610     3203    30929    46351 
   81696    87274    64104        0    54933    41780    65743    21225    80353    14617    71578    87971    49801    51491    34113    34113    10436    39082    87971    32881    57804    68419    24425    98611    49527    62582    24738    49527    30384    15199    28603    42591    49167    61205    36921    56791    97073    54037    63919    87126    28873    84570    60257    44468    50942    62651    91089    48491    33819    82073    15199    87971    68748    71016    90528    56470    42964    58718    64740    60257    44858    31457    39841    13998    39319     4782    51545    86658    26038    75155    32831    14430    63919    72452    13998    69766    32334    62490    80476    24738    29127    43424    28603    42591    29127    68472    65743    54933    61205    49527    58991    71398    22827    29803    30437     4782    62582    42991    53495    39319    42991    22981    63307    29462    65743    27581    79079    96585    31457    63718    42991    13998    11926    89576    59869    14430    12000    27581    60340    56791    49360    39319     9576    68472    63919    14617    23235    83458    38336    97275    10436    48491    91905    50306   108407    41780    87126    13998    16029    66143    42591   108407     5488    87971    27581    58991    62490     2748    63752    51952     5488    75630    96585     5488    49336    68748    97840    29462    87126    16035    51545    26157    24975    28603    10123    58991    61855    54037    62582    44858    39319    68748    54037    89139    33372    24975    83451    90528    89139    50942    31457    27179    53886    88503    82711    21784     5497    62582    60474    58991    83365 
  122797   110211   105205    54933        0    20834   106449    50577    86538    53960    92275   111450    90902    92592    66566    66566    54063    73587   111450    48002    98906    91681    23223   122090    24177    60852    41841    24177    20015    42849    66855    55799    90269   102306    78022     7951   106529    86147   105021   128121    60983   108050    48483    19154    82727   103752   114351    58710    26015    95699    42849   111450   109258   112117   114008    97571    83060    91125   105841    48483    86190    63864    71951    38901    17111    64286    92646   134289    27428    77998    74288    50585   105021    89711    38901    93028    64150   103591   121932    41841    24450    29651    66855    55799    24450    61953   106449        0   102306    24177    91398    93094    26859    78762    27666    64286    60852    20152    94952    17111    20152    39204   104409    33918   106449    63721   102559   119847    63864    46744    20152    38901    41006   112838   101326    50585    51709    63721   101797     7951     7958    17111    63410    61953   105021    53960    28149   124559    19732   120537    54063    58710   133347    91763    94906    20834   128121    38901    44704   107244    55799    94906    58663   111450    63721    91398   103591    53380   104853    84359    58663    99036   119847    58663    36835   109258   121319    33918   128121    57460    92646    27670    64662    66855    62486    91398   104565    86147    60852    86190    17111   109258    86147   112400    65825    64662   106712   114008   112400    82727    63864    21155    94987   111765    85554    30944    47758    60852   101931    91398    84978 
  122191   127769   104599    41780    20834        0   106238    40063   133685    37732   112074   129227    90296    91986    76274    76274    28453    92871   129227    51902    98300   108914    23891   138507    33769    71037    20939    33769    18502    33685    52084    60430    89663   101701    77416    22692   137568   107369   104415   127621    82205   126222    56272     6972   104274   103146   131585   102160    36237   122568    33685   129227   109243   111511   130026    96965    83460   108961   105235    56272    85353    54938    93173    28022     4061    51265    92040   121651    21380   128487    74087    37545   104415   112947    28022   110261    85666   102985   121130    20939     7480    38711    52084    60430     7480    74918   106238    20834   101701    33769    82473   111893    26020    64797    31287    51265    71037    29110    94751     4061    29110    33862   103803    12792   106238    51062   120335   137081    54938    56196    29110    28022    30244   130071   101125    37545    38899    51062   101596    22692    28801     4061    40621    74918   104415    37732    26893   123953    24739   137770    28453   102160   132400    91562   149663        0   127621    28022    33825   106639    60430   149663    45395   129227    51062    82473   102985    39415   104247    75434    45395   116126   137081    45395    44623   109243   137736    12792   127621    40031    92040    10700    63797    52084    37534    82473   102350   107369    71037    85353     4061   109243   107369   129634    78212    63797   123946   130026   129634   104274    54938    22521    94382   128998   136043    21446    34503    71037   101730    82473   144568 
   46826    29768     3317    65743   106449   106238        0    42949    42718    57367     3524    31007    19325    15541    30589    30589    66129    27884    31007    41427    10259     5333    93846    41647    88742    38812    89086    88742    96167    60508    33084    33853    18214     8641    29511   121373    40833    23048    13896    53974    32105    27606    61587   109050    17523    14583    34849    32115    87002    21617    60508    31007    35110    18909    33565    10714    28143    22990     6213    61587    31619    35360    24426    64930   103881    68101    23728    51769    76867    28536    34536    53970    13896    11994    64930     9308    31400    27619    47785    89086    82135    89331    33084    33853    82135    61411        0   106449     8641    88742    32269     5175    75559    43578    87615    68101    38812    93241    11724   103881    93241    65776     4792    94045        0    33355    22116    40345    35360    70823    93241    64930    58498    33336    27178    53970    54041    33355    11895   121373    99835   103881    58155    61411    13896    57367    73385    26109    91146    41034    66129    32115    38881    21628    51443   106238    53974    64930    65846    31273    33853    51443    61204    31007    33355    32269    27619    64874    28881     9955    61204    14312    40345    61204    62535    35110    40876    94045    53974    53703    23728    79165    46335    33084    55068    32269     6841    23048    38812    31619   103881    35110    23048    25953    30952    46335    27210    33565    25953    17523    35360    80619    14217    25317    40200    72276    66450    38812     3843    32269    47989 
   75407    61470    41608    21225    50577    40063    42949        0    63428     8481    43534    62709    43511    45202    16787    16787    21695    24846    62709    12434    51515    42647    37975    73349    33599    33692    38136    33599    40343    13142    18113    22144    42878    54916    30632    57691    57495    37113    57630    80449    11948    59308    51024    44043    33985    56362    65317    24513    31130    46957    13142    62709    62459    64727    65266    50180    35388    42383    58450    51024    27439    12412    22916    15194    40712    20085    45256    78244    24686    58230    26615     7862    57630    40676    15194    43993    15408    56201    74260    38136    34161    33507    18113    22144    34161    50529    42949    50577    54916    33599    42657    44060    19697    22916    31791    20085    33692    37369    47280    40712    37369    10001    57018    36959    42949    14750    53817    70813    12412    59558    37369    15194    14064    63803    53653     7862    11781    14750    54125    57691    44011    40712    13721    50529    57630     8481    17610    77168    35322    71502    21695    24513    70583    44090    76958    40063    80449    15194    10981    59854    22144    76958    16686    62709    14750    42657    56201    20440    57463    35618    16686    50294    70813    16686    40104    62459    72578    36959    80449     5741    45256    31191    16989    18113    10635    42657    45256    37113    33692    27439    40712    62459    37113    63366    16047    16989    57678    65266    63366    33985    12412    27041    32452    62730    65786    22089    21933    33692    40267    42657    67030 
   95801    51279    55365    80353    86538   133685    42718    63428        0    65450    41468    36805    68300    64516    61358    61358    81254    53172    36805    46641    55817    38249    68171    19826    62487    22865   116533    62487    76985    71887    56537    38702    56382    61205    63950    92495    21290    26603    78024    67887    48937    33404    38517   137866    37551    76756    39070    32774    91817    22678    71887    36805    72544    54984    55075    65013    64587    22407    46914    38517    58093    47368    43214    77003   131327    95548    72704    89203    75756    17646    69295    67035    78024    31541    77003    35040    51879    76595    64046   116533    97260    57362    56537    38702    97260    33604    42718    86538    61205    62487    23818    41228    70406    79268    93234    95548    22865    66591    58239   131327    66591    62997    60217   122861    42718    58781    49228    39743    47368    43146    66591    77003    73312    26122    64612    67035    74240    58781    59044    92495    79529   131327    73280    33604    78024    65450    62675    62072    70841    30646    81254    32774    57880    59062    13164   133685    67887    77003    78752    80248    38702    13164    75814    36805    58781    23818    76595    79999    77857    35853    75814    40979    39743    75814    48040    72544    23524   122861    67887    64868    72704    94290    66917    56537    70093    23818    54639    26603    22865    58093   131327    72544    26603    43778    57825    66917    46375    55075    43778    37551    47368    77242    63192    45351     3955    69509    81060    22865    49650    23818    10589 
   73320    63821    55728    14617    53960    37732    57367     8481    65450        0    45885    65060    41425    43115    17736    17736    18826    27197    65060    18231    49428    44669    24100    75700    35331    47680    31528    35331    42756     6243    16206    27689    40791    52829    28545    61074    59517    39135    55543    79668    13971    61659    54406    44714    36337    54275    67339    34508    34513    49309     6243    65060    60805    62640    67618    48094    34607    44735    56364    54406    37737    17474    24939    11497    46361    17703    43169    77463    24781    60252    25835     7050    55543    42699    11497    46016    17760    54114    73479    31528    34832    35920    16206    27689    34832    51763    57367    53960    52829    35331    45008    46082    20335    20829    34204    17703    47680    40752    46499    46361    40752    11057    54931    40097    57367    15185    56169    72835    17474    62941    40752    11497    11195    65826    52873     7050     9282    15185    53344    61074    46424    46361    10852    51763    55543        0    18666    75082    37735    73524    18826    34508    84893    43310    79309    37732    79668    11497    11126    57767    27689    79309    14304    65060    15185    45008    54114    17571    55376    37969    14304    52645    72835    14304    43486    60805    74929    40097    79668     3902    43169    31862    16209    16206     7766    45008    56112    39135    47680    37737    46361    60805    39135    65388    16996    16209    59700    67618    65388    36337    17474    27135    45510    64753    67809    22234    15325    47680    53478    45008    69382 
   39332    19590     6243    71578    92275   112074     3524    43534    41468    45885        0    18556    25396    18218    36660    36660    72200    33052    18556    41743    10289     4082    79672    42092    75297    39657    94922    75297    81622    66580    36373    34698    24285     8803    35583   127444    29428    23006    13926    47084    32950    28051    62432   115121    17838    14612    33865    32431    72828    20367    66580    18556    26384    15680    22961    11721    33978    21739     6242    62432    37454    35675    25271    71002   109716    73937    29800    44879    80393    27285    40372    60302    13926    10743    71002     8057    31716    20126    40895    94922    88206    75889    36373    34698    88206    61727     3524    92275     8803    75297    32585     2816    78686    49649    73071    73937    39657    79067    12980   109716    79067    54630     5182   100116     3524    38618    11512    33092    35675    71668    79067    71002    64569    32352    20288    60302    59876    38618    13151   127444    85290   109716    64226    61727    13926    45885    79457    26139    76602    40050    72200    32431    28277    15845    51888   112074    47084    71002    71917    23779    34698    51888    67039    18556    38618    32585    20126    70945    21388    10271    67039    13062    33092    67039    63380    26384    41320   100116    47084    44705    29800    85236    51836    36373    61140    32585     7232    23006    39657    37454   109716    26384    23006    28107    37023    51836    15766    22961    28107    17838    35675    81879    20288    24067    38950    78348    72286    39657     7367    32585    35476 
   26967    13138    29368    87971   111450   129227    31007    62709    36805    65060    18556        0    42303    38520    53568    53568    89107    52307        0    61371    37477    16269    98847    21730    94472    58832   112312    94472   106370    83487    55891    53873    41193    35209    52490   144352    19774    27758    28558    29722    52125     6711    81607   132029    37465    24698     6484    52225    92003    19854    83487        0    30768    17870    16927    39016    48149    23837    21001    81607    45926    55771    44446    87909   126880    91337    46707    35245   102272    25356    57021    77210    28558    19566    87909    13292    51241    50598    26232   112312   105113    95064    55891    53873   105113    81420    31007   111450    35209    94472    29956    14494    98949    66557    93167    91337    58832    98242    42590   126880    98242    73804    34220   117023    31007    57293    10785    14754    55771    90843    98242    87909    81476    13294    28100    77210    77431    57293    27043   144352   105386   126880    81134    81420    28558    65060    96364    24959    96697    21536    89107    52225    22217    42380    31553   129227    29722    87909    88825    24908    53873    31553    83764        0    57293    29956    50598    87853    30658    30367    83764     6701    14754    83764    82555    30768    20959   117023    29722    64146    46707   102143    68743    55891    78047    29956    35843    27758    58832    45926   126880    30768    27758    11309    53931    68743     9262    16927    11309    37465    55771   104009    37196     7499    35995    95255    89201    58832    31222    29956    27791 
   37593    41064    17881    49801    90902    90296    19325    43511    68300    41425    25396    42303        0     4593    27145    27145    50859    23617    42303    52704    11197    22196    78576    52944    72801    54714    73144    72801    80225    43252    30150    46822     2965    14983    13250   105276    50466    39469    21391    40997    40372    38903    76172    93780    26549    16428    44867    40000    70257    36166    43252    42303    22134    24793    44861    10049    12201    41023    18517    76172    15677    43549    32387    49661    87939    52160     8459    38792    60925    42772    18595    38028    21391    26229    49661    23543    34146    16267    34808    73144    91851    73389    30150    46822    91851    77175    19325    90902    14983    72801    41296    25175    59617    28309    71674    52160    54714    77971     7828    87939    77971    49814    17085    77831    19325    34157    33412    51505    43549    82152    77971    49661    42760    44463    14202    38028    38099    34157    14673   105276    83893    87939    42886    77175    21391    41425    57532    37911    75205    51052    50859    40000    46222     8651    62740    90296    40997    49661    50577    19921    46822    62740    45262    42303    34157    41296    16267    49604    17529    23874    45262    29889    51505    45262    79360    22134    52172    77831    40997    37761     8459    63895    30393    30150    39541    41296    17441    39469    54714    15677    87939    22134    39469    42916    23440    30393    37228    44861    42916    26549    43549    64677     8148    49890    54735    57007    50508    54714    14807    41296    59286 
   35964    37281    12125    51491    92592    91986    15541    45202    64516    43115    18218    38520     4593        0    28835    28835    52269    25307    38520    54394     9567    18416    79986    49160    74491    56404    74834    74491    81915    44942    31840    47840     4697    12130    14940   106966    46682    35685    19762    39368    42063    35119    77862    95190    22766    13575    46795    41690    71947    32383    44942    38520    20504    21940    42313     5676    13891    37239    15664    77862    17367    45239    34077    51071    89629    53850     9869    37163    62616    44700    20285    39718    19762    22553    51071    25472    35836    13414    33179    74834    93541    75079    31840    47840    93541    78865    15541    92592    12130    74491    37513    21462    61307    29677    73364    53850    56404    79381     6199    89629    79381    51504    15152    79521    15541    35847    29629    47722    45239    83842    79381    51071    44450    40679    12572    39718    39789    35847    13044   106966    85584    89629    44296    78865    19762    43115    59222    36282    76895    52980    52269    41690    44593     7022    58956    91986    39368    51071    51987    17068    47840    58956    46952    38520    35847    37513    13414    51014    15684    20091    46952    26105    47722    46952    81050    20504    48389    79521    39368    39451     9869    65305    32083    31840    41231    37513    13735    35685    56404    17367    89629    20504    35685    45855    27811    32083    33381    42313    45855    22766    45239    66367     4265    46106    50952    58417    52199    56404     9407    37513    55502 
   59041    52328    27811    34113    66566    76274    30589    16787    61358    17736    36660    53568    27145    28835        0        0    31303    10324    53568    20780    28052    33128    53703    64208    48464    44447    59122    48464    55889    22605     5683    24370    24868    24858    18412    91655    61730    38440    41264    57852    11536    50167    50725    79332    31743    39996    55799    29733    45921    47494    22605    53568    38989    48361    60797    25687    19050    39959    31551    50725    12335    14713    21761    26893    73917    38137    28890    55647    54660    55867    10924    22341    41264    38356    26893    34475     9679    39834    51663    59122    47309    49053     5683    24370    47309    66908    30589    66566    24858    48464    40232    36107    37840    13908    47337    38137    44447    53098    24683    73917    53098    28038    27417    63809    30589     5954    44676    62769    14713    58208    53098    26893    27072    55727    31057    22341    22411     5954    31528    91655    59557    73917    23329    66908    41264    17736    35755    54767    50868    61984    31303    29733    63078    25506    74004    76274    57852    26893    28192    43488    24370    74004    29574    53568     5954    40232    39834    30048    41096    33376    29574    41153    62769    29574    55832    38989    63437    63809    57852    15029    28890    44339    14595     5683    23854    40232    28331    38440    44447    12335    73917    38989    38440    53848     4617    14595    48160    60797    53848    31743    14713    56146    18028    53212    63981    37451    34821    44447    25724    40232    64606 
   59041    52328    27811    34113    66566    76274    30589    16787    61358    17736    36660    53568    27145    28835        0        0    31303    10324    53568    20780    28052    33128    53703    64208    48464    44447    59122    48464    55889    22605     5683    24370    24868    24858    18412    91655    61730    38440    41264    57852    11536    50167    50725    79332    31743    39996    55799    29733    45921    47494    22605    53568    38989    48361    60797    25687    19050    39959    31551    50725    12335    14713    21761    26893    73917    38137    28890    55647    54660    55867    10924    22341    41264    38356    26893    34475     9679    39834    51663    59122    47309    49053     5683    24370    47309    66908    30589    66566    24858    48464    40232    36107    37840    13908    47337    38137    44447    53098    24683    73917    53098    28038    27417    63809    30589     5954    44676    62769    14713    58208    53098    26893    27072    55727    31057    22341    22411     5954    31528    91655    59557    73917    23329    66908    41264    17736    35755    54767    50868    61984    31303    29733    63078    25506    74004    76274    57852    26893    28192    43488    24370    74004    29574    53568     5954    40232    39834    30048    41096    33376    29574    41153    62769    29574    55832    38989    63437    63809    57852    15029    28890    44339    14595     5683    23854    40232    28331    38440    44447    12335    73917    38989    38440    53848     4617    14595    48160    60797    53848    31743    14713    56146    18028    53212    63981    37451    34821    44447    25724    40232    64606 
   84397    87868    64719    10436    54063    28453    66129    21695    81254    18826    72200    89107    50859    52269    31303    31303        0    36416    89107    33351    58001    69004    21675    99748    40336    64342    14252    40336    25058    14035    29739    43003    48559    63769    43694    55078    97270    58301    68195    87801    29417    85707    57287    32024    51457    63266    91704    49628    30744    82971    14035    89107    68938    71391    91665    56853    42740    59855    64341    57287    45870    32594    40303    11149    37741    13514    54362    96264    19073    76315    33968    15430    68195    73141    11149    70615    32879    62488    81612    14252    24458    40256    29739    43003    24458    69609    66129    54063    63769    40336    60128    72049    18021    39675    25631    13514    64342    36165    54632    37741    36165    26072    63821    17793    66129    28718    80216    98309    32594    60874    36165    11149    11696    91267    61006    15430    16554    28718    61477    55078    42395    37741    17632    69609    68195    18826    20133    84716    31371    98327        0    49628    93026    51443   109544    28453    87801    11149    13180    66809    43003   109544    14165    89107    28718    60128    62488     8148    64118    53089    14165    76693    98309    14165    46228    68938    98976    17793    87801    17172    54362    19245    24342    29739    14768    60128    64245    58301    64342    45870    37741    68938    58301    96443    30707    24342    83968    91665    96443    51457    32594    20214    54952    96694    83876    14798     6704    64342    61611    60128    84502 
   55512    51289    25243    39082    73587    92871    27884    24846    53172    27197    33052    52307    23617    25307    10324    10324    36416        0    52307    22905    31621    32434    60985    62947    56609    35402    66326    56609    63752    27585     8198    27289    22984    22291    17193    80701    50930    30547    37736    60942    13659    48906    56854    86042    18394    36467    55105    21573    54140    31353    27585    52307    42564    44832    54864    20222    16604    31799    28983    56854     9976    16816    13869    32006    80894    54734    25362    60666    61627    47975    21169    22583    37736    30464    32006    33781     8231    36306    49296    66326    52422    57201     8198    27289    52422    58748    27884    73587    22291    56609    32073    33848    59920    19895    54305    54734    35402    60379    22315    80894    60379    35942    24849    71037    27884    10442    43415    60601    16816    67413    60379    32006    28785    53591    28689    22583    27380    10442    29160    80701    66524    80894    28442    58748    37736    27197    44058    57274    57835    61290    36416    21573    60368    25164    66374    92871    60942    32006    33305    39960    27289    66374    34543    52307    10442    32073    36306    35161    37568    25216    34543    39646    60601    34543    48072    42564    62176    71037    60942    19997    25362    49452    18619     8198    25356    32073    24740    30547    35402     9976    80894    42564    30547    53154     6351    18619    47466    54864    53154    18394    16816    63113    15460    52518    55531    42563    36509    35402    23356    32073    56446 
   26967    13138    29368    87971   111450   129227    31007    62709    36805    65060    18556        0    42303    38520    53568    53568    89107    52307        0    61371    37477    16269    98847    21730    94472    58832   112312    94472   106370    83487    55891    53873    41193    35209    52490   144352    19774    27758    28558    29722    52125     6711    81607   132029    37465    24698     6484    52225    92003    19854    83487        0    30768    17870    16927    39016    48149    23837    21001    81607    45926    55771    44446    87909   126880    91337    46707    35245   102272    25356    57021    77210    28558    19566    87909    13292    51241    50598    26232   112312   105113    95064    55891    53873   105113    81420    31007   111450    35209    94472    29956    14494    98949    66557    93167    91337    58832    98242    42590   126880    98242    73804    34220   117023    31007    57293    10785    14754    55771    90843    98242    87909    81476    13294    28100    77210    77431    57293    27043   144352   105386   126880    81134    81420    28558    65060    96364    24959    96697    21536    89107    52225    22217    42380    31553   129227    29722    87909    88825    24908    53873    31553    83764        0    57293    29956    50598    87853    30658    30367    83764     6701    14754    83764    82555    30768    20959   117023    29722    64146    46707   102143    68743    55891    78047    29956    35843    27758    58832    45926   126880    30768    27758    11309    53931    68743     9262    16927    11309    37465    55771   104009    37196     7499    35995    95255    89201    58832    31222    29956    27791 
   84599    59980    40087    32881    48002    51902    41427    12434    46641    18231    41743    61371    52704    54394    20780    20780    33351    22905    61371        0    44988    41125    29909    53626    42020    22449    49792    42020    32676    23845    16502    10900    52070    42719    39824    55116    50304    29922    66822    76408     9244    57970    32676    55766    27371    65554    63795    13270    27385    35910    23845    61371    71651    61379    63928    44279    45918    28375    47249    32676    30890     9115    16614    29924    64625    31741    54448    74203    31860    41443    37145    19518    66822    39155    29924    42472    13797    65393    70219    49792    45884    25748    16502    10900    45884    39286    41427    48002    42719    42020    28648    42538    26510    28911    25664    31741    22449    45790    43239    64625    45790    18732    43022    48683    41427    18746    52479    69291     9115    40185    45790    29924    25720    62282    49612    19518    23437    18746    50084    55116    42283    64625    25377    39286    66822    18231    24413    68467    33595    69980    33351    13270    69245    44062    59916    51902    76408    29924    23552    69046    10900    59916    28342    61371    18746    28648    65393    32096    66655    34280    28342    48956    69291    28342    27930    71651    71240    48683    76408    17397    54448    42914    24681    16502    22291    28648    43354    29922    22449    30890    64625    71651    29922    61844    19587    24681    56156    63928    61844    27371     9115    33346    35757    61209    48999    31247    33589    22449    38929    28648    49988 
   30681    25524    10326    57804    98906    98300    10259    51515    55817    49428    10289    37477    11197     9567    28052    28052    58001    31621    37477    44988        0    12790    85718    48117    80804    42557    81148    80804    88229    51256    30248    37598    11010     3667    21253   113245    46825    34112     5838    37354    35851    34076    63968   100922    21083    11636    40842    35676    78874    31340    51256    37477    18490    14695    40298     4870    20204    35556     7814    63968    23680    38920    28171    56802    95943    60163    15600    35148    68929    38746    26598    46032     5838    22204    56802    19518    34961    11475    31165    81148    74007    81393    30248    37598    74007    64971    10259    98906     3667    80804    35830    12456    67620    35450    79677    60163    42557    85113     3451    95943    85113    57818     6689    85917    10259    30519    19464    46679    38920    74568    85113    56802    50370    39328    10558    46032    46103    30519     3624   113245    91897    95943    50027    64971     5838    49428    65258    32443    83208    47027    58001    35676    42579     6316    57913    98300    37354    56802    57718    15128    37598    57913    53265    37477    30519    35830    11475    56746    12737    18408    53265    25063    46679    53265    87847    18490    47346    85917    37354    45765    15600    71037    38396    30248    47545    35830     4757    34112    42557    23680    95943    18490    34112    38891    28415    38396    33203    40298    38891    21083    38920    72681    13139    38255    53299    64148    58512    42557     8041    35830    54460 
   53246    20579     9265    68419    91681   108914     5333    42647    38249    44669     4082    16269    22196    18416    33128    33128    69004    32434    16269    41125    12790        0    78744    40498    73580    38648    91762    73580    81004    61871    35756    37963    21625    12222    31868   123894    26265    18782    21696    56651    31881    26458    60105   111925    17220    18031    32344    31813    71036    17207    61871    16269    37787    17342    24375    17531    30819    18580     9661    60105    34295    35057    24200    67805   106557    70778    26603    54446    79544    24089    37213    56647    21696     7378    67805     4861    31098    30494    50462    91762   110469    74168    35756    37963   110469    61109     5333    91681    12222    73580    31967     3975    78235    46453    72453    70778    38648    78138    23481   106557    78138    68433     8601    96449     5333    36032    12926    27461    35057    66085    78138    67805    61378    32018    29855    56647    56717    36032    15331   123894    84672   106557    61030    61109    21696    44669    76150    28578    75984    38530    69004    31813    29692    24305    50294   108914    56651    67805    68721    34148    37963    50294    63880    16269    36032    31967    30494    67749    32967     6340    63880    10774    27461    63880    61113    37787    39727    96449    56651    56380    26603    82040    49011    35756    58160    31967    10590    18782    38648    34295   106557    37787    18782    22527    33827    49011    12965    24375    22527    17220    35057    83295    16884    21548    35776    75151    69127    38648    11553    31967    32317 
  112114    97608    91312    24425    23223    23891    93846    37975    68171    24100    79672    98847    78576    79986    53703    53703    21675    60985    98847    29909    85718    78744        0   109488    23384    46631    31493    23384     6986    16943    54252    40023    76276    91486    71411    31074    95843    76968    95913   115519    48084    95447    39863    27526    70124    89859   100458    40616    13320    83096    16943    98847    96655    99109   101405    84570    70457    78522    91947    39863    73587    51261    58970    12947    24539    27506    82080   113314     2869    63694    61685    24638    95913    76379    12947    79134    51547    90206   109330    31493    19896    22832    54252    40023    19896    52622    93846    23223    91486    23384    78795    81789     4114    61057     8207    27506    46631    20613    82349    24539    20613    14322    91538    23347    93846    51118    89956   108049    51261    43450    20613    12947    16959   101007    88723    24638    25762    51118    89195    31074    29174    24539    27250    52622    95913    24100     5435   112433    14257   106643    21675    40616   120744    79160    81884    23891   115519    12947    18790    94526    40023    81884    28157    98847    51118    78795    90206    23824    91835    71756    28157    86433   108049    28157    28804    96655   108716    23347   115519    44857    82080    13342    52059    54252    23976    78795    91962    76968    46631    73587    24539    96655    76968   106183    53107    52059    93708   101405   106183    70124    51261     4355    69592   106434    71330     8595    25683    46631    89328    78795    71956 
