dep30 0 0 60
**************************************DATA
8 112 480 8 1.33
**************************************DISTANCE
       0    17620    40922    76442    42692    28894    60225    88212    61370    46045    10224    20034    17620    35179    42692    76442    44104    58384    16581    60025    24412    37878    60225    32383    14423    24522    54872    58281    52630    19440    37137    46045    72067    31100     9916    26964    57826    46045    31713    55669    10031    32526    25414    72359    72439    66279    31713    47725    29591    44104    65130    30525    48773    15136    32270    32383    33669    70904    82171    52696    17762    15136    35908    32526    37878    24340    47725    31100    46457    42692    82171    21641    57826    76442    25414    58281    17762    46045     8874    14423    43877    26964    46706    47109    44104    40922    61370    75298     4711    66279    72067     8874    48773     7193    58384    15136    43877    92200    72067    42692    24412    32270    40002    10224    54872    88212    24412    58384    65130    46706    24357    43877    42692 
   17620        0    36503    74750    40999    16037    58533    83792    56950    50721     9717    24256        0    20084    40999    74750    38789    53965    39983    58210    22743    32563    58533    40893     8605    28561    53179    53862    51264    23284    45647    50721    65668    14021     9562    25271    56134    50721    18834    50914    27964    38304    13216    67938    71073    61860    18834    43305    27899    38789    60201    17555    31694    12123    17500    40893    20739    69211    80805    58757    17769    12123    19441    38304    32563    11139    43305    14021    42038    40999    80805     5051    56134    74750    13216    53862    17769    50721    18817     8605    38005    25271    42286    51170    38789    36503    56950    84108    21964    61860    65668    18817    31694    11751    53965    12123    38005    87780    65668    40999    22743    17500    46731     9717    53179    83792    22743    53965    60201    42286    28561    38005    40999 
   40922    36503        0    56595    43387    11084    55683    37912    27634    73698    39628    48115    36503     8835    43387    56595    23474    24648    62466    55842    46023    17248    55683    64269    29036    65371    55166    20522    48242    58069    69506    73698    27769    17163    34104    28704    53283    73698     6312    20547    51060    69124    11262    68090    68170    21967     6312    12674    31499    23474    25719    15517    21862    48898    52797    64269    13201    63652    69333    89522    47679    48898    34517    69124    17248    14712    12674    17163     6131    43387    69333    24494    53283    56595    11262    20522    47679    73698    54290    29036    23121    28704    11655    50083    23474        0    27634   107184    45439    21967    27769    54290    21862    37732    24648    48898    23121    42278    27769    43387    46023    52797    76828    39628    55166    37912    46023    24648    25719    11655    37871    23121    43387 
   76442    74750    56595        0    30752    66312    16961    50600    71029    36859    78008    57949    74750    64063    30752        0    38976    53327    66788    24729    53856    39724    16961    57619    65463   101917    22632    62391    25872    97709    51041    36859    46778    68510    72484    54862    18453    36859    61541    78130    90700   105671    61385    25004    29818    78677    61541    68976    52864    38976    51513    70746    77508    81392    89167    57619    68430    11998    13077   129162    86059    81392    87246   105671    39724    63190    68976    68510    51097    30752    13077    72979    18453        0    61385    62391    86059    36859    78825    65463    37449    54862    65667    26946    38976    56595    71029    90660    75730    78677    46778    78825    77508    76112    53327    81392    37449    47321    46778    30752    53856    89167   116468    78008    22632    50600    53856    53327    51513    65667    46398    37449    30752 
   42692    40999    43387    30752        0    52468    18092    60131    85470    15498    44257    28014    40999    58752        0    30752    28787    54715    35760    18156    20105    27295    18092    25784    31712    71598    13042    54356    10761    63959    30545    15498    51410    50669    38733    28358    16023    15498    55287    79243    56950    76173    49655    30490    30570    89812    55287    71564    19154    28787    54153    54099    69805    47642    59992    25784    57243    28825    40302    95412    52309    47642    69791    76173    27295    47914    71564    50669    37924        0    40302    44527    16023    30752    49655    54356    52309    15498    48872    31712    23674    28358    70695    11347    28787    43387    85470    62812    37281    89812    51410    48872    69805    42362    54715    47642    23674    60353    51410        0    20105    59992    82718    44257    13042    60131    20105    54715    54153    70695    15375    23674        0 
   28894    16037    11084    66312    52468        0    70002    49067    38007    61544    24598    35725    16037     5684    52468    66312    33191    35022    50077    69679    34212    26966    70002    52363    15860    52981    64648    30997    61545    45364    57117    61544    38520     6761    22441    24978    67603    61544     5548    27495    38364    56735     3069    79407    82045    32340     5548    23047    28234    33191    41258    11554    21643    35030    40407    52363    12590    73369    78753    76826    32650    35030    22400    56735    26966     6338    23047     6761    15849    52468    78753    14529    67603    66312     3069    30997    32650    61544    41901    15860    32408    24978    22028    62639    33191    11084    38007    95578    33433    32340    38520    41901    21643    25036    35022    35030    32408    52753    38520    52468    34212    40407    66686    24598    64648    49067    34212    35022    41258    22028    40030    32408    52468 
   60225    58533    55683    16961    18092    70002        0    64668    79725    20642    61791    45289    58533    76286    18092    16961    45539    62023    54127    12944    37639    38285        0    41402    49246    89257     8929    65571     9656    81492    38381    20642    55947    68203    56267    44730     5479    20642    72820    96777    74483    93010    67189    21609    23009    87374    72820    88374    41086    45539    60683    71632    76069    65175    77526    41402    67518    15034    26511   112945    69843    65175    87325    93010    38285    65447    88374    68203    49657    18092    26511    62061     5479    16961    67189    65571    69843    20642    66165    49246    35970    44730    88229    14745    45539    55683    79725    74443    59513    87374    55947    66165    76069    59896    62023    65175    35970    60092    55947    18092    37639    77526   100251    61791     8929    64668    37639    62023    60683    88229    33844    35970    18092 
   88212    83792    37912    50600    60131    49067    64668        0    35519    69435    86918   105691    83792    46818    60131    50600    33354    27409   120043    66025    57246    40208    64668    80247    76326   122947    56167    32928    58449   105359    85001    69435    11775    54653    81393    54568    62268    69435    44295    43127    98350   126701    49139    79216    78902    43168    44295    43016    54471    33354    22407    53500    56559    96188   110373    80247    51184    58258    58231   136812    94969    96188   111377   126701    40208    71872    43016    54653    38370    60131    58231    79721    62268    50600    49139    32928    94969    69435   111867    76326    45947    54568    39056    62991    33354    37912    35519   123569    92729    43168    11775   111867    56559    85022    27409    96188    45947     4818    11775    60131    57246   110373   124118    86918    56167        0    57246    27409    22407    39056    60843    45947    60131 
   61370    56950    27634    71029    85470    38007    79725    35519        0    94145    60075    68051    56950    35758    85470    71029    39516    13095    83078    81203    66471    45125    79725    84717    49483    85983    71702    12219    73627    78517    89478    94145    24646    41365    54551    69161    77657    94145    33236    12481    71508    90731    46771    94394    94081     6889    33236    15458    71720    39516    17709    35650    26594    69345    74736    84717    31531    78064    83350   109970    68127    69345    49715    90731    45125    45030    15458    41365    34008    85470    83350    52878    77657    71029    46771    12219    68127    94145    74902    49483    44052    69161    16120    95274    39516    27634        0   127631    65887     6889    24646    74902    26594    58180    13095    69345    44052    39751    24646    85470    66471    74736    97276    60075    71702    35519    66471    13095    17709    16120    72602    44052    85470 
   46045    50721    73698    36859    15498    61544    20642    69435    94145        0    53333    28606    50721    67290    15498    36859    41417    91160    36992    17308    28549    40602    20642    21569    40993    81383    15288    67556    11551    73765    21128        0    60164    57333    48588    36856    18243        0    63808    88109    48944    85136    58190    27097    29735    99055    63808    80501    32329    41417    67430    60867    75006    56956    68632    21569    64051    31321    42389   104488    61385    56956    78790    85136    40602    56602    80501    57333    51291    15498    42389    54718    18243    36859    58190    67556    61385        0    49727    40993    36304    36856    79481     5897    41417    73698    94145    55965    40473    99055    60164    49727    75006    51438    91160    56956    36304    69226    60164    15498    28549    68632    75442    53333    15288    69435    28549    91160    67430    79481    24549    36304    15498 
   10224     9717    39628    78008    44257    24598    61791    86918    60075    53333        0    27514     9717    28654    44257    78008    47359    57090    34627    61468    26001    41134    61791    44152    13678    20862    56437    56987    54130    15585    48906    53333    70277    22591     5648    28529    59392    53333    27404    54039    15853    30605    21786    71196    73834    64985    27404    46430    31157    47359    63326    26125    40264     5827    20043    44152    29309    72470    84334    51303     7817     5827    28012    30605    41134    19709    46430    22591    45163    44257    84334    13715    59392    78008    21786    56987     7817    53333    11117    13678    46576    28529    45411    54428    47359    39628    60075    87367    13953    64985    70277    11117    40264     4373    57090     5827    46576    90906    70277    44257    26001    20043    39031        0    56437    86918    26001    57090    63326    45411    31819    46576    44257 
   20034    24256    48115    57949    28014    35725    45289   105691    68051    28606    27514        0    24256    42009    28014    57949    33727    65721    19397    40685     9740    27304    45289    22385    18647    43244    40193    64962    37958    35793    27280    28606    56225    33926    21990    17889    43148    28606    38544    62500    24581    48007    32912    53019    53099    72960    38544    54406    14989    33727    71961    37356    48910    30899    43249    22385    40500    56022    67499    67246    35566    30899    53048    48007    27304    31171    54406    33926    36831    28014    67499    27784    43148    57949    32912    64962    35566    28606    24786    18647    31416    17889    53952    29322    33727    48115    68051    65299    16045    72960    56225    24786    48910    21197    65721    30899    31416    70457    56225    28014     9740    43249    54552    27514    40193   105691     9740    65721    71961    53952     8691    31416    28014 
   17620        0    36503    74750    40999    16037    58533    83792    56950    50721     9717    24256        0    20084    40999    74750    38789    53965    39983    58210    22743    32563    58533    40893     8605    28561    53179    53862    51264    23284    45647    50721    65668    14021     9562    25271    56134    50721    18834    50914    27964    38304    13216    67938    71073    61860    18834    43305    27899    38789    60201    17555    31694    12123    17500    40893    20739    69211    80805    58757    17769    12123    19441    38304    32563    11139    43305    14021    42038    40999    80805     5051    56134    74750    13216    53862    17769    50721    18817     8605    38005    25271    42286    51170    38789    36503    56950    84108    21964    61860    65668    18817    31694    11751    53965    12123    38005    87780    65668    40999    22743    17500    46731     9717    53179    83792    22743    53965    60201    42286    28561    38005    40999 
   35179    20084     8835    64063    58752     5684    76286    46818    35758    67290    28654    42009    20084        0    58752    64063    30942    32773    56361    62924    39615    24717    76286    58647    22145    59265    62634    28748    55323    51661    63401    67290    36182     8328    28725    32049    73887    67290     7278    22398    44652    63019     9591    75172    75252    28993     7278    20798    35305    30942    34131     6651    16591    31909    34521    58647     7538    71120    76415    83114    36706    31909    23715    63019    24717    12658    20798     8328    13600    58752    76415    15816    73887    64063     9591    28748    36706    67290    48185    22145    30159    32049    19779    68923    30942     8835    35758   100775    39031    28993    36182    48185    16591    31324    32773    31909    30159    50504    36182    58752    39615    34521    70420    28654    62634    46818    39615    32773    34131    19779    46314    30159    58752 
   42692    40999    43387    30752        0    52468    18092    60131    85470    15498    44257    28014    40999    58752        0    30752    28787    54715    35760    18156    20105    27295    18092    25784    31712    71598    13042    54356    10761    63959    30545    15498    51410    50669    38733    28358    16023    15498    55287    79243    56950    76173    49655    30490    30570    89812    55287    71564    19154    28787    54153    54099    69805    47642    59992    25784    57243    28825    40302    95412    52309    47642    69791    76173    27295    47914    71564    50669    37924        0    40302    44527    16023    30752    49655    54356    52309    15498    48872    31712    23674    28358    70695    11347    28787    43387    85470    62812    37281    89812    51410    48872    69805    42362    54715    47642    23674    60353    51410        0    20105    59992    82718    44257    13042    60131    20105    54715    54153    70695    15375    23674        0 
   76442    74750    56595        0    30752    66312    16961    50600    71029    36859    78008    57949    74750    64063    30752        0    38976    53327    66788    24729    53856    39724    16961    57619    65463   101917    22632    62391    25872    97709    51041    36859    46778    68510    72484    54862    18453    36859    61541    78130    90700   105671    61385    25004    29818    78677    61541    68976    52864    38976    51513    70746    77508    81392    89167    57619    68430    11998    13077   129162    86059    81392    87246   105671    39724    63190    68976    68510    51097    30752    13077    72979    18453        0    61385    62391    86059    36859    78825    65463    37449    54862    65667    26946    38976    56595    71029    90660    75730    78677    46778    78825    77508    76112    53327    81392    37449    47321    46778    30752    53856    89167   116468    78008    22632    50600    53856    53327    51513    65667    46398    37449    30752 
   44104    38789    23474    38976    28787    33191    45539    33354    39516    41417    47359    33727    38789    30942    28787    38976        0    28080    71904    47016    24203     7383    45539    47612    31975    74809    37515    28189    39440    67501    52953    41417    24634    35389    38434    22521    43470    41417    28420    39359    60492    79715    28300    60208    59894    39802    28420    36139    21860        0    26347    37625    44029    50614    56005    47612    35309    46012    51297    98954    55411    50614    54125    79715     7383    30069    36139    35389    17617    28787    51297    39858    43470    38976    28300    28189    55411    41417    63728    31975     5101    22521    28599    35520        0    23474    39516    90526    47693    39802    24634    63728    44029    42063    28080    50614     5101    33576    24634    28787    24203    56005    86260    47359    37515    33354    24203    28080    26347    28599    28195     5101    28787 
   58384    53965    24648    53327    54715    35022    62023    27409    13095    91160    57090    65721    53965    32773    54715    53327    28080        0    80072    63501    63485    28576    62023    81731    46498    82977    54051     6422    55925    75531    87112    91160    16536    50875    51566    42936    60152    91160    30250    18442    68522    87745    43786    76692    76379    19117    30250    18965    43915    28080     6717    39455    32508    66360    71750    81731    37139    60362    65648   106984    65141    66360    81550    87745    28576    42044    18965    50875    24150    54715    65648    49893    60152    53327    43786     6422    65141    91160    71896    46498    34249    42936    14939    61015    28080    24648    13095   124646    62901    19117    16536    71896    32508    55194        0    66360    34249    31631    16536    54715    63485    71750    94290    57090    54051    27409    63485        0     6717    14939    69617    34249    54715 
   16581    39983    62466    66788    35760    50077    54127   120043    83078    36992    34627    19397    39983    56361    35760    66788    71904    80072        0    49071    27059    66221    54127    19600    41309    32462    49077    80373    43218    26415    24362    36992    93249    54352    38884    35311    52059    36992    52895    76851    14509    38629    47264    61406    61486    88371    52895    69172    32308    71904    86312    58881    71161    35872    41819    19600    62025    64861    76338    57868    34614    35872    67568    38629    66221    45522    69172    54352    68549    35760    76338    44005    52059    66788    47264    80373    34614    36992    21382    41309    53561    35311    68303    37709    71904    62466    83078    62515    16898    88371    93249    21382    71161    29379    80072    35872    53561   123950    93249    35760    27059    41819    39199    34627    49077   120043    27059    80072    86312    68303    26932    53561    35760 
   60025    58210    55842    24729    18156    69679    12944    66025    81203    17308    61468    40685    58210    62924    18156    24729    47016    63501    49071        0    36487    38554    12944    38997    48931    89321    11878    65840     7793    81703    38154    17308    56990    65271    56526    44794     8749    17308    71746    96047    74160    93074    66128    14077    13954   106993    71746    88439    40267    47016    61803    68805    76338    64894    76570    38997    71989    23727    29968   112622    69520    64894    86728    93074    38554    64540    88439    65271    49927    18156    29968    61738     8749    24729    66128    65840    69520    17308    66229    48931    35659    44794    87419    11511    47016    55842    81203    72712    50805   106993    56990    66229    76338    59573    63501    64894    35659    65816    56990    18156    36487    76570   103026    61468    11878    66025    36487    63501    61803    87419    33802    35659    18156 
   24412    22743    46023    53856    20105    34212    37639    57246    66471    28549    26001     9740    22743    39615    20105    53856    24203    63485    27059    36487        0    17780    37639    29201    13319    53708    32285    63382    29092    46091    33955    28549    46718    29659    20914     8366    35240    28549    27661    60435    38693    57462    30515    47044    48901    71380    27661    52826     5416    24203    44609    35842    47332    29385    40958    29201    38986    48318    58633    77155    34052    29385    51535    57462    17780    28927    52826    29659    27308    20105    58633    26270    35240    53856    30515    63382    34052    28549    30616    13319    21912     8366    51807    30276    24203    46023    66471    72416    23723    71380    46718    30616    47332    24105    63485    29385    21912    60933    46718    20105        0    40958    67413    26001    32285    57246        0    63485    44609    51807     7173    21912    20105 
   37878    32563    17248    39724    27295    26966    38285    40208    45125    40602    41134    27304    32563    24717    27295    39724     7383    28576    66221    38554    17780        0    38285    41189    25750    69092    32117    28217    30954    61276    45951    40602    30065    29163    32209    16632    36216    40602    22194    37198    54267    73490    22074    50802    50882    38899    22194    29520    15438     7383    28015    31399    38312    44389    49779    41189    29083    46760    52045    92729    49185    44389    47899    73490        0    23844    29520    29163    11900    27295    52045    33632    36216    39724    22074    28217    49185    40602    58012    25750     5834    16632    30343    33303     7383    17248    45125    84104    41270    38899    30065    58012    38312    35838    28576    44389     5834    44440    30065    27295    17780    49779    80035    41134    32117    40208    17780    28576    28015    30343    21773     5834    27295 
   60225    58533    55683    16961    18092    70002        0    64668    79725    20642    61791    45289    58533    76286    18092    16961    45539    62023    54127    12944    37639    38285        0    41402    49246    89257     8929    65571     9656    81492    38381    20642    55947    68203    56267    44730     5479    20642    72820    96777    74483    93010    67189    21609    23009    87374    72820    88374    41086    45539    60683    71632    76069    65175    77526    41402    67518    15034    26511   112945    69843    65175    87325    93010    38285    65447    88374    68203    49657    18092    26511    62061     5479    16961    67189    65571    69843    20642    66165    49246    35970    44730    88229    14745    45539    55683    79725    74443    59513    87374    55947    66165    76069    59896    62023    65175    35970    60092    55947    18092    37639    77526   100251    61791     8929    64668    37639    62023    60683    88229    33844    35970    18092 
   32383    40893    64269    57619    25784    52363    41402    80247    84717    21569    44152    22385    40893    58647    25784    57619    47612    81731    19600    38997    29201    41189    41402        0    35314    51869    36048    81628    33144    45851     5333    21569    70104    47903    38627    38196    39003    21569    55181    79137    32416    51690    48761    51332    51412    89626    55181    71072    29251    47612    88598    53993    65576    47536    59204        0    57137    52081    66264    77304    48566    47536    69686    51690    41189    47808    71072    47903    51879    25784    66264    44421    39003    57619    48761    81628    48566    21569    36066    35314    43487    38196    70053    26657    47612    64269    84717    43492    24758    89626    70104    36066    65576    35159    81731    47536    43487    84342    70104    25784    29201    59204    58634    44152    36048    80247    29201    81731    88598    70053    23822    43487    25784 
   14423     8605    29036    65463    31712    15860    49246    76326    49483    40993    13678    18647     8605    22145    31712    65463    31975    46498    41309    48931    13319    25750    49246    35314        0    34114    43892    46395    41536    35690    40068    40993    67373    15041    10465    15118    46847    40993    18679    50975    28681    47967    12513    61266    61346    54393    18679    35838    18612    31975    60436    19380    32714    17063    25658    35314    22524    59925    71078    67143    21730    17063    26400    47967    25750    11306    35838    15041    33165    31712    71078    12133    46847    65463    12513    46395    21730    40993    21121        0    30701    15118    34819    41883    31975    29036    49483    78071    18940    54393    67373    21121    32714    14094    46498    17063    30701    80314    67373    31712    13319    25658    54449    13678    43892    76326    13319    46498    60436    34819    19274    30701    31712 
   24522    28561    65371   101917    71598    52981    89257   122947    85983    81383    20862    43244    28561    59265    71598   101917    74809    82977    32462    89321    53708    69092    89257    51869    34114        0    84207    82645    81926    12958    56630    81383    96154    41865    24878    56398    87188    81383    55800    61288    19719    17247    50168   101655   101735    91065    55800    72077    58957    74809    89217    39379    50066    17693    14293    51869    46076    99990   111467    41275     9000    17693    28337    17247    69092    48427    72077    41865    71243    71598   111467    31310    87188   101917    50168    82645     9000    81383    17408    34114    74398    56398    71208    82512    74809    65371    85983    94783    26597    91065    96154    17408    50066    21686    82977    17693    74398   126854    96154    71598    53708    14293    32186    20862    84207   122947    53708    82977    89217    71208    59840    74398    71598 
   54872    53179    55166    22632    13042    64648     8929    56167    71702    15288    56437    40193    53179    62634    13042    22632    37515    54051    49077    11878    32285    32117     8929    36048    43892    84207        0    65139     4302    76139    33331    15288    47447    62849    50913    39680     6861    15288    67466    78799    69130    88353    61835    23599    23285    79350    67466    83324    35732    37515    52182    66278    69901    59821    72172    36048    67001    17898    29375   107591    64489    59821    81971    88353    32117    60094    83324    62849    43489    13042    29375    56707     6861    22632    61835    65139    64489    15288    61115    43892    36019    39680    66336     9391    37515    55166    71702    69089    54160    79350    47447    61115    69901    54542    54051    59821    36019    56390    47447    13042    32285    72172    94897    56437        0    56167    32285    54051    52182    66336    28490    36019    13042 
   58281    53862    20522    62391    54356    30997    65571    32928    12219    67556    56987    64962    53862    28748    54356    62391    28189     6422    80373    65840    63382    28217    65571    81628    46395    82645    65139        0    58240    75428    86389    67556    22055    37076    51463    43388    63502    67556    26226    13736    68419    87642    43683    78088    78168    12468    26226    11661    42391    28189    12675    35430    27865    66257    71647    81628    33114    69426    74712   106881    65038    66257    81446    87642    28217    41941    11661    37076    20823    54356    74712    49790    63502    62391    43683        0    65038    67556    71565    46395    32726    43388     7631    60589    28189    20522    12219   124542    62798    12468    22055    71565    27865    55091     6422    66257    32726    37160    22055    54356    63382    71647    94187    56987    65139    32928    63382     6422    12675     7631    48726    32726    54356 
   52630    51264    48242    25872    10761    61545     9656    58449    73627    11551    54130    37958    51264    55323    10761    25872    39440    55925    43218     7793    29092    30954     9656    33144    41536    81926     4302    58240        0    74309    29753    11551    49258    57876    49131    37399     7256    11551    64351    88652    66555    85679    58733    17522    20159    81275    64351    81044    32872    39440    54227    61411    68738    57499    69175    33144    64594    20334    32198   105017    62179    57499    79333    85679    30954    57145    81044    57876    42326    10761    32198    55261     7256    25872    58733    58240    62179    11551    58834    41536    28059    37399    80025     5658    39440    48242    73627    65072    46699    81275    49258    58834    68738    52298    55925    57499    28059    58240    49258    10761    29092    69175    95631    54130     4302    58449    29092    55925    54227    80025    26407    28059    10761 
   19440    23284    58069    97709    63959    45364    81492   105359    78517    73765    15585    35793    23284    51661    63959    97709    67501    75531    26415    81703    46091    61276    81492    45851    35690    12958    76139    75428    74309        0    50605    73765    88537    36331    19388    48231    79093    73765    48179    72481    12102    19650    42561    94038    94118    83426    48179    64872    50858    67501    81599    40018    55598    16829    20706    45851    43162    92171   103850    40455    12311    16829    34752    19650    61276    40973    64872    36331    63604    63959   103850    27305    79093    97709    42561    75428    12311    73765    12124    35690    66718    48231    63853    74129    67501    58069    78517    89066    18980    83426    88537    12124    55598    16409    75531    16829    66718   109347    88537    63959    46091    20706    28076    15585    76139   105359    46091    75531    81599    63853    51521    66718    63959 
   37137    45647    69506    51041    30545    57117    38381    85001    89478    21128    48906    27280    45647    63401    30545    51041    52953    87112    24362    38154    33955    45951    38381     5333    40068    56630    33331    86389    29753    50605        0    21128    74858    55317    43381    42120    36312    21128    59935    83891    37170    62819    54304    47941    48021    94387    59935    75833    34055    52953    93352    58747    70337    52290    64641     5333    61891    49114    60591    82058    53320    52290    74440    62819    45951    52562    75833    55317    56640    30545    60591    49175    36312    51041    54304    86389    53320    21128    40827    40068    48241    42120    75343    24095    52953    69506    89478    38809    29512    94387    74858    40827    70337    39913    87112    52290    48241    89233    74858    30545    33955    64641    63388    48906    33331    85001    33955    87112    93352    75343    28017    48241    30545 
   46045    50721    73698    36859    15498    61544    20642    69435    94145        0    53333    28606    50721    67290    15498    36859    41417    91160    36992    17308    28549    40602    20642    21569    40993    81383    15288    67556    11551    73765    21128        0    60164    57333    48588    36856    18243        0    63808    88109    48944    85136    58190    27097    29735    99055    63808    80501    32329    41417    67430    60867    75006    56956    68632    21569    64051    31321    42389   104488    61385    56956    78790    85136    40602    56602    80501    57333    51291    15498    42389    54718    18243    36859    58190    67556    61385        0    49727    40993    36304    36856    79481     5897    41417    73698    94145    55965    40473    99055    60164    49727    75006    51438    91160    56956    36304    69226    60164    15498    28549    68632    75442    53333    15288    69435    28549    91160    67430    79481    24549    36304    15498 
   72067    65668    27769    46778    51410    38520    55947    11775    24646    60164    70277    56225    65668    36182    51410    46778    24634    16536    93249    56990    46718    30065    55947    70104    67373    96154    47447    22055    49258    88537    74858    60164        0    44510    65614    44425    53548    60164    33678    31383    81709    99907    38996    70605    69845    32294    33678    32142    44328    24634    10885    42878    45686    78203    83580    70104    40543    53835    59426   120171    79779    78203    93737    99907    30065    55895    32142    44510    28227    51410    59426    69666    53548    46778    38996    22055    79779    60164    85074    67373    29735    44425    28183    54270    24634    27769    24646   113319    76606    32294        0    85074    45686    68780    16536    78203    29735    15462        0    51410    46718    83580   109859    70277    47447    11775    46718    16536    10885    28183    50700    29735    51410 
   31100    14021    17163    68510    50669     6761    68203    54653    41365    57333    22591    33926    14021     8328    50669    68510    35389    50875    54352    65271    29659    29163    68203    47903    15041    41865    62849    37076    57876    36331    55317    57333    44510        0    22645    30541    65804    57333    13214    32051    42641    61010     7089    77606    77686    37016    13214    30497    33796    35389    57634     7116    21141    25846    28578    47903    10261    75567    80795    81103    30643    25846    17652    61010    29163     8083    30497        0    21928    50669    80795     9753    65804    68510     7089    37076    30643    57333    46177    15041    34583    30541    28107    60840    35389    17163    41365    90817    31338    37016    44510    46177    21141    24625    50875    25846    34583    58832    44510    50669    29659    28578    68409    22591    62849    54653    29659    50875    57634    28107    38231    34583    50669 
    9916     9562    34104    72484    38733    22441    56267    81393    54551    48588     5648    21990     9562    28725    38733    72484    38434    51566    38884    56526    20914    32209    56267    38627    10465    24878    50913    51463    49131    19388    43381    48588    65614    22645        0    23005    53868    48588    25259    49215    14749    34621    18595    68861    68941    59461    25259    40906    25633    38434    58676    26296    40318     9033    19797    38627    29440    66945    78673    54689    13700     9033    27851    34621    32209    17886    40906    22645    39639    38733    78673    13583    53868    72484    18595    51463    13700    48588     9938    10465    39815    23005    39887    48904    38434    34104    54551    82074    14402    59461    65614     9938    40318     3157    51566     9033    39815    85381    65614    38733    20914    19797    41995     5648    50913    81393    20914    51566    58676    39887    26295    39815    38733 
   26964    25271    28704    54862    28358    24978    44730    54568    69161    36856    28529    17889    25271    32049    28358    54862    22521    42936    35311    44794     8366    16632    44730    38196    15118    56398    39680    43388    37399    48231    42120    36856    44425    30541    23005        0    42661    36856    24560    48655    41222    60445    23452    57128    57209    51218    24560    41925     8498    22521    42375    33416    50458    31914    44264    38196    40540    55463    67183    79684    36581    31914    54063    60445    16632    22544    41925    30541    24046    28358    67183    28799    42661    54862    23452    43388    36581    36856    33306    15118    19616        0    40107    37985    22521    28704    69161    81110    31481    51218    44425    33306    50458    26634    42936    31914    19616    58800    44425    28358     8366    44264    66990    28529    39680    54568     8366    42936    42375    40107    15810    19616    28358 
   57826    56134    53283    18453    16023    67603     5479    62268    77657    18243    59392    43148    56134    73887    16023    18453    43470    60152    52059     8749    35240    36216     5479    39003    46847    87188     6861    63502     7256    79093    36312    18243    53548    65804    53868    42661        0    18243    70421    94377    72084    91307    64790    17256    16234    85305    70421    86306    38687    43470    58283    69233    74000    62776    75127    39003    65118    15879    25627   110546    67443    62776    84926    91307    36216    63048    86306    65804    47589    16023    25627    59661        0    18453    64790    63502    67443    18243    64096    46847    33571    42661    85829    12346    43470    53283    77657    72044    57114    85305    53548    64096    74000    57497    60152    62776    33571    62270    53548    16023    35240    75127    97852    59392     6861    62268    35240    60152    58283    85829    31444    33571    16023 
   46045    50721    73698    36859    15498    61544    20642    69435    94145        0    53333    28606    50721    67290    15498    36859    41417    91160    36992    17308    28549    40602    20642    21569    40993    81383    15288    67556    11551    73765    21128        0    60164    57333    48588    36856    18243        0    63808    88109    48944    85136    58190    27097    29735    99055    63808    80501    32329    41417    67430    60867    75006    56956    68632    21569    64051    31321    42389   104488    61385    56956    78790    85136    40602    56602    80501    57333    51291    15498    42389    54718    18243    36859    58190    67556    61385        0    49727    40993    36304    36856    79481     5897    41417    73698    94145    55965    40473    99055    60164    49727    75006    51438    91160    56956    36304    69226    60164    15498    28549    68632    75442    53333    15288    69435    28549    91160    67430    79481    24549    36304    15498 
   31713    18834     6312    61541    55287     5548    72820    44295    33236    63808    27404    38544    18834     7278    55287    61541    28420    30250    52895    71746    27661    22194    72820    55181    18679    55800    67466    26226    64351    48179    59935    63808    33678    13214    25259    24560    70421    63808        0    25885    41170    59553     6125    84080    84160    27569        0    18276    27815    28420    31628    14759    21833    30659    43225    55181    12992    68598    73911    79632    35456    30659    27843    59553    22194     9156    18276    13214    11078    55287    73911    18958    70421    61541     6125    26226    35456    63808    44719    18679    27636    24560    17257    65457    28420     6312    33236    97293    35549    27569    33678    44719    21833    27842    30250    30659    27636    47982    33678    55287    27661    43225    66938    27404    67466    44295    27661    30250    31628    17257    42848    27636    55287 
