dep85 0 0 60
**************************************DATA
12 146 480 8 1.33
**************************************DISTANCE
       0    43479    22531    60081    14183    52962    60507    32941    22566    37898    37898    67235    26708    15167    14183    23208    33376    20331    22066    60507    22566    25864    24772    36422    35917    23208     7416    76466    20331    20331    60003    25489    49173    51063    44358    58367    69546    19686    49809    14433    53689    38217    36152    52147    58367    18095    37709    22566    40507    74646    33376    40299    37709    50915    39705    50915    53689    10910    38217    62711    62304    59916    56475    66593    27288    60024    52962    46011    65133    40507    58594    65432    51063    52246    62711    53689    22979    41723    42104    40299    22570    86977    66542    14374    14183    65432    62116    58594    25864    30393    40792    45889    14183    25489    63261    52147    43479    43479    49635    74646    35917    32566    49635    65133    66542    22570    10910    22187    15167    64616    37898    35456    22187    23208    41981    32941    52060    34224    76466    57626    47619    57908    44358    22570    10781    20331    41767    48415    19686    65133    22531    52962    59916    36422    36152    35456    59916    29702    29238    11826    47385    14374    40299    62711    37898    22066    62711 
   43479        0    72013    90734    31934    54775    72142    56327    69703    58933    58933    80124    50094    46295    31934    44243    17044    25912    20431    72142    69703    26213    52388    43655    59303    44243    45888    97501    25912    25912    81038    48876    21128    78845    58567    89019    90581    60747    73024    46822    65324    26130    57139    83348    89019    28014    40003    69703    64506    96041    17044    63662    40003    62471    45835    62471    65324    35309    26130    64605    73293    90569    87128    70741    74303    57814    54775    43174    95786    64506    89247    86827    78845    63882    64605    65324    43051    63759    27929    63662    39220   108012    70643    64387    31934    86827    93864    89247    26213    39138    91950    79114    31934    48876    19835    83348        0        0    34318    96041    59303    30359    34318    95786    70643    39220    35309    45861    46295    95269    58933    21159    45861    44243    79829    56327    68605    40354    97501    88279    69082    68897    58567    39220    54260    25912    57986     4270    60747    95786    72013    54775    90569    43655    57139    21159    90569    32453    64542    36963    25586    64387    63662    64605    58933    20431    64605 
   22531    72013        0    47887    45753    81496    75514    26656     6854    52905    52905    86166    14319    12705    45753    29931    60467    48865    55320    75514     6854    45592    30218    47344    12938    29931    18917    91472    48865    48865    53683    24128    75302    49746    60020    21937    84553    19997    54962    35352    68696    56648    40996    22575    21937    50202    56140     6854    13885    68577    60467    45452    56140    65842    53000    65842    68696    32420    56648    81142    77311    35651    26611    85071    25139    78455    81496    64942    29922    13885    46400    57395    49746    67253    81142    68696    37986    35438    57134    45452    47608   101983    84973     7783    45753    57395    28836    46400    45592    42877    20669    44572    45753    24128    79059    22575    72013    72013    64163    68577    12938    50997    64163    29922    84973    47608    32420    19463    12705    35480    52905    57867    19463    29931    11004    26656    45152    47519    91472    34847    63054    72915    60020    47608    16050    48865    57120    75506    19997    29922        0    81496    35651    47344    40996    57867    35651    44229     8253    40668    66316     7783    45452    81142    52905    55320    81142 
   60081    90734    47887        0    69031   100216   112221    72405    33109    85772    85772   109443    49437    53087    69031    71006    80693    67585    82268   112221    33109    72254    43858    83676    56651    71006    51311   124339    67585    67585   107304    74019    96427    30977    91612    33018   117351    35836    44405    58630   105438    80007    39549    25179    33018    70092    79466    33109    60188   123595    80693    39663    79466   102687    85912   102687   105438    59187    80007    58806   114481    16563    62177    62373    27415   102273   100216    88220    73148    60188     3874   117792    30977   103974    58806   105438    77292    86459    89358    39663    71425   134786   109288    40035    69031   117792    38655     3874    72254    76169    29157    23981    69031    74019   102522    25179    90734    90734    96952   123595    56651    74814    96952    73148   109288    71425    59187    78418    53087     7850    85772    82580    78418    71006    31488    72405    89994    80489   124339    15862    95921   109054    91612    71425    47605    67585    90069    95004    35836    73148    47887   100216    16563    83676    39549    82580    16563    77019    48911    64538    89594    40035    39663    58806    85772    82268    58806 
   14183    31934    45753    69031        0    59205    67538    43936    43443    44929    44929    69079    37703    28641        0    30239    16431    19004    11289    67538    43443    23726    26617    42665    46912    30239    21213    83496    19004    19004    67034    36484    42280    52896    49873    67015    76577    28864    53800    14913    60720    20739    37997    61071    67015    14079    32101    43443    62943    82321    16431    42131    32101    57867    44087    57867    60720    18707    20739    54186    69335    68866    65123    68472    36843    61857    59205    35242    73782    62943    67544    73107    52896    59277    54186    60720    28612    49755    32558    42131    20903    94007    68375    38128        0    73107    71859    67544    23726    32334    58883    47722        0    36484    43150    61071    31934    31934    39884    82321    46912    22457    39884    73782    68375    20903    18707    31088    28641    73566    44929    20049    31088    30239    53570    43936    54601    38606    83496    66576    55078    64939    49873    20903    19573    19004    49144    36123    28864    73782    45753    59205    68866    42665    37997    20049    68866    34083    53767     7810    30323    38128    42131    54186    44929    11289    54186 
   52962    54775    81496   100216    59205        0    25623    45737    79186    28438    28438   120580    54860    51061    59205    35794    56597    31792    58756    25623    79186    30498    76751    23624    64069    35794    53749    44902    31792    31792    39402    35677    46897   116771     8229    82261    46330    82380   102321    67779    16507    79105    89497    92694    82261    46333    90221    79186    69272    53378    56597    92811    90221    15952    11427    15952    16507    45870    79105   115223    26774   100051    80370   119152    83785   112536        0    99007    66256    69272    98729    42864   116771    17362   115223    16507    27994    39550    27536    92811    75082    63761   119054    73870    59205    42864    87106    98729    30498    22957   101433   111596    59205    35677    87201    92694    54775    54775    21933    53378    64069    85078    21933    66256   119054    75082    45870    44557    51061   104751    28438    71623    44557    35794    72060    45737    40342    16095    44902    97761    24005    22378     8229    75082    63743    31792    15087    71637    82380    66256    81496        0   100051    23624    89497    71623   100051    22345    69308    51402    87888    73870    92811   115223    28438    58756   115223 
   60507    72142    75514   112221    67538    25623        0    50470    89841    31572    31572   126980    51663    58337    67538    41766    61616    49159    63676        0    89841    47842    84517    32724    71315    41766    61414    19940    49159    49159    29781    41733    60847   127918    30850    71482    25779    77501   109706    74178     8715    83893    95897   104599    71482    58447    97003    89841    76450    34459    61616   100194    97003    12151    26615    12151     8715    52963    83893   122583    10399   112056    67797   126338    95300   120024    25623   105756    56826    76450   110734    29797   127918    11028   122583     8715    40692    40418    42966   100194    82569    42363   126541    85251    67538    29797    73381   110734    47842    38773    77431   120922    67538    41733    91923   104599    72142    72142    42199    34459    71315    92565    42199    56826   126541    82569    52963    48204    58337   116739    31572    76446    48204    41766    78914    50470    31832    33427    19940   109507    15510    10525    30850    82569    70285    49159    21354    76412    77501    56826    75514    25623   112056    32724    95897    76446   112056    39738    76163    59719    93479    85251   100194   122583    31572    63676   122583 
   32941    56327    26656    72405    43936    45737    50470        0    28881    21690    21690   116143    12499    15883    43936    16528    46962    35844    47862    50470    28881    39829    49748    27713    12790    16528    21682    55434    35844    35844    29885    10545    68116    88959    52489    26819    48515    39683    74334    46612    45189    86037    60525    38133    26819    34679    85529    28881    13922    48591    46962    65138    85529    42428    36566    42428    45189    25397    86037   110531    46348    72240    24944   115501    55657   107844    45737    94920    20568    13922    70918    37409    88959    44991   110531    45189    25621    11657    50235    65138    55927    65536   114362    28069    43936    37409    30701    70918    39829    30430    32966    83785    43936    10545    76109    38133    56327    56327    58400    48591    12790    80386    58400    20568   114362    55927    25397    10703    15883    78507    21690    58938    10703    16528    28921        0    21401    40279    55434    50795    35789    41952    52489    55927    32227    35844    33280    60597    39683    20568    26656    45737    72240    27713    60525    58938    72240    38466    16720    34905    96294    28069    65138   110531    21690    47862   110531 
   22566    69703     6854    33109    43443    79186    89841    28881        0    54705    54705    83856    20701    21991    43443    36625    57204    46555    53275    89841        0    51224    26382    62646    19319    36625    20523    93272    46555    46555    55986    30098    75396    44518    70581    22714    90935    17756    50969    33042    83023    54420    37159    12480    22714    49062    53879        0    20204    74692    57204    41457    53879    81656    63534    81656    83023    28120    54420    79459    90992    28509    30267    83214    15939    75193    79186    62632    36304    20204    31164    63510    44518    82943    79459    83023    53804    41820    68328    41457    44345   103719    81711     8300    43443    63510    28547    31164    51224    55138    16914    37644    43443    30098    76935    12480    69703    69703    73463    74692    19319    47735    73463    36304    81711    44345    28120    25578    21991    27550    54705    56993    25578    36625     9069    28881    47502    59458    93272    25464    64854    74841    70581    44345    16660    46555    59002    73973    17756    36304     6854    79186    28509    62646    37159    56993    28509    53530    14585    44905    64006     8300    41457    79459    54705    53275    79459 
   37898    58933    52905    85772    44929    28438    31572    21690    54705        0        0   104371    39309    35728    44929    19157    48282    32188    50468    31572    54705    34272    61908    13073    48518    19157    38805    41611    32188    32188    24576    18405    53089    88083    29884    66738    34692    54521    87097    51569    27887    61819    73288    67659    66738    37116    74729    54705    53841    40220    48282    77319    74729    25129    19264    25129    27887    30354    61819    99731    27450    85607    64819   103729    69341    97044    28438    83147    37464    53841    84285    31006    88083    26198    99731    27887    22649    13986    35208    77319    59590    52058   103562    46998    44929    31006    70620    84285    34272    20672    72885    82909    44929    18405    78714    67659    58933    58933    36153    40220    48518    69586    36153    37464   103562    59590    30354    24875    35728    91006        0    59742    24875    19157    56305    21690    17634    25417    41611    83317    13155    23054    29884    59590    47306    32188    11757    63203    54521    37464    52905    28438    85607    13073    73288    59742    85607    26118    53554    37342    71406    46998    77319    99731        0    50468    99731 
   37898    58933    52905    85772    44929    28438    31572    21690    54705        0        0   104371    39309    35728    44929    19157    48282    32188    50468    31572    54705    34272    61908    13073    48518    19157    38805    41611    32188    32188    24576    18405    53089    88083    29884    66738    34692    54521    87097    51569    27887    61819    73288    67659    66738    37116    74729    54705    53841    40220    48282    77319    74729    25129    19264    25129    27887    30354    61819    99731    27450    85607    64819   103729    69341    97044    28438    83147    37464    53841    84285    31006    88083    26198    99731    27887    22649    13986    35208    77319    59590    52058   103562    46998    44929    31006    70620    84285    34272    20672    72885    82909    44929    18405    78714    67659    58933    58933    36153    40220    48518    69586    36153    37464   103562    59590    30354    24875    35728    91006        0    59742    24875    19157    56305    21690    17634    25417    41611    83317    13155    23054    29884    59590    47306    32188    11757    63203    54521    37464    52905    28438    85607    13073    73288    59742    85607    26118    53554    37342    71406    46998    77319    99731        0    50468    99731 
   67235    80124    86166   109443    69079   120580   126980   116143    83856   104371   104371        0    93180    91686    69079    89681    74872    87878    70738   126980    83856    92337    60890   103969   114926    89681    74553   142938    87878    87878   126476    91962    97725    56990   111964   107427   136019    70794    40297    59432   120162    56762    66729   101515   107427    78002    34484    83856   103356   166792    74872    50988    34484   117308   106178   117308   120162    77383    56762    29228   128777   109278   105536    25044    79526    23926   120580    41843   114194   103356   107956   132264    56990   118719    29228   120162    89452   108196   109079    50988    47722   153449    18846    78540    69079   132264   112271   107956    92337    96866    99295    60254    69079    91962    79173   101515    80124    80124   116107   166792   114926    51111   116107   114194    18846    47722    77383    89735    91686   113978   104371    60274    89735    89681    93982   116143   114043   100697   142938   106988   114520   124381   111964    47722    68688    87878   108586    83477    70794   114194    86166   120580   109278   103969    66729    60274   109278    96174    94179    71733    54162    78540    50988    29228   104371    70738    29228 
   26708    50094    14319    49437    37703    54860    51663    12499    20701    39309    39309    93180        0     6910    37703    16494    39437    29610    41629    51663    20701    32229    40515    33328     8254    16494    16889    77876    29610    29610    39509     9967    61883    64659    46256    30383    70888    29713    65102    40379    44881    54593    51293    29073    30383    29658    63204    20701    17485    58215    39437    55590    63204    42129    39469    42129    44881    19164    54593    88784    63512    47996    28681    92539    34863    85346    54860    71957    31041    17485    47379    47034    64659    43416    88784    44881    24187    21281    44002    55590    48430    88323    93026    21527    37703    47034    34265    47379    32229    29352    27377    57663    37703     9967    69875    29073    50094    50094    50796    58215     8254    58059    50796    31041    93026    48430    19164     5447     6910    47569    39309    52516     5447    16494    17720    12499    31025    34045    77876    41549    49458    59445    46256    48430    22793    29610    32981    54364    29713    31041    14319    54860    47996    33328    51293    52516    47996    30916    14968    29884    64180    21527    55590    88784    39309    41629    88784 
   15167    46295    12705    53087    28641    51061    58337    15883    21991    35728    35728    91686     6910        0    28641    14283    35380    25812    37539    58337    21991    28415    35463    29530    14604    14283     7764    74296    25812    25812    42910    13041    58125    54946    42843    37831    67376    25197    60162    29179    51519    61848    46240    33106    37831    22303    61340    21991    24841    61800    35380    50652    61340    48666    35823    48666    51519    13974    61848    86342    60134    44284    35939    90271    30339    83655    51061    70462    34425    24841    51600    50619    54946    50077    86342    51519    18453    24665    39958    50652    37639    84807    90173    13785    28641    50619    42675    51600    28415    25701    32898    49772    28641    13041    65984    33106    46295    46295    46986    61800    14604    56197    46986    34425    90173    37639    13974     6711        0    44114    35728    46605     6711    14283    24110    15883    34379    30342    74296    50632    45659    55738    42843    37639    17741    25812    39807    50419    25197    34425    12705    51061    44284    29530    46240    46605    44284    27053    20481    22529    71836    13785    50652    86342    35728    37539    86342 
   14183    31934    45753    69031        0    59205    67538    43936    43443    44929    44929    69079    37703    28641        0    30239    16431    19004    11289    67538    43443    23726    26617    42665    46912    30239    21213    83496    19004    19004    67034    36484    42280    52896    49873    67015    76577    28864    53800    14913    60720    20739    37997    61071    67015    14079    32101    43443    62943    82321    16431    42131    32101    57867    44087    57867    60720    18707    20739    54186    69335    68866    65123    68472    36843    61857    59205    35242    73782    62943    67544    73107    52896    59277    54186    60720    28612    49755    32558    42131    20903    94007    68375    38128        0    73107    71859    67544    23726    32334    58883    47722        0    36484    43150    61071    31934    31934    39884    82321    46912    22457    39884    73782    68375    20903    18707    31088    28641    73566    44929    20049    31088    30239    53570    43936    54601    38606    83496    66576    55078    64939    49873    20903    19573    19004    49144    36123    28864    73782    45753    59205    68866    42665    37997    20049    68866    34083    53767     7810    30323    38128    42131    54186    44929    11289    54186 
   23208    44243    29931    71006    30239    35794    41766    16528    36625    19157    19157    89681    16494    14283    30239        0    35553    17503    37712    41766    36625    20105    47218    17701    25703        0    15577    57725    17503    17503    40572     6468    49776    73317    34149    43895    50805    39755    72408    36880    34948    47298    58598    44685    43895    22350    59963    36625    30867    56216    35553    62553    59963    32485    26325    32485    34948    15553    47298    84965    43563    70841    42004    89039    54575    82278    35794    68458    35070    30867    69519    47002    73317    33505    84965    34948     7867    17597    31895    62553    44824    68236    88796    31747    30239    47002    47646    69519    20105    12706    49911    68143    30239     6468    64025    44685    44243    44243    38676    56216    25703    54820    38676    35070    88796    44824    15553    12548    14283    75541    19157    46608    12548        0    33331    16528    33630    22032    57725    68551    29189    39167    34149    44824    32540    17503    23337    50592    39755    35070    29931    35794    70841    17701    58598    46608    70841    18742    30942    22576    56717    31747    62553    84965    19157    37712    84965 
   33376    17044    60467    80693    16431    56597    61616    46962    57204    48282    48282    74872    39437    35380    16431    35553        0    15264     4928    61616    57204    15358    41094    33072    48526    35553    40564    86849    15264    15264    69814    38871    22369    67429    47993    78050    79861    44328    61158    29418    54833    24035    47860    71963    78050    12870    35499    57204    53661    85458        0    54359    35499    52082    35307    52082    54833    24440    24035    60097    62637    78619    76348    64489    51685    53340    56597    38540    85299    53661    78407    76244    67429    53369    60097    54833    32394    53766    24191    54359    28198    97296    74717    52615    16431    76244    81932    78407    15358    32550    80265    62105    16431    38871    36825    71963    17044    17044    31715    85458    48526    25885    31715    85299    74717    28198    24440    35342    35380    84103    48282    16588    35342    35553    61797    46962    62872    29884    86849    76871    58431    58449    47993    28198    39473    15264    47071    21314    44328    85299    60467    56597    78619    33072    47860    16588    78619    21797    63083    17769    33622    52615    54359    60097    48282     4928    60097 
   20331    25912    48865    67585    19004    31792    49159    35844    46555    32188    32188    87878    29610    25812    19004    17503    15264        0    17423    49159    46555     6701    44120    16705    38820    17503    22740    70756        0        0    54293    28392    30065    84140    31544    65871    63836    49749    69690    34353    42341    37771    55913    60200    65871     5517    49134    46555    44022    69295    15264    60180    49134    39488    22852    39488    42341    12161    37771    82592    50310    67421    63980    86521    51155    79906    31792    52304    58268    44022    66099    60082    84140    40898    82592    42341    13983    37014    15534    60180    42451    81267    86424    41239    19004    60082    70715    66099     6701    11545    68802    78966    19004    28392    45868    60200    25912    25912    22860    69295    38820    39489    22860    58268    86424    42451    12161    25377    25812    72121    32188    30289    25377    17503    46810    35844    41860    17371    70756    65131    42337    45914    31544    42451    31112        0    31035    30303    49749    58268    48865    31792    67421    16705    55913    30289    67421    12942    44059    15821    46554    41239    60180    82592    32188    17423    82592 
   22066    20431    55320    82268    11289    58756    63676    47862    53275    50468    50468    70738    41629    37539    11289    37712     4928    17423        0    63676    53275    17747    35952    35231    50838    37712    29513    89035    17423    17423    71973    40410    25756    62728    50152    76182    82116    39186    56016    24276    56859    22582    42718    70407    76182    14839    33944    53275    72492    87617     4928    49221    33944    54241    37369    54241    56859    25148    22582    56339    64828    82104    74955    63673    46675    71689    58756    37374    83613    72492    80781    78403    62728    55416    56339    56859    34585    55294    26350    49221    23056    99455    63213    47959    11289    78403    80064    80781    17747    34709    68278    57554    11289    40410    34429    70407    20431    20431    33906    87617    50838    24300    33906    83613    63213    23056    25148    37501    37539    86803    50468    15100    37501    37712    59929    47862    65031    32043    89035    79813    60590    60432    50152    23056    34339    17423    49230    24701    39186    83613    55320    58756    82104    35231    42718    15100    82104    23988    56077    14353    32455    47959    49221    56339    50468        0    56339 
   60507    72142    75514   112221    67538    25623        0    50470    89841    31572    31572   126980    51663    58337    67538    41766    61616    49159    63676        0    89841    47842    84517    32724    71315    41766    61414    19940    49159    49159    29781    41733    60847   127918    30850    71482    25779    77501   109706    74178     8715    83893    95897   104599    71482    58447    97003    89841    76450    34459    61616   100194    97003    12151    26615    12151     8715    52963    83893   122583    10399   112056    67797   126338    95300   120024    25623   105756    56826    76450   110734    29797   127918    11028   122583     8715    40692    40418    42966   100194    82569    42363   126541    85251    67538    29797    73381   110734    47842    38773    77431   120922    67538    41733    91923   104599    72142    72142    42199    34459    71315    92565    42199    56826   126541    82569    52963    48204    58337   116739    31572    76446    48204    41766    78914    50470    31832    33427    19940   109507    15510    10525    30850    82569    70285    49159    21354    76412    77501    56826    75514    25623   112056    32724    95897    76446   112056    39738    76163    59719    93479    85251   100194   122583    31572    63676   122583 
   22566    69703     6854    33109    43443    79186    89841    28881        0    54705    54705    83856    20701    21991    43443    36625    57204    46555    53275    89841        0    51224    26382    62646    19319    36625    20523    93272    46555    46555    55986    30098    75396    44518    70581    22714    90935    17756    50969    33042    83023    54420    37159    12480    22714    49062    53879        0    20204    74692    57204    41457    53879    81656    63534    81656    83023    28120    54420    79459    90992    28509    30267    83214    15939    75193    79186    62632    36304    20204    31164    63510    44518    82943    79459    83023    53804    41820    68328    41457    44345   103719    81711     8300    43443    63510    28547    31164    51224    55138    16914    37644    43443    30098    76935    12480    69703    69703    73463    74692    19319    47735    73463    36304    81711    44345    28120    25578    21991    27550    54705    56993    25578    36625     9069    28881    47502    59458    93272    25464    64854    74841    70581    44345    16660    46555    59002    73973    17756    36304     6854    79186    28509    62646    37159    56993    28509    53530    14585    44905    64006     8300    41457    79459    54705    53275    79459 
   25864    26213    45592    72254    23726    30498    47842    39829    51224    34272    34272    92337    32229    28415    23726    20105    15358     6701    17747    47842    51224        0    49874    19347    41439    20105    33053    72642     6701     6701    55804    31738    25036    87769    27302    70539    65723    54418    73978    39535    41024    37963    61254    64451    70539    10225    49427    51224    46528    71448    15358    65551    49427    38357    21535    38357    41024    16928    37963    74210    48993    72090    68649    91695    55151    84575    30498    52469    60887    46528    70768    62234    87769    39644    74210    41024    16602    38901     8833    65551    40787    83286    91092    45103    23726    62234    74420    70768        0    14778    72753    83635    23726    31738    45994    64451    26213    26213    16159    71448    41439    39583    16159    60887    91092    40787    16928    28209    28415    76591    34272    30517    28209    20105    54285    39829    48862    16159    72642    69799    44421    44597    27302    40787    35781     6701    33346    30483    54418    60887    45592    30498    72090    19347    61254    30517    72090     8153    55572    20277    47550    45103    65551    74210    34272    17747    74210 
   24772    52388    30218    43858    26617    76751    84517    49748    26382    61908    61908    60890    40515    35463    26617    47218    41094    44120    35952    84517    26382    49874        0    60211    38202    47218    32090   100475    44120    44120    84013    49499    66943    30416    69502    44778    93556    14207    29311    13215    77699    29611    15477    33196    44778    35539    29388    26382    54439    98435    41094    19801    29388    74846    63715    74846    77699    34920    29611    44952    86314    31705    56619    51923    16876    53695    76751    38173    65277    54439    41080    89221    30416    76256    44952    77699    46989    58530    66616    19801    14641   110986    51826    23368    26617    89221    51677    41080    49874    54403    38186    25241    26617    49499    52022    33196    52388    52388    73645    98435    38202    23960    73645    65277    51826    14641    34920    45977    35463    36570    61908    33123    45977    47218    32873    49748    71580    58234   100475    46662    72057    81918    69502    14641    18055    44120    66124    56326    14207    65277    30218    76751    31705    60211    15477    33123    31705    53711    38232    29270    39547    23368    19801    44952    61908    35952    44952 
   36422    43655    47344    83676    42665    23624    32724    27713    62646    13073    13073   103969    33328    29530    42665    17701    33072    16705    35231    32724    62646    19347    60211        0    42538    17701    32218    56522    16705    16705    40060    17653    38629   100231    22826    60729    49603    65840    85781    50444    25906    55579    72916    76291    60729    29793    73681    62646    47740    55062    33072    76271    73681    23053    12435    23053    25906    24339    55579    98683    33875    83512    58838   102612    67246    95997    23624    82468    46255    47740    82190    45848   100231    24463    98683    25906     8010    22781    20461    76271    58542    67033   102514    57330    42665    45848    65574    82190    19347     6049    67052    95057    42665    17653    63676    76291    43655    43655    21228    55062    42538    68538    21228    46255   102514    58542    24339    24101    29530    88212    13073    48097    24101    17701    50528    27713    27626    10758    56522    81221    28103    29479    22826    58542    47203    16705    14330    48111    65840    46255    47344    23624    83512        0    72916    48097    83512    11194    47777    34862    64362    57330    76271    98683    13073    35231    98683 
   35917    59303    12938    56651    46912    64069    71315    12790    19319    48518    48518   114926     8254    14604    46912    25703    48526    38820    50838    71315    19319    41439    38202    42538        0    25703    26099    65098    38820    38820    39895    17808    71092    63277    55465    25602    58534    27687    62789    64113    64497    85490    48979    27692    25602    38867    84949    19319    12705    58601    48526    53277    84949    61963    48801    61963    64497    28373    85490   110530    56366    47357    24093   114284    32550    92091    64069    93703    27240    12705    55164    47419    63277    63250   110530    64497    33787    21676    53212    53277    61243    75546    98609    20145    46912    47419    29484    55164    41439    38562    25996    56281    46912    17808    79085    27692    59303    59303    59964    58601        0    64632    59964    27240    98609    61243    28373    14656    14604    46188    48518    61725    14656    25703    16338    12790    31410    43255    65098    40167    45799    51982    55465    61243    22180    38820    52815    63573    27687    27240    12938    64069    47357    42538    48979    61725    47357    40031    13587    36470    95077    20145    53277   110530    48518    50838   110530 
   23208    44243    29931    71006    30239    35794    41766    16528    36625    19157    19157    89681    16494    14283    30239        0    35553    17503    37712    41766    36625    20105    47218    17701    25703        0    15577    57725    17503    17503    40572     6468    49776    73317    34149    43895    50805    39755    72408    36880    34948    47298    58598    44685    43895    22350    59963    36625    30867    56216    35553    62553    59963    32485    26325    32485    34948    15553    47298    84965    43563    70841    42004    89039    54575    82278    35794    68458    35070    30867    69519    47002    73317    33505    84965    34948     7867    17597    31895    62553    44824    68236    88796    31747    30239    47002    47646    69519    20105    12706    49911    68143    30239     6468    64025    44685    44243    44243    38676    56216    25703    54820    38676    35070    88796    44824    15553    12548    14283    75541    19157    46608    12548        0    33331    16528    33630    22032    57725    68551    29189    39167    34149    44824    32540    17503    23337    50592    39755    35070    29931    35794    70841    17701    58598    46608    70841    18742    30942    22576    56717    31747    62553    84965    19157    37712    84965 
    7416    45888    18917    51311    21213    53749    61414    21682    20523    38805    38805    74553    16889     7764    21213    15577    40564    22740    29513    61414    20523    33053    32090    32218    26099    15577        0    77373    22740    22740    48708    15236    60772    52685    45145    44290    70453    20339    57279    21751    54596    45858    43470    34678    44290    22488    45350    20523    30486    75374    40564    47940    45350    51644    38900    51644    54596    11817    45858    70352    63211    42508    42399    73911    28078    67665    53749    53329    40224    30486    49824    66161    52685    53153    70352    54596    19747    30464    42892    47940    30211    87884    74183    12331    21213    66161    47265    49824    33053    28777    49530    47511    21213    15236    65669    34678    45888    45888    56823    75374    26099    40207    56823    40224    74183    30211    11817    12167     7764    42337    38805    39177    12167    15577    32950    21682    35253    33419    77373    48856    48347    58815    45145    30211    13124    22740    42495    55604    20339    40224    18917    53749    42508    32218    43470    39177    42508    36890    26724    19273    54703    12331    47940    70352    38805    29513    70352 
   76466    97501    91472   124339    83496    44902    19940    55434    93272    41611    41611   142938    77876    74296    83496    57725    86849    70756    89035    19940    93272    72642   100475    56522    65098    57725    77373        0    70756    70756    28391    56972    80127   126810    50130    76446    19964    93088   125665    90137    27953   100387   111856    96281    76446    75451   112962    93272    72071    23222    86849   116153   112962    31431    45908    31431    27953    68922   100387   138542    19533   124174    72215   142297   101024   135611    44902   121715    62335    72071   122852    32851   126810    27959   138542    27953    61216    49451    62246   116153    98157    21553   142129    85565    83496    32851    78346   122852    72642    59240    82396   121476    83496    56972   117282    96281    97501    97501    61493    23222    65098   108153    61493    62335   142129    98157    68922    63443    74296   129574    41611    98310    63443    57725    94873    55434    42136    52706        0   121884    30094    27447    50130    98157    85873    70756    40634   101771    93088    62335    91472    44902   124174    56522   111856    98310   124174    64685    74090    75909   109974    85565   116153   138542    41611    89035   138542 
   20331    25912    48865    67585    19004    31792    49159    35844    46555    32188    32188    87878    29610    25812    19004    17503    15264        0    17423    49159    46555     6701    44120    16705    38820    17503    22740    70756        0        0    54293    28392    30065    84140    31544    65871    63836    49749    69690    34353    42341    37771    55913    60200    65871     5517    49134    46555    44022    69295    15264    60180    49134    39488    22852    39488    42341    12161    37771    82592    50310    67421    63980    86521    51155    79906    31792    52304    58268    44022    66099    60082    84140    40898    82592    42341    13983    37014    15534    60180    42451    81267    86424    41239    19004    60082    70715    66099     6701    11545    68802    78966    19004    28392    45868    60200    25912    25912    22860    69295    38820    39489    22860    58268    86424    42451    12161    25377    25812    72121    32188    30289    25377    17503    46810    35844    41860    17371    70756    65131    42337    45914    31544    42451    31112        0    31035    30303    49749    58268    48865    31792    67421    16705    55913    30289    67421    12942    44059    15821    46554    41239    60180    82592    32188    17423    82592 
   20331    25912    48865    67585    19004    31792    49159    35844    46555    32188    32188    87878    29610    25812    19004    17503    15264        0    17423    49159    46555     6701    44120    16705    38820    17503    22740    70756        0        0    54293    28392    30065    84140    31544    65871    63836    49749    69690    34353    42341    37771    55913    60200    65871     5517    49134    46555    44022    69295    15264    60180    49134    39488    22852    39488    42341    12161    37771    82592    50310    67421    63980    86521    51155    79906    31792    52304    58268    44022    66099    60082    84140    40898    82592    42341    13983    37014    15534    60180    42451    81267    86424    41239    19004    60082    70715    66099     6701    11545    68802    78966    19004    28392    45868    60200    25912    25912    22860    69295    38820    39489    22860    58268    86424    42451    12161    25377    25812    72121    32188    30289    25377    17503    46810    35844    41860    17371    70756    65131    42337    45914    31544    42451    31112        0    31035    30303    49749    58268    48865    31792    67421    16705    55913    30289    67421    12942    44059    15821    46554    41239    60180    82592    32188    17423    82592 
