dep61 0 0 60
**************************************DATA
8 110 480 8 1.33
**************************************DISTANCE
       0    45415    59587   127021    59587    72500    19362    91976   104634    53358    82719    65845   101309    56109    39171    96613   109575   120920    56870   108715    96647    81441    65845    94650    56109    57614    76299    33118   120920    87244   112373   109587   105863    50062   106602    66371   106602    99104    91976    76299    48552    14474    81441    14474    60704    17358    76321    56109   101309   112373    76321    66101    76949    72500    69828    33118    68368    82719    25491    74185    12669    25491    36210   118825    19362   122977    71497    66101    79160    62058    76321    94650   100040    33843    76321   111896    29931    66856   104984   100040    41247    34558    61798   105535   127021    41247   103862    62058    70086    33843   104984    71715    60704    41274    29072    29931    47509    36210    65782    41247    56870    70086    45415    33843    71256    38646    41274    66856   104634    71715    77158 
   45415        0    46904   116963    46904    50710    27039    48083   117119    19266    95204    21967   113794    61250    56208    91970   122060    98528    12993   110069    98423    36435    21967    86295    61250    80631    31293    33420    98528   113539   103125   100173   113770     6274   106670    44581   106670   104483    48083    31293    44464    37893    36435    37893    39546    37258    76671    61250   113794   103125    76671    43415   125246    50710    29001    33420    24490    95204    34392    30307    56909    34392    20912   109244    27039   112919    48717    43415    35168    61391    76671    86295    89976    47232    76671   115890    27246    43776   117469    89976    36886    30152    16158   115920   116963    36886   109433    61391    47336    47232   117469    67072    39546    18764    30274    27246    14669    20912    73843    36886    12993    47336        0    47232    48796    73429    18764    43776   117119    67072    36607 
   59587    46904        0    82344        0    18623    51702    81340    77894    33474    55979    55224    74569    34090    38953    52745    82835    77052    54052    72015    59198    78623    55224    50783    34090    33687    71694    77823    77052    74314    68506    65720    75161    47765    67108    12193    67108    65258    81340    71694    20155    46604    78623    46604    10740    66608    37434    34090    74569    68506    37434    14313    71954    18623    74162    77823    47969    55979    35460    50869    64606    35460    33518    74185    51702    78300    16798    14313    59011    36011    37434    50783    56172    29600    37434    76776    64453     9326    78244    56172    19210    74555    58980    76695    82344    19210    70208    36011    18414    29600    78244    27847    10740    63116    60463    64453    58926    33518    27500    19210    54052    18414    46904    29600    16407    46269    63116     9326    77894    27847    81573 
  127021   116963    82344        0    82344    73610   119136   195625    42589   103533    45918   125620    42633    72889    75968    35854    40676    16060   124448    29303    31776   149019   125620    35495    72889    71355   142090   134349    16060    46847    18114    20530    39637   117824    23906    74645    23906    35106   195625   142090    78405   114038   149019   114038    82102   134042    52950    72889    42633    18114    52950    79001    51428    73610   144221   134349   122935    45918    99765   133961   103366    99765    98731     8923   119136     5779    68442    79001   139453    63887    52950    35495    30424    87914    52950    34775   131887    77873    47958    30424    82330   144614   129377    49373        0    82330    33848    63887    78056    87914    47958    55575    82102   133513   123579   131887   128985    98731    64801    82330   124448    78056   116963    87914    74250    80013   133513    77873    42589    55575   151969 
   59587    46904        0    82344        0    18623    51702    81340    77894    33474    55979    55224    74569    34090    38953    52745    82835    77052    54052    72015    59198    78623    55224    50783    34090    33687    71694    77823    77052    74314    68506    65720    75161    47765    67108    12193    67108    65258    81340    71694    20155    46604    78623    46604    10740    66608    37434    34090    74569    68506    37434    14313    71954    18623    74162    77823    47969    55979    35460    50869    64606    35460    33518    74185    51702    78300    16798    14313    59011    36011    37434    50783    56172    29600    37434    76776    64453     9326    78244    56172    19210    74555    58980    76695    82344    19210    70208    36011    18414    29600    78244    27847    10740    63116    60463    64453    58926    33518    27500    19210    54052    18414    46904    29600    16407    46269    63116     9326    77894    27847    81573 
   72500    50710    18623    73610    18623        0    65605    86016    75628    37279    53713    59339    72855    59494    64579    50581    80569    54565    58597    69414    56932    82738    59339    42332    59494    59313    75809    81629    54565    72048    59889    56210    73443    51571    64017     6520    64017    63527    86016    75809    40059    60507    82738    60507    10991    81989    35715    59494    72855    59889    35715    10130    70236        0    77968    81629    47697    53713    51998    50585    77840    51998    48779    65414    65605    69566     5595    10130    58834    46336    35715    42332    46012    54329    35715    71926    78356     9462    75979    46012    32433    78360    63095    75156    73610    32433    67942    46336     7537    54329    75979    25109    10991    66871    78487    78356    62732    48779    32627    32433    58597     7537    50710    54329     3728    71673    66871     9462    75628    25109    85688 
   19362    27039    51702   119136    51702    65605        0    73601    99218    35241    77303    47816    95350    50693    36614    89054   103615   115503    38712   100831    90572    63413    47816    89234    50693    49730    58271    27880   115503    95638   105415   104171    97979    31686    98718    60955    98718    91219    73601    58271    40668    11840    63413    11840    55288    19430    68436    50693    95350   105415    68436    58217    94345    65605    52498    27880    50189    77303    11338    55919    30855    11338    15355   110940        0   115092    63612    58217    60784    56069    68436    89234    92463    24177    68436   106480    14084    58971    99568    92463    33362    25331    43564    97650   119136    33362    97736    56069    64018    24177    99568    66299    55288    22525    17110    14084    29133    15355    60366    33362    38712    64018    27039    24177    63371    40542    22525    58971    99218    66299    59832 
   91976    48083    81340   195625    81340    86016    73601        0   201217    48843   179303    27240   197892   152692   158041   127276   206158   181607    34983   144920   133730    18865    27240   121601   152692   152775    13240    71571   181607   197637   138431   135480   148067    44654   142144    79888   142144   138151        0    13240    79093    84454    18865    84454    68675    79745   110339   152692   197892   138431   110339    70106   197390    86016    26261    71571    30796   179303    77259    23323   103455    77259    66592   143541    73601   147693    83463    70106    16658   158642   110339   121601   125282    82983   110339   151196    73807    79082   201568   125282    71182    63327    35368   149780   195625    71182   144739   158642    73634    82983   201568   102379    68675    59328    70798    73807    49427    66592   109150    71182    34983    73634    48083    82983    83222   164871    59328    79082   201217   102379    26135 
  104634   117119    77894    42589    77894    75628    99218   201217        0   103688    24079   124714     4717    51792    54751    26949     8318    41758   125005    14831    19214   150408   124714    35321    51792    50138   141184   122560    41758    13680    24960    30351     7459   117980    20135    76328    20135    11157   201217   141184    59612    92507   150408    92507    78641   114123    40666    51792     4717    24960    40666    79456    15938    75628   144377   122560   142609    24079    81637   145509    82149    81637    87020    34393    99218    38546    71070    79456   153747    42733    40666    35321    39880    64543    40666     9143   111452    73385     4670    39880    67508   123562   132046     7261    42589    67508    12736    42733    82565    64543     4670    51119    78641   120756   113873   111452   129141    87020    51573    67508   125005    82565   117119    64543    78068    55445   120756    73385        0    51119   151063 
   53358    19266    33474   103533    33474    37279    35241    48843   103688        0    81774    22727   100364    47455    71350    78539   108629    85097    17851    96638    84993    46603    22727    72864    47455    66084    39197    49884    85097   100108    89694    86743    99223    20403    93240    31151    93240    91053    48843    39197    30668    41221    46603    41221    26115    45459    63240    47455   100364    89694    63240    29985   110700    37279    40132    49884    20041    81774    28522    31067    59045    28522    17855    94698    35241    99489    35287    29985    35928    47595    63240    72864    76545    34246    63240   102459    35447    30345   104039    76545    22339    46615    31202   102490   103533    22339    96002    47595    33906    34246   104039    53642    26115    35339    40521    35447    30987    17855    60413    22339    17851    33906    19266    34246    35365    59633    35339    30345   103688    53642    46952 
   82719    95204    55979    45918    55979    53713    77303   179303    24079    81774        0   103846    20728    30924    32836    15225    28994    40582   103091    26209    16692   128494   103846    22754    30924    28224   120316   100645    40582    20486    32197    29272    23357    96065    24837    54414    24837    16597   179303   120316    37697    70592   128494    70592    57773    92209    18751    30924    20728    32197    18751    57541    21250    53713   122462   100645   120695        0    59722   123594    60234    59722    65106    37722    77303    41874    49156    57541   131832    20818    18751    22754    26338    43675    18751    31771    90584    51470    24573    26338    45594   101647   110131    23029    45918    45594    23114    20818    60651    43675    24573    29159    57773    98842    91959    90584   107226    65106    30705    45594   103091    60651    95204    43675    56154    36775    98842    51470    24079    29159   130195 
   65845    21967    55224   125620    55224    59339    47816    27240   124714    22727   103846        0   121362    70179    94077    99088   129628   107190     8964   118804   105972    28370        0    95589    70179    88811    16093    52886   107190   122832   111899   108809   121950    18537   116028    52887   116028   112034    27240    16093    52976    58323    28370    58323    43659    57694    84223    70179   121362   111899    84223    43730   133426    59339    21995    52886     4465   103846    51493     7969    77338    51493    40940   117424    47816   121576    57346    43730    14424    69906    84223    95589    98676    56971    84223   125247    47794    52705   125207    98676    45066    49618    16523   123663   125620    45066   118168    69906    47424    56971   125207    74622    43659    38128    52764    47794    33191    40940    81398    45066     8964    47424    21967    56971    57105    82358    38128    52705   124714    74622    28823 
  101309   113794    74569    42633    74569    72855    95350   197892     4717   100364    20728   121362        0    48441    51426    24074     8892    36784   121681     9177    15574   129984   121362    31970    48441    46814   137832   119235    36784    10328    24083    26053     3867   114655    15445    72931    15445     8282   197892   137832    56287    90251   129984    90251    75289   110255    37341    48441        0    24083    37341    76131    14744    72855   141052   119235   139285    20728    78312   141936    78824    78312    79309    34437    95350    38589    67746    76131   150422    39438    37341    31970    35588    61192    37341     9441   108100    70060     9157    35588    64184   120237   110342    10131    42633    64184    10767    39438    79233    61192     9157    47768    75289   117431   110548   108100   125816    79309    48221    64184   121681    79233   113794    61192    74744    52093   117431    70060     4717    47768   147711 
   56109    61250    34090    72889    34090    59494    50693   152692    51792    47455    30924    70179    48441        0     5951    39503    56707    67553    65810    53922    43663    91213    70179    42948        0     5469    85793    74035    67553    49783    59168    56243    51070    58785    51809    53043    51809    44310   152692    85793    13935    43982    91213    43982    47925    65598    21527        0    48441    59168    21527    52106    46648    59494    88508    74035    94084    30924    33112    96984    33349    33112    38495    64693    50693    68846    57502    52106   105222     9160    21527    42948    46557    12911    21527    59484    63403    52861    52285    46557    25158    75037    70663    50741    72889    25158    50827     9160    57908    12911    52285    25704    47925    72231    65348    63403    64509    38495    15451    25158    65810    57908    61250    12911    57261    12044    72231    52861    51792    25704    95898 
   39171    56208    38953    75968    38953    64579    36614   158041    54751    71350    32836    94077    51426     5951        0    42514    59692    70675    67663    55867    46764    92234    94077    44670     5951     8542   110547    57540    70675    49809    62129    59343    54077    60787    53380    58450    53380    47325   158041   110547    18797    27406    92234    27406    52783    48967    24544     5951    51426    62129    24544    56653    46603    64579    84609    57540    98683    32836    25145   101582    30748    25145    36530    67772    36614    71924    62586    56653   107278    12176    24544    44670    50059    13409    24544    62013    46233    57645    55102    50059    29861    57728    72591    53553    75968    29861    53979    12176    62165    13409    55102    28781    52783    55021    50965    46233    61629    36530    18523    29861    67663    62165    56208    13409    62665    11133    55021    57645    54751    28781    91980 
   96613    91970    52745    35854    52745    50581    89054   127276    26949    78539    15225    99088    24074    39503    42514        0    31890    30568    99857    22536     9732   122487    99088     9251    39503    37902   115558   104749    30568    27474    22022    19236    25682    92831    20050    50657    20050    15766   127276   115558    48806    83956   122487    83956    53015   103960    21693    39503    24074    22022    21693    54307    32133    50581   119228   104749    96000    15225    69517   107428    69912    69517    68649    27658    89054    31810    45921    54307   114460    30501    21693     9251    12869    57832    21693    27310   101805    48236    31405    12869    52730   102200   102844    30078    35854    52730    20741    30501    56958    57832    31405    25493    53015   108131    93979   101805   103992    68649    34719    52730    99857    56958    91970    57832    52919    46627   108131    48236    26949    25493   125437 
  109575   122060    82835    40676    82835    80569   103615   206158     8318   108629    28994   129628     8892    56707    59692    31890        0    38199   129947    13196    24155   138250   129628    40236    56707    55080   146098   127501    38199    18594    23047    27467     7951   122921    21215    81197    21215    16098   206158   146098    64553    97448   138250    97448    83555   119064    45607    56707     8892    23047    45607    84397    23786    80569   149318   127501   147551    28994    86578   150450    87090    86578    87575    32480   103615    36632    76012    84397   158688    47704    45607    40236    36303    69458    45607     7310   116366    78326    11266    36303    72450   128503   136987    12860    40676    72450    16312    47704    87506    69458    11266    56033    83555   125697   118814   116366   134082    87575    56487    72450   129947    87506   122060    69458    83010    60359   125697    78326     8318    56033   155977 
  120920    98528    77052    16060    77052    54565   115503   181607    41758    85097    40582   107190    36784    67553    70675    30568    38199        0   106415    27066    26461   131817   107190    21119    67553    66063   123660   129447        0    43826    17540    14873    35762    99389    21669    56926    21669    31971   181607   123660    73113   108793   131817   108793    63671   130409    47658    67553    36784    17540    47658    60566    49191    54565   125786   129447   102558    40582    93824   105458    98073    93824    92225    14182   115503    11491    50007    60566   121018    58657    47658    21119    15624    82577    47658    30888   126551    57076    44937    15624    77037   126179   113455    47136    16060    77037    31557    58657    59577    82577    44937    50239    63671   114689   118286   126551   110550    92225    59465    77037   106415    59577    98528    82577    55814    74677   114689    57076    41758    50239   133539 
   56870    12993    54052   124448    54052    58597    38712    34983   125005    17851   103091     8964   121681    65810    67663    99857   129947   106415        0   117632   106310    31346     8964    94182    65810    63816    25434    43912   106415   121425   111011   108060   108043     9563   114856    52468   114856   110862    34983    25434    49203    49565    31346    49565    47432    48930    83051    65810   121681   111011    83051    50930   108431    58597    24876    43912    11487   103091    46064    17304    68364    46064    32649   116252    38712   120405    56175    50930    22166    71759    83051    94182    97862    52632    83051   123776    38918    51534   125356    97862    41669    40643    11803   107714   124448    41669   117319    71759    55223    52632   125356    74959    47432    29154    43790    38918    24217    32649    81730    41669        0    55223    12993    52632    55934    77989    29154    51534   125005    74959    31695 
  108715   110069    72015    29303    72015    69414   100831   144920    14831    96638    26209   118804     9177    53922    55867    22536    13196    27066   117632        0    12969   142203   118804    25678    53922    51254   135274   123675    27066    18584    14389    16335     6894   110930     6792    70373     6792    11262   144920   135274    61800    95732   142203    95732    72731   115736    42838    53922     9177    14389    42838    72406    23218    69414   137546   123675   116119    26209    84778   127144    83264    84778    84790    21161   100831    25259    64020    72406   132559    44919    42838    25678    26228    66673    42838     6655   113582    67507    18273    26228    70829   124678   122560    20966    29303    70829     6073    44919    73861    66673    18273    45209    72731   122369   117734   113582   122091    84790    53702    70829   117632    73861   110069    66673    71272    57574   122369    67507    14831    45209   145153 
   96647    98423    59198    31776    59198    56932    90572   133730    19214    84993    16692   105972    15574    43663    46764     9732    24155    26461   106310    12969        0   129370   105972    18393    43663    42151   122442   114573    26461    19739    18055    15129    17901    99284    10483    57541    10483     8059   133730   122442    55259    85474   129370    85474    59899   106136    28605    43663    15574    18055    28605    60760    24426    56932   125681   114573   102453    16692    73650   114312    74162    73650    75533    23580    90572    27732    52375    60760   120913    34660    28605    18393    22011    56414    28605    18675   103323    54690    23670    22011    59184   115575   109728    22371    31776    59184    12107    34660    63842    56414    23670    32377    59899   114584   105886   103323   110445    75533    41603    59184   106310    63842    98423    56414    59373    50787   114584    54690    19214    32377   132321 
   81441    36435    78623   149019    78623    82738    63413    18865   150408    46603   128494    28370   129984    91213    92234   122487   138250   131817    31346   142203   129370        0    28370   119585    91213    88386    14391    58566   131817   146828   135298   132208   132613    34134   139427    76286   139427   135433    18865    14391    73774    73919        0    73919    72835    66696   107622    91213   129984   135298   107622    75501   133002    82738    11992    58566    33863   128494    67089    36029    92934    67089    56887   140823    63413   144975    80745    75501    30322    90704   107622   119585   122075    78035   107622   149179    55918    76104   150759   122075    66239    50322    24415   132285   149019    66239   141567    90704    79195    78035   150759   100362    72835    46303    57793    55918    36482    56887   107133    66239    31346    79195    36435    78035    80504   103392    46303    76104   150408   100362     7774 
   65845    21967    55224   125620    55224    59339    47816    27240   124714    22727   103846        0   121362    70179    94077    99088   129628   107190     8964   118804   105972    28370        0    95589    70179    88811    16093    52886   107190   122832   111899   108809   121950    18537   116028    52887   116028   112034    27240    16093    52976    58323    28370    58323    43659    57694    84223    70179   121362   111899    84223    43730   133426    59339    21995    52886     4465   103846    51493     7969    77338    51493    40940   117424    47816   121576    57346    43730    14424    69906    84223    95589    98676    56971    84223   125247    47794    52705   125207    98676    45066    49618    16523   123663   125620    45066   118168    69906    47424    56971   125207    74622    43659    38128    52764    47794    33191    40940    81398    45066     8964    47424    21967    56971    57105    82358    38128    52705   124714    74622    28823 
   94650    86295    50783    35495    50783    42332    89234   121601    35321    72864    22754    95589    31970    42948    44670     9251    40236    21119    94182    25678    18393   119585    95589        0    42948    40057   111203   102787    21119    36206    21774    18849    35678    87156    20223    44693    20223    24455   121601   111203    46844    82524   119585    82524    52815   104140    21389    42948    31970    21774    21389    48333    40822    42332   113553   102787    90325    22754    67555    93225    72067    67555    65956    27299    89234    31451    37774    48333   108785    32651    21389        0     6746    57632    21389    30233   101605    46274    40311     6746    50768   113946   101222    38767    35495    50768    30111    32651    47344    57632    40311    23962    52815   102456    92017   101605    98317    65956    30779    50768    94182    47344    86295    57632    43581    51390   102456    46274    35321    23962   120943 
   56109    61250    34090    72889    34090    59494    50693   152692    51792    47455    30924    70179    48441        0     5951    39503    56707    67553    65810    53922    43663    91213    70179    42948        0     5469    85793    74035    67553    49783    59168    56243    51070    58785    51809    53043    51809    44310   152692    85793    13935    43982    91213    43982    47925    65598    21527        0    48441    59168    21527    52106    46648    59494    88508    74035    94084    30924    33112    96984    33349    33112    38495    64693    50693    68846    57502    52106   105222     9160    21527    42948    46557    12911    21527    59484    63403    52861    52285    46557    25158    75037    70663    50741    72889    25158    50827     9160    57908    12911    52285    25704    47925    72231    65348    63403    64509    38495    15451    25158    65810    57908    61250    12911    57261    12044    72231    52861    51792    25704    95898 
   57614    80631    33687    71355    33687    59313    49730   152775    50138    66084    28224    88811    46814     5469     8542    37902    55080    66063    63816    51254    42151    88386    88811    40057     5469        0   105281    73209    66063    46558    57516    54730    49464    56939    48768    53185    48768    42712   152775   105281    13532    44632    88386    44632    47518    64636    19932     5469    46814    57516    19932    51387    44173    59313    80064    73209    93417    28224    33677    96317    35940    33677    37711    63159    49730    67311    57320    51387   102012     7563    19932    40057    45447    16203    19932    57400    62481    52379    50489    45447    24769    74441    68744    48940    71355    24769    49366     7563    56899    16203    50489    22037    47518    71268    66633    62481    64120    37711    11779    24769    63816    56899    80631    16203    57399    15317    71268    52379    50138    22037   115160 
   76299    31293    71694   142090    71694    75809    58271    13240   141184    39197   120316    16093   137832    85793   110547   115558   146098   123660    25434   135274   122442    14391    16093   111203    85793   105281        0    60254   123660   138446   128369   125279   138420    28992   132498    69357   132498   128504    13240        0    69446    68777    14391    68777    59182    68385   100693    85793   137832   128369   100693    60470   149896    75809    14945    60254    21205   120316    61948    23371    87793    61948    51745   133894    58271   138046    73817    60470    20924    86376   100693   111203   115146    72585   100693   141717    63408    69176   141677   115146    61536    52011    24056   140133   142090    61536   134638    86376    64164    72585   141677    91092    59182    47992    59482    63408    38111    51745    97868    61536    25434    64164    31293    72585    73576    97972    47992    69176   141184    91092    23023 
   33118    33420    77823   134349    77823    81629    27880    71571   122560    49884   100645    52886   119235    74035    57540   104749   127501   129447    43912   123675   114573    58566    52886   102787    74035    73209    60254        0   129447   105495   120510   117724   121885    37584   121189    75500   121189   115133    71571    60254    56535    32731    58566    32731    70465    16972    92353    74035   119235   120510    92353    74334   117824    81629    45508        0    55409   100645    35232    61226    44705    35232    36029   126153    27880   130305    79636    74334    66087    79984    92353   102787   108177    48072    92353   129822    15248    74695   122910   108177    49893     8808    41546   121361   134349    49893   121788    79984    88012    48072   122910    79852    70465    17314    13416    15248    27282    36029    83708    49893    43912    88012    33420    48072    79715    59473    17314    74695   122560    79852    52879 
  120920    98528    77052    16060    77052    54565   115503   181607    41758    85097    40582   107190    36784    67553    70675    30568    38199        0   106415    27066    26461   131817   107190    21119    67553    66063   123660   129447        0    43826    17540    14873    35762    99389    21669    56926    21669    31971   181607   123660    73113   108793   131817   108793    63671   130409    47658    67553    36784    17540    47658    60566    49191    54565   125786   129447   102558    40582    93824   105458    98073    93824    92225    14182   115503    11491    50007    60566   121018    58657    47658    21119    15624    82577    47658    30888   126551    57076    44937    15624    77037   126179   113455    47136    16060    77037    31557    58657    59577    82577    44937    50239    63671   114689   118286   126551   110550    92225    59465    77037   106415    59577    98528    82577    55814    74677   114689    57076    41758    50239   133539 
   87244   113539    74314    46847    74314    72048    95638   197637    13680   100108    20486   122832    10328    49783    49809    27474    18594    43826   121425    18584    19739   146828   122832    36206    49783    46558   138446   105495    43826        0    31251    32320    12957   114400    22888    72748    22888    11682   197637   138446    56032    75117   146828    75117    74415    97059    37086    49783    10328    31251    37086    75876     4616    72048   140797   105495   139029    20486    72456   141929    68616    72456    83440    38651    95638    42804    67490    75876   150167    39153    37086    36206    39756    62534    37086    19096   108348    69805    10104    39756    63928   105857   128466     8566    46847    63928    15489    39153    78985    62534    10104    47493    74415   117176    99161   108348   125561    83440    47936    63928   121425    78985   113539    62534    74488    47927   117176    69805    13680    47493   148187 
  112373   103125    68506    18114    68506    59889   105415   138431    24960    89694    32197   111899    24083    59168    62129    22022    23047    17540   111011    14389    18055   135298   111899    21774    59168    57516   128369   120510    17540    31251        0     6809    22023   103986     8341    60924     8341    19541   138431   128369    64567   100317   135298   100317    68381   120321    39112    59168    24083        0    39112    65163    35863    59889   130382   120510   107155    32197    85278   120240    89527    85278    85010     9918   105415    14070    54604    65163   125615    50166    39112    21774    16703    74193    39112    17146   118166    63997    28402    16703    68491   130775   115656    33808    18114    68491    18252    50166    64336    74193    28402    41854    68381   119286   109740   118166   115147    85010    51080    68491   111011    64336   103125    74193    60411    66292   119286    63997    24960    41854   138248 
  109587   100173    65720    20530    65720    56210   104171   135480    30351    86743    29272   108809    26053    56243    59343    19236    27467    14873   108060    16335    15129   132208   108809    18849    56243    54730   125279   117724    14873    32320     6809        0    25031   101035    10938    57834    10938    20639   135480   125279    61781    97461   132208    97461    65290   119077    36326    56243    26053     6809    36326    62212    37005    56210   127431   117724   104204    29272    82492   107103    86741    82492    82085    12334   104171    16486    51652    62212   122664    47325    36326    18849    13248    71268    36326    19435   115241    58721    34214    13248    65705   127824   115100    34950    20530    65705    20826    47325    61222    71268    34214    38929    65290   116335   106954   115241   112195    82085    48155    65705   108060    61222   100173    71268    57460    63367   116335    58721    30351    38929   135158 
  105863   113770    75161    39637    75161    73443    97979   148067     7459    99223    23357   121950     3867    51070    54077    25682     7951    35762   108043     6894    17901   132613   121950    35678    51070    49464   138420   121885    35762    12957    22023    25031        0   101166    15456    73519    15456     9916   148067   138420    58948    92880   132613    92880    75877   112884    39986    51070     3867    22023    39986    76135    17394    73443   140693   121885   141665    23357    81926   144565    81475    81926    81938    31441    97979    35593    68303    76135   135151    42067    39986    35678    34925    63821    39986     5387   110730    70653    10901    34925    66834   122690   112971    13466    39637    66834     8698    42067    79821    63821    10901    48355    75877   119517   114882   110730   127022    81938    50850    66834   108043    79821   113770    63821    75301    54722   119517    70653     7459    48355   148299 
   50062     6274    47765   117824    47765    51571    31686    44654   117980    20403    96065    18537   114655    58785    60787    92831   122921    99389     9563   110930    99284    34134    18537    87156    58785    56939    28992    37584    99389   114400   103986   101035   101166        0   107531    45443   107531   105345    44654    28992    42426    42540    34134    42540    40407    41904    77532    58785   114655   103986    77532    44277   101554    51571    25811    37584    21061    96065    39039    26878    61487    39039    25623   109376    31686   113781    49578    44277    31738    64734    77532    87156    90837    45606    77532   116751    31892    44637   118330    90837    34792    34316    14491   116782   117824    34792   110294    64734    48198    45606   118330    67934    40407    22346    36966    31892    17889    25623    74705    34792     9563    48198     6274    45606    49657    70963    22346    44637   117980    67934    34483 
  106602   106670    67108    23906    67108    64017    98718   142144    20135    93240    24837   116028    15445    51809    53380    20050    21215    21669   114856     6792    10483   139427   116028    20223    51809    48768   132498   121189    21669    22888     8341    10938    15456   107531        0    65052        0    11200   142144   132498    59688    93620   139427    93620    67824   113623    40726    51809    15445     8341    40726    68708    27522    64017   134770   121189   113343    24837    82665   124368    80778    82665    82677    15764    98718    19862    58149    68708   129160    42806    40726    20223    20831    64560    40726    11347   111469    62600    23998    20831    67079   122191   119784    25269    23906    67079     9888    42806    68464    64560    23998    40303    67824   123920   115621   111469   118692    82677    49528    67079   114856    68464   106670    64560    65876    58932   123920    62600    20135    40303   142377 
   66371    44581    12193    74645    12193     6520    60955    79888    76328    31151    54414    52887    72931    53043    58450    50657    81197    56926    52468    70373    57541    76286    52887    44693    53043    53185    69357    75500    56926    72748    60924    57834    73519    45443    65052        0    65052    63603    79888    69357    28409    54244    76286    54244     4557    75860    35792    53043    72931    60924    35792     4191    70312     6520    71839    75500    41267    54414    45869    44166    71712    45869    42101    66449    60955    70601     6371     4191    52404    43930    35792    44693    47701    47878    35792    74287    71904     3032    76679    47701    26304    72232    59508    75232    74645    26304    69737    43930     8498    47878    76679    26282     4557    60743    72359    71904    56603    42101    33053    26304    52468     8498    44581    47878     4305    65222    60743     3032    76328    26282    79236 
  106602   106670    67108    23906    67108    64017    98718   142144    20135    93240    24837   116028    15445    51809    53380    20050    21215    21669   114856     6792    10483   139427   116028    20223    51809    48768   132498   121189    21669    22888     8341    10938    15456   107531        0    65052        0    11200   142144   132498    59688    93620   139427    93620    67824   113623    40726    51809    15445     8341    40726    68708    27522    64017   134770   121189   113343    24837    82665   124368    80778    82665    82677    15764    98718    19862    58149    68708   129160    42806    40726    20223    20831    64560    40726    11347   111469    62600    23998    20831    67079   122191   119784    25269    23906    67079     9888    42806    68464    64560    23998    40303    67824   123920   115621   111469   118692    82677    49528    67079   114856    68464   106670    64560    65876    58932   123920    62600    20135    40303   142377 
   99104   104483    65258    35106    65258    63527    91219   138151    11157    91053    16597   112034     8282    44310    47325    15766    16098    31971   110862    11262     8059   135433   112034    24455    44310    42712   128504   115133    31971    11682    19541    20639     9916   105345    11200    63603    11200        0   138151   128504    52186    86121   135433    86121    65961   106125    33240    44310     8282    19541    33240    66821    16366    63527   131741   115133   109349    16597    75166   120374    74723    75166    75178    26963    91219    31115    58435    66821   126974    35307    33240    24455    28073    57061    33240    15006   103970    60737    15613    28073    65244   116136   115790    14312    35106    65244     5713    35307    69904    57061    15613    38439    65961   112758   106447   103970   116505    75178    44091    65244   110862    69904   104483    57061    65433    47963   112758    60737    11157    38439   138383 
   91976    48083    81340   195625    81340    86016    73601        0   201217    48843   179303    27240   197892   152692   158041   127276   206158   181607    34983   144920   133730    18865    27240   121601   152692   152775    13240    71571   181607   197637   138431   135480   148067    44654   142144    79888   142144   138151        0    13240    79093    84454    18865    84454    68675    79745   110339   152692   197892   138431   110339    70106   197390    86016    26261    71571    30796   179303    77259    23323   103455    77259    66592   143541    73601   147693    83463    70106    16658   158642   110339   121601   125282    82983   110339   151196    73807    79082   201568   125282    71182    63327    35368   149780   195625    71182   144739   158642    73634    82983   201568   102379    68675    59328    70798    73807    49427    66592   109150    71182    34983    73634    48083    82983    83222   164871    59328    79082   201217   102379    26135 
