dep86 0 0 60
**************************************DATA
11 152 480 8 1.33
**************************************DISTANCE
       0    22035    32352   116721    13235    97639    78820    39258    72021    22055    70970    65668    70965    40919    48489    22055    38608    39199    31692   100637    66027    22945    66027    60504    98867    24211    48500    52969    52543    46668    29107    52543    46708    16306    77016    37605    28922    77016    74103    62843    67467    70970    57250    32078   115704    47768   103470    56129    22055    31673    80091    28543    47452   103470    71639    51224    79889    46708    79889    43679    76526    97639    76526    17306    20612    29107    48500    42646    22035    92072    67618    20857    86601    67467    66027   103470    70970    52969    46668    77016    35813    49750   111663    71639    43352    98867    65668    29107    54554    65439    22035    97639    97639    65668    52585    49738    60556    39258    46708   103470    47666    88329    27109    65619    72695    27015    31692    86601    86126    31673    57250    29568    86601    52543    25563    77016    30346    65439    92177    40919    58031    36918    71639     8629    58719    58031   102707    86126    39602    62745    27727    58719    27109    17306    29568    89816    94347    76526    16946    27402    52585    48717    48489    48717    66027    56129    16287    27727   111663    27402    65619     9312    97639 
   22035        0    32468   105074    35799    87834    64120    17741    50784     8213    75320    58196    72032    19917    64558     8213    34923    21490    13024    88991    55997    21573    55997    41622    87301    22516    44778    35907    33700    61966    13485    33700    52300    28631    69078    16271    23155    69078    58090    41252    77137    75320    57278    26203   102697    47796    88852    37286     8213    16108    68445    15607    26223    88852    55626    32985    71997    52300    71997    40084    61961    87834    61961    37997    33336    13485    44778    39055        0    80883    69663    24175    75801    77137    55997    88852    75320    35907    61966    69078    22812    30920    96918    55626    37384    87301    58196    13485    39854    46596        0    87834    87834    58196    55457    48759    42363    17741    52300    88852    60235    77192    23786    66686    60533    15403    13024    75801    74480    16108    57278    47511    75801    33700    35784    69078    44757    46596    77557    19917    43051    55553    55626    15874    61729    43051    88125    74480    41357    47867    27843    61729    23786    37997    47511    79033    82814    61961    15819    37657    55457    31656    64558    31656    55997    37286    12859    27843    96918    37657    66686    31347    87834 
   32352    32468        0    92489    39860    73407    54588    42580    47789    38507    39668    41436    40190    53460    32438    38507    12543    33362    34554    76405    41795    47388    41795    65001    74635    12263    24268    51363    30706    47935    44449    30706    28217    17274    52784    40927    19265    52784    49871    38611    36165    39668    25948    10866    91472    16466    79238    34855    38507    48094    33246    22833    50774    79238    47407    46735    55657    28217    55657    12943    52293    73407    52293    44254    11741    44449    24268    12143    32468    47767    38230    56995    62369    36165    41795    79238    39668    51363    47935    52784    28049    30095    87431    47407    21637    74635    41436    44449    30322    57861    32468    73407    73407    41436    23615    20010    56930    42580    28217    79238    28393    66302    49612    34844    48462    46435    34554    62369    61894    48094    25948    51582    62369    30706    14465    52784    29639    57861    67945    53460    33799    38185    47407    35546    29887    33799    78475    61894     8393    38513     5773    29887    49612    44254    51582    68143    70115    52293    18482     8033    23615    39739    32438    39739    41795    34855    21704     5773    87431     8033    34844    27769    73407 
  116721   105074    92489        0   131645    16931    29221   109502    57424   120675    48533    42495    64611   118021    86507   120675    79171    89788    93368    41244    40972   130843    40972    70405    38808    94250    71135    60998    83963   107040   113755    83963    77209   101643    33546   101245    92414    33546    39889    57056    50564    48533    59330    88957    27975    60125    19516    89002   120675   114498    42858    92477   110967    19516    43400    73981    34737    77209    34737    84075    32681    16931    32681   129965    96109   113755    71135    79552   105074    47059    65142   136879    38042    50564    40972    19516    48533    60998   107040    33546    86412    81377    24219    43400    75320    38808    42495   113755    52820    64233   105074    16931    16931    42495    70724    75125    66792   109502    77209    19516    81322    28969   128214    58146    36781   121499    93368    38042    31558   114498    59330   149108    38042    83963   104353    33546    92333    64233    15927   118021    45245   100114    43400   117335    67873    45245    12607    31558    68261    46286    90617    67873   128214   129965   149108    37232    36165    32681   100469    97594    70724    67543    86507    67543    40972    89002   102704    90617    24219    97594    58146   112228    16931 
   13235    35799    39860   131645        0   112563    93744    49750    86946    34962    76540    80593    75785    44923    53691    34962    46121    52915    44497   115562    74077    27951    74077    73047   118726    31809    63425    67332    65197    31207    38176    65197    59362    23905    84653    49953    41576    84653    89028    66575    73037    76540    64820    44373   125017    53879   111172    68783    34962    45516    72630    41197    59905   111172    86564    63878    87573    59362    87573    58603    84281   112563    84281     6548    28119    38176    63425    50253    35799    84044    72811    20111   107226    73037    74077   111172    76540    67332    31207    84653    48467    62405   119238    86564    55470   118726    80593    38176    62202    78093    35799   112563   112563    80593    57405    57363    73210    49750    59362   111172    52858   108617    31571    70823    78613    37814    44497   107226   101051    45516    64820    12030   107226    65197    33206    84653    33827    78093    99877    44923    72955    32063    86564    21867    64062    72955   110445   101051    52854    70187    35371    64062    31571     6548    12030   110459   109272    84281    33990    38632    57405    61371    53691    61371    74077    68783    28941    35371   119238    38632    70823    12091   112563 
   97639    87834    73407    16931   112563        0    19799    92262    48002   103435    61457    47894    77535   100781    97613   103435    60089    72548    76128    53999    42809   113603    42809    60984    51732    75168    50927    51577    59475   112457    96515    59475    59969    82561    31842    84005    73332    31842    30467    47634    58130    61457    67197    69875    19886    67992     5831    53972   103435    91578    48811    69557    93727     5831    33979    64560    37647    59969    37647    64993    23260        0    23260   110883    77027    96515    50927    60471    87834    59983    78066   119639    40782    58130    42809     5831    61457    51577   112457    31842    69172    58125    14107    33979    56238    51732    47894    96515    42871    53797    87834        0        0    47894    83648    56043    57371    92262    59969     5831    93555    41893   110974    71070    38618    98580    76128    40782    44313    91578    67197   124056    40782    59475    85271    31842    95249    53797    12839   100781    41672   106044    33979    98254    80797    41672     5315    44313    71515    36864    71535    80797   110974   110883   124056    36694    49089    23260    81387    78512    83648    58122    97613    58122    42809    53972    83622    71535    14107    78512    71070    93146        0 
   78820    64120    54588    29221    93744    19799        0    73443    26868    84616    45059    28993    61136    76962    78794    84616    41270    53729    57309    51760    23990    94784    23990    41002    49298    56349    32026    32758    40574    93638    77696    40574    41150    63742    13023    65186    54513    13023    10485    28815    46965    45059    63335    51056    39502    55687    25657    32806    84616    72677    37618    50656    74908    25657    13997    45741    18828    41150    18828    46174     4441    19799     4441    92064    58208    77696    32026    41652    64120    43585    61668    96621    21963    46965    23990    25657    45059    32758    93638    13023    50353    39306    33723    13997    37419    49298    28993    77696    24052    33862    64120    19799    19799    28993    69958    37224    34600    73443    41150    25657    74737    35882    92155    54671    19799    79679    57309    21963    37137    72677    63335   105155    21963    40574    66453    13023    76430    33862    14363    76962    22771    87226    13997    78320    64398    22771    24931    37137    52696    18045    52716    64398    92155    92064   105155    27059    46655     4441    62568    59693    69958    39303    78794    39303    23990    32806    64803    52716    33723    59693    54671    74327    19799 
   39258    17741    42580   109502    49750    92262    73443        0    45745    13780    79779    62623   102894    11155    74670    13780    45394    25950    20470    93418    60457    23948    60457    37055    91760    32628    49205    38137    38127    72078     6860    38127    56759    38743    73537    12645    33150    73537    62377    45711    81597    79779    72909    36315   107156    63019    93311    41713    13780     6133    72872    26830    12552    93311    60086    28417    76457    56759    76457    62169    66420    92262    66420    55933    43448     6860    49205    57647    17741    85343   103426    30077    80260    81597    60457    93311    79779    38137    72078    73537    31509    35380   101377    60086    41843    91760    62623     6860    44313    41827    17741    92262    92262    62623    65569    53219    37795        0    56759    93311    70347    81651    21250    96429    64992    13135    20470    80260    78907     6133    72909    50863    80260    38127    45458    73537    54869    41827    82017    11155    47478    65665    60086    25031    71841    47478    92585    78907    51469    52326    37956    71841    21250    55933    50863    83493    87273    66420    25931    47769    65569    33843    74670    33843    60457    41713    22971    37956   101377    47769    96429    45276    92262 
   72021    50784    47789    57424    86946    48002    26868    45745        0    56919    57952    38673    67593    54599    71995    56919    34472    24044    31347    72071    28571    67086    28571    20390    69933    49550    25136     9836    27800    86839    49998    27800    34351    56943    31578    38552    47714    31578    14839    11504    59769    57952    56445    44257    67710    48797    53865    14075    56919    50314    51525    35863    39604    53865    11514    21801    36281    34351    36281    39375    26974    48002    26974    85265    51410    49998    25136    34853    50784    63515    68125    74258    35476    59769    28571    53865    57952     9836    86839    31578    34393    19212    61931    11514    30621    69933    38673    49998    18090    13080    50784    48002    48002    38673    63159    30425    12766    45745    34351    53865    67938    59824    64457    74602    29040    57316    31347    35476    57560    50314    56445    93951    35476    27800    59654    31578    69631    13080    42571    54599    21483    80427    11514    67117    69431    21483    53139    57560    45897    15518    45917    69431    64457    85265    93951    61666    65446    26974    55769    52894    63159    16051    71995    16051    28571    14075    58004    45917    61931    52894    74602    67528    48002 
   22055     8213    38507   120675    34962   103435    84616    13780    56919        0    91524    73797    77334    15609    70597        0    41172    36971    21237   104592    71441    14096    71441    48799   102822    28555    51064    48839    49301    68385     9175    49301    43466    34670    84086    17948    29216    84086    73551    57009    70358    91524    63092    32372   121501    53609   109266    52887        0    11798    84046    23820    25414   109266    71087    38787    88201    43466    88201    46243    82322   103435    82322    36952    39155     9175    51064    45095     8213    97087    75702    18930    92004    70358    71441   109266    91524    48839    68385    84086    42170    46508   117460    71087    43646   102822    73797     9175    55175    53001     8213   103435   103435    73797    60758    52302    48118    13780    43466   109266    66275    93395    15851    71987    79765     8590    21237    92004    90081    11798    63092    39259    92004    49301    41443    84086    50796    53001    97973    15609    58652    61592    71087    13431    67768    58652   108504    90081    46403    68541    33662    67768    15851    36952    39259    95237    98302    82322    21858    43696    60758    44545    70597    44545    71441    52887    17864    33662   117460    43696    71987    31423   103435 
   70970    75320    39668    48533    76540    61457    45059    79779    57952    91524        0    20560    18502    88162    42357    91524    39672    59699    63637    29525    24884   100787    24884    91933    27755    48825    40514    61526    53342    65684    84024    53342    50928    56218    32660    71300    49550    32660    46632    48774     5732        0    14684    41840    71642    23223    63952    58381    91524    83877    10405    61856    80447    63952    57570    67803    28918    50928    28918    27154    41143    61457    41143    71678    49077    84024    40514    35598    75320     6643    20991   107821    24238     5732    24884    63952        0    61526    65684    32660    56500    53575    67243    57570    35805    27755    20560    84024    40485    68024    75320    61457    61457    20560    19720    30259    67092    79779    50928    63952    34158    20159   106378    13994    29419    90878    63637    24238    17626    83877    14684    89635    24238    53342    45442    32660    48750    68024    44637    88162    35778    56480    57570    69077    23721    35778    56970    17626    31185    36293    44992    23721   106378    71678    89635    21688    23235    41143    55819    40269    19720    62544    42357    62544    24884    58381    55235    44992    67243    40269    13994    66699    61457 
   65668    58196    41436    42495    80593    47894    28993    62623    38673    73797    20560        0    38636    71143    50680    73797    28119    42910    46489    37097     5324    83964     5324    74612    35293    43197    19254    42247    24496    69059    66876    24496    30331    50590    16572    54367    41361    16572    29195    29338    19612    20560    26061    37904    60548    22378    51947    33870    73797    66150    10962    43284    64089    51947    26612    51085    15788    30331    15788    22465    25084    47894    25084    78912    45057    66876    19254    28500    58196    23627    41710    90000    11325    19612     5324    51947    20560    42247    69059    16572    39533    34499    57642    26612    22008    35293        0    66876    20910    48743    58196    47894    47894        0    31089    15132    48041    62623    30331    51947    46623    25185    81336    34713     9859    73143    46489    11325    22509    66150    26061    92410    11325    24496    53301    16572    54352    48743    33926    71143    17067    62133    26612    66283    38613    17067    46706    22509    26496    18746    39564    38613    81336    78912    92410    15786    30807    25084    49416    46541    31089    38755    50680    38755     5324    33870    51652    39564    57642    46541    34713    61176    47894 
   70965    72032    40190    64611    75785    77535    61136   102894    67593    77334    18502    38636        0   111276    33228    77334    49360    80699    84279    28354    42413    86668    42413   112401    31848    51310    43913    73283    76457    62109   104666    76457    74043    53388    46817    92157    58953    46817    66001    60374    16277    18502    17110    51244    85873    28374    78054    63341    77334   106991    33183    61393   101878    78054    69326    90918    43120    74043    43120    36569    55300    77535    55300    71308    50787   104666    43913    45026    72032    15462    11377    96558    38416    16277    42413    78054    18502    73283    62109    46817    79615    76690    83749    69326    45242    31848    38636   104666    52360    77665    72032    77535    77535    38636    18358    39678    79076   102894    74043    78054    30104    34279    89176     6898    44710   113993    84279    38416    33703   106991    17110    89265    38416    76457    45786    46817    47388    77665    58578   111276    58893    54457    69326    75110    14961    58893    71145    33703    35684    61989    45337    14961    89176    71308    89265    35807    26845    55300    57529    40791    18358    85659    33228    85659    42413    63341    61268    45337    83749    40791     6898    66472    77535 
   40919    19917    53460   118021    44923   100781    76962    11155    54599    15609    88162    71143   111276        0    92407    15609    53776    34332    28853   101938    68839    19121    68839    45437   100143    43508    57725    46519    46647    75278    11494    46647    65142    49622    81920    21027    41533    81920    70897    54093    89979    88162    81428    48867   115539    71539   101694    50233    15609     7649    81392    35350    27524   101694    68468    36800    84839    65142    84839    70551    74803   100781    74803    51107    54328    11494    57725    66029    19917    93725   111808    28605    88643    89979    68839   101694    88162    46519    75278    81920    39891    43762   109760    68468    50225   100143    71143    11494    52696    50347    19917   100781   100781    71143    83570    61601    46178    11155    65142   101694    88349    90034    19410   104812    73375     9543    28853    88643    87427     7649    81428    49390    88643    46647    56775    81920    65749    50347    90399        0    55998    76544    68468    26858    89843    55998   100967    87427    66309    60709    48835    89843    19410    51107    49390    91875    95656    74803    36811    58648    83570    42225    92407    42225    68839    50233    33851    48835   109760    58648   104812    50232   100781 
   48489    64558    32438    86507    53691    97613    78794    74670    71995    70597    42357    50680    33228    92407        0    70597    40486    63944    66473    58487    54820    71427    54820   108205    60756    43557    48474    75570    56019    36424    76368    56019    53530    37324    70634    75545    51005    70634    74077    62817    35350    42357    27195    43296   109616    28302   103444    60168    70597    80184    47053    53654    84724   103444    71613    72048    66892    53530    66892    33313    76500    97613    76500    48829    38022    76368    48474    36856    64558    44617    25025    69355    62271    35350    54820   103444    42357    75570    36424    70634    59023    55408   111637    71613    45843    60756    50680    76368    54528    82067    64558    97613    97613    50680    19780    44731    81136    74670    53530   103444     6603    58134    75607    28795    59356    78525    66473    62271    55600    80184    27195    66786    62271    56019    27042    70634    24912    82067    82611    92407    58005    27133    71613    57127    19473    58005    94944    55600    27945    62719    37597    19473    75607    48829    66786    59662    56579    76500    49190    32496    19780    65052        0    65052    54820    60168    52769    37597   111637    32496    28795    44005    97613 
   22055     8213    38507   120675    34962   103435    84616    13780    56919        0    91524    73797    77334    15609    70597        0    41172    36971    21237   104592    71441    14096    71441    48799   102822    28555    51064    48839    49301    68385     9175    49301    43466    34670    84086    17948    29216    84086    73551    57009    70358    91524    63092    32372   121501    53609   109266    52887        0    11798    84046    23820    25414   109266    71087    38787    88201    43466    88201    46243    82322   103435    82322    36952    39155     9175    51064    45095     8213    97087    75702    18930    92004    70358    71441   109266    91524    48839    68385    84086    42170    46508   117460    71087    43646   102822    73797     9175    55175    53001     8213   103435   103435    73797    60758    52302    48118    13780    43466   109266    66275    93395    15851    71987    79765     8590    21237    92004    90081    11798    63092    39259    92004    49301    41443    84086    50796    53001    97973    15609    58652    61592    71087    13431    67768    58652   108504    90081    46403    68541    33662    67768    15851    36952    39259    95237    98302    82322    21858    43696    60758    44545    70597    44545    71441    52887    17864    33662   117460    43696    71987    31423   103435 
   38608    34923    12543    79171    46121    60089    41270    45394    34472    41172    39672    28119    49360    53776    40486    41172        0    25314    28371    63088    28478    50507    28478    70165    61318    16137    10951    37681    17389    54196    48758    17389    14900    23530    39466    36248    18474    39466    36554    24773    36170    39672    36097    10844    79574    20214    65729    21537    41172    49491    42542    21123    45970    65729    34090    33418    42129    14900    42129    13101    38838    60089    38838    50515    18001    48758    10951     5342    34923    55048    45856    59450    40595    36170    28478    65729    39672    37681    54196    39466    15691    16778    74114    34090     7888    61318    28119    48758    16759    44543    34923    60089    60089    28119    31630    11919    43612    45394    14900    65729    36429    51357    52067    43741    33169    48890    28371    40595    48577    49491    36097    64836    40595    17389    26302    39466    36218    44543    54434    53776    20481    47014    34090    38001    37922    20481    65158    48577    13260    24744    12563    37922    52067    50515    64836    53198    56798    38838    22356    19126    31630    26422    40486    26422    28478    21537    24159    12563    74114    19126    43741    34115    60089 
   39199    21490    33362    89788    52915    72548    53729    25950    24044    36971    59699    42910    80699    34332    63944    36971    25314        0     8650    73705    40377    47139    40377    23732    71934    25399    29492    15117    18414    73071    30051    18414    12579    37900    53199    17541    15751    53199    34426    22355    61517    59699    53195    23085    87076    43306    73231    13004    36971    30047    53159    12518    20995    73231    31962    14278    56377    12579    56377    36192    46340    72548    46340    54952    34092    30051    29492    37567    21490    65263    83346    53991    60180    61517    40377    73231    59699    15117    73071    53199     9682    12911    86572    31962    21763    71934    42910    30051    24233    22999    21490    72548    72548    42910    54722    33139    19322    25950    12579    73231    59887    61571    52548    76349    44912    37049     8650    60180    59194    30047    53195    64657    60180    18414    46129    53199    54026    22999    61937    34332    27765    64822    31962    37823    61380    27765    77617    59194    36352    32246    28599    61380    52548    54952    64657    63413    67415    46340    25089    41304    54722    10865    63944    10865    40377    13004    23981    28599    86572    41304    76349    44433    72548 
   31692    13024    34554    93368    44497    76128    57309    20470    31347    21237    63637    46489    84279    28853    66473    21237    28371     8650        0    77284    44133    34138    44133    29955    75514    24602    33072    22419    21993    64652    25294    21993    16159    30999    56779    11992    14059    56779    46243    29702    65455    63637    56775    21393    94193    42377    81959    25579    21237    24568    56738     9395    21138    81959    43779    20674    59652    16159    59652    35264    55014    76128    55014    46533    35422    25294    33072    32013    13024    68719    86768    37145    63248    65455    44133    81959    63637    22419    64652    56779    14862    19201    90152    43779    25832    75514    46489    25294    27868    34889    13024    76128    76128    46489    57025    38108    30006    20470    16159    81959    61803    64976    47069    79771    52457    31569        0    63248    62773    24568    56775    56239    63248    21993    37710    56779    48329    34889    70666    28853    31345    54901    43779    29404    63298    31345    81196    62773    35423    41234    29929    63298    47069    46533    56239    66463    70994    55014    17905    39743    57025    18167    66473    18167    44133    25579    15563    29929    90152    39743    79771    37203    76128 
  100637    88991    76405    41244   115562    53999    51760    93418    72071   104592    29525    37097    28354   101938    58487   104592    63088    73705    77284        0    41345   114759    41345   105407     5165    78166    54297    75646    67126    87367    97671    67126    61126    85559    39368    85162    76330    39368    56680    62737    35272    29525    48614    72873    64402    45856    56583    72165   104592    97660    29166    75640    94884    56583    71689    81880    34959    61126    34959    50722    47851    53999    47851   113881    80026    97671    54297    63469    88991    28051    36919   120795    31421    35272    41345    56583    29525    75646    87367    39368    70328    65293    62278    71689    59237     5165    37097    97671    53404    81808    88991    53999    53999    37097    51716    59041    81440    93418    61126    56583    55363    20937   112131    39137    37716   104662    77284    31421    18112    97660    48614   132271    31421    67126    67049    39368    77041    81808    46690   101938    49562    79715    71689   101252    41976    49562    49674    18112    52969    54994    74533    41976   112131   113881   132271    25920     6885    47851    84385    62133    51716    78468    58487    78468    41345    72165    86620    74533    62278    62133    39137    96144    53999 
   66027    55997    41795    40972    74077    42809    23990    60457    28571    71441    24884     5324    42413    68839    54820    71441    28478    40377    44133    41345        0    81608        0    72256    39574    43556    19663    35031    34020    82153    64520    34020    31605    50949    11248    52011    46431    11248    20895    26199    23752    24884    30192    38263    55224    26507    46623    33948    71441    64554    15205    42534    61733    46623    21276    48481    10464    31605    10464    26725    19760    42809    19760    78471    45958    64520    19663    28859    55997    27951    46034    88498    10250    23752        0    46623    24884    35031    82153    11248    37178    34253    52354    21276    22366    39574     5324    64520    18022    38643    55997    42809    42809     5324    35228    17213    37711    60457    31605    46623    50763    25241    87056    39037     4535    71556    44133    10250    26834    64554    30192    92792    10250    34020    54259    11248    63637    38643    28602    68839    14248    74433    21276    65958    42753    14248    41452    26834    30756    15859    40520    42753    87056    78471    92792    16359    35055    19760    49775    46900    35228    38833    54820    38833        0    33948    52116    40520    52354    46900    39037    61534    42809 
   22945    21573    47388   130843    27951   113603    94784    23948    67086    14096   100787    83964    86668    19121    71427    14096    50507    47139    34138   114759    81608        0    81608    58234   112989    37436    60399    59006    59468    59528    18776    59468    53634    39252    94254    33034    38551    94254    83718    67177    79693   100787    72426    41707   131668    62944   119434    63054    14096    19714    94213    38172    35499   119434    81254    48954    97127    53634    97127    55578    92489   113603    92489    34868    43549    18776    60399    53975    21573   106194    84582     9167   101268    79693    81608   119434   100787    59006    59528    94254    52337    56676   127627    81254    52981   112989    83964    18776    65343    63169    21573   113603   113603    83964    70093    61637    58286    23948    53634   119434    70603   102659     5311    81322    89932    12012    34138   101268   100248    19714    72426    29952   101268    59468    48500    94254    51642    63169   108141    19121    68820    59855    81254    15279    76366    68820   118671   100248    55737    78709    42997    76366     5311    34868    29952   104501   108469    92489    30973    50348    70093    54712    71427    54712    81608    63054    27199    42997   127627    50348    81322    32250   113603 
   66027    55997    41795    40972    74077    42809    23990    60457    28571    71441    24884     5324    42413    68839    54820    71441    28478    40377    44133    41345        0    81608        0    72256    39574    43556    19663    35031    34020    82153    64520    34020    31605    50949    11248    52011    46431    11248    20895    26199    23752    24884    30192    38263    55224    26507    46623    33948    71441    64554    15205    42534    61733    46623    21276    48481    10464    31605    10464    26725    19760    42809    19760    78471    45958    64520    19663    28859    55997    27951    46034    88498    10250    23752        0    46623    24884    35031    82153    11248    37178    34253    52354    21276    22366    39574     5324    64520    18022    38643    55997    42809    42809     5324    35228    17213    37711    60457    31605    46623    50763    25241    87056    39037     4535    71556    44133    10250    26834    64554    30192    92792    10250    34020    54259    11248    63637    38643    28602    68839    14248    74433    21276    65958    42753    14248    41452    26834    30756    15859    40520    42753    87056    78471    92792    16359    35055    19760    49775    46900    35228    38833    54820    38833        0    33948    52116    40520    52354    46900    39037    61534    42809 
   60504    41622    65001    70405    73047    60984    41002    37055    20390    48799    91933    74612   112401    45437   108205    48799    70165    23732    29955   105407    72256    58234    72256        0   103637    53091    61194    16283    50116    93202    41146    50116    30209    59205    48453    29606    38783    48453    31084    24816    93577    91933    92503    80252    79050    84855    66815    19787    48799    41152    84861    37945    19827    66815    26708    10024    54241    30209    54241    76964    39871    60984    39871    75084    87489    41146    61194    52065    41622    96842   115579    65096    52688    93577    72256    66815    91933    16283    93202    48453    34115    24842    75008    26708    36081   103637    74612    41146    35217     8387    41622    60984    60984    74612    97539    66231    12486    37055    30209    66815   104160    93805    63653   107894    49137    48154    29955    52688    90896    41152    92503    84789    52688    50116    66261    48453    86843     8387    55522    45437    38694    97639    26708    57955   117621    38694    66053    90896    81012    33015    82051   117621    63653    75084    84789    95646    99117    39871    46456    70106    97539    12867   108205    12867    72256    19787    44113    82051    75008    70106   107894    65753    60984 
   98867    87301    74635    38808   118726    51732    49298    91760    69933   102822    27755    35293    31848   100143    60756   102822    61318    71934    75514     5165    39574   112989    39574   103637        0    76396    52494    73876    65323    92484    95901    65323    62909    83789    36899    83392    77069    36899    54163    60967    33502    27755    46811    71103    61878    44053    54059    70362   102822    95857    28212    73837    93113    54059    69551    79784    32436    62909    32436    47983    45327    51732    45327    92508    78256    95901    52494    61699    87301    26281    44363   119802    29651    33502    39574    54059    27755    73876    92484    36899    68481    65556    59754    69551    57467        0    35293    95901    51634    80005    87301    51732    51732    35293    48059    57271    79073    91760    62909    54059    57632    20505   118359    37367    35945   102859    75514    29651    16309    95857    46811   130468    29651    65323    66271    36899    75270    80005    44166   100143    47759    83052    69551   103633    47094    47759    47150    16309    52014    53224    73351    47094   118359    92508   130468    24150     6984    45327    82615    60363    48059    74525    60756    74525    39574    70362    89792    73351    59754    60363    37367    94374    51732 
   24211    22516    12263    94250    31809    75168    56349    32628    49550    28555    48825    43197    51310    43508    43557    28555    16137    25399    24602    78166    43556    37436    43556    53091    76396        0    26029    53124    32467    47167    34480    32467    27589    13185    54544    30975     9313    54544    51632    40372    45322    48825    37068     7158    93233    27585    80999    36616    28555    38142    57620    12881    40822    80999    49168    43810    57418    27589    57418    21207    54054    75168    54054    32420    13131    34480    26029    20175    22516    69601    49458    47043    64130    45322    43556    80999    48825    53124    47167    54544    20086    30631    89192    49168    23398    76396    43197    34480    32083    59622    22516    75168    75168    43197    34734    27267    58690    32628    27589    80999    39512    65857    39660    45963    50223    36483    24602    64130    63655    38142    37068    43532    64130    32467    21432    54544    30845    59622    69706    43508    35559    37417    49168    25594    41007    35559    80236    63655    19513    40274     7638    41007    39660    32420    43532    67345    71876    54054     6853    17452    34734    35565    43557    35565    43556    36616    11752     7638    89192    17452    45963    19718    75168 
   48500    44778    24268    71135    63425    50927    32026    49205    25136    51064    40514    19254    43913    57725    48474    51064    10951    29492    33072    54297    19663    60399    19663    61194    52494    26029        0    28710    21964    63318    53459    21964    16913    33422    30238    40949    24193    30238    27218    15801    30996    40514    30665    20736    70602    23017    56758    21355    51064    52498    33616    30478    50671    56758    24754    41693    33158    16913    33158    15120    29867    50927    29867    61744    27889    53459        0    10598    44778    46077    44445    69839    31624    30996    19663    56758    40514    28710    63318    30238    26116    17277    64824    24754     3673    52494    19254    53459     7788    35679    44778    50927    50927    19254    35686     6746    34504    49205    16913    56758    44417    42385    67918    38567    24198    59500    33072    31624    39712    52498    30665    74668    31624    21964    36133    30238    46110    35679    45463    57725    11617    56906    24754    49115    45911    11617    56031    39712    22377    15773    22396    45911    67918    61744    74668    44227    48008    29867    32248    29373    35686    25656    48474    25656    19663    21355    34483    22396    64824    29373    38567    44007    50927 
   52969    35907    51363    60998    67332    51577    32758    38137     9836    48839    61526    42247    73283    46519    75570    48839    37681    15117    22419    75646    35031    59006    35031    16283    73876    53124    28710        0    22381    91200    41918    22381    17291    60517    35366    30473    30168    35366    20217     8533    60352    61526    60019    47831    71285    52371    57440     8259    48839    42234    55100    26935    31524    57440    17753    14409    39855    17291    39855    44480    30463    51577    30463    87518    55005    41918    28710    38427    35907    67090    71699    66178    39051    60352    35031    57440    61526        0    91200    35366    25499    12812    65601    17753    20299    73876    42247    41918    21581     9143    35907    51577    51577    42247    65055    33747     6992    38137    17291    57440    71512    63398    64736    78176    32614    49236    22419    39051    61135    42234    60019    79074    39051    22381    63306    35366    73205     9143    46145    46519    25057    84001    17753    52240    73006    25057    56645    61135    48528    19092    49567    73006    64736    87518    79074    65240    69356    30463    38858    56469    65055     6756    75570     6756    35031     8259    38398    49567    65601    56469    78176    58203    51577 
