dep76 0 0 60
**************************************DATA
11 152 480 8 1.33
**************************************DISTANCE
       0    24774    54754    73335    92029    73335    73527    89389   100569    70395    86228    55194    28907   103167    58685    73335    46130    21784    96686    46130    32867    79604    67486   107446    13360    54754    66724    45425     9294    97656    59170    58256    24593    66724    64435    49458    62018    67992    36790    67486    64283   103847    24927    67992    51658    56709    62459    85359    67703    24774    81422    86228    69012    58685    57977    89745    71066   103847    63429   108411    10438    32867    58663    56868    46281    80804    47891    28907   109812    80804    92432    73527    60771    47891    67486    62459    54754   100569    80717     4354   106619    53637   108411   104025    36790    24774     4354    42413    29753    45119    32867    58436    10166    49189    36790    75051    56709    55689    28907    95833    49641    83899    54754    49959    62018    45119    36790    80804    59170    67992    86228    95833    70552    36827    72564    52066    70552    85426    51658    73527    49189    42413   102116    10166    41984    34239    34516    66724    70552    58117    73195    62018    46281    78388    43145    67992    59170    56709    55689    81422    24593    57871    66724    79604    70552    67962    69012    56709    17115    85359    32867    13360    70552 
   24774        0    30734    49184    67878    49184    49923    65238    76418    46244    63133    22760     8613    79666    26323    49184    21979    20910    73607    21979    51234    55453    43335    83296    31383    30734    50227    20567    27380    74653    35019    35137     7211    50227    26333    24578    38547    31168    11900    43335    40133    79696    38570    31168    50053    73085    38308    61208    66141        0    57406    63133    45106    26323    62427    66241    38754    79696    41834    84260    29259    51234    35170    33820    22130    56560    23740     8613    85595    56560    69582    49923    36620    23740    43335    38308    30734    76418    56566    23288    81581    21180    84260    80954    11900        0    23288    60780    39169    17016    51234    57137    28460    25038    11900    84159    73085    41496     8613    72754    25621    60234    30734    85175    38547    17016    11900    56560    35019    31168    63133    72754    47466    58231    49469    21202    47466    62430    50053    49923    25038    60780    77965    28460    18106    22305    23289    50227    47466    33967    71590    38547    22130    46087    14191    31168    35019    73085    41496    57406     7211    34752    50227    55453    47466    47132    45106    73085    35170    61208    51234    31383    47466 
   54754    30734        0     5422    85686     5422     5521    82455    93635    32662    80350    40585    37050   112151    67669     5422    11302    47411   105670    11302    85751    31405    17270   100513    61715        0    32069    18419    57360    91870    14938    20645    28709    32069    27875    17256    14382    31826    40336    17270    15552    96913    71399    31826    32741    74382    18753    57053    67437    30734    90405    80350    26587    67669    79644    82307    46958    96913    12313   101477    59239    85751    12906    20238     9151    32511    22467    37050   102812    32511    83130     5521     5232    22467    17270    18753        0    93635    37011    53398    98798    62621   101477    98172    40336    30734    53398    85019    83145    29758    85751    41930    58522    11381    40336   101376    74382     3526    37050    89971     6523    36185        0    86472    14382    29758    40336    32511    14938    31826    80350    89971    33992    66351    22866    27781    33992    94410    32741     5521    11381    85019    95182    58522    14663    30121    53345    32069    33992     8752    47543    14382     9151    54643    30983    31826    14938    74382     3526    90405    28709    21311    32069    31405    33992    14240    26587    74382    62887    57053    85751    61715    33992 
   73335    49184     5422        0    79260        0     3344    98777   109724    30068    96509    38106    55500   113449    41597        0    11331    48709   106968    11331    87081    27654    11309   117346    72477     5422    33250    16539    66177   107937    10992    17845    40736    33250    25074    15525    10207    29025    63552    11309     8840   114057    79521    29025    37787    74491    13886    54324    69018    49184    50616    96509    23787    41597    96692    77723    44157   114057     6640   118892    77784    87081     5054    17507    13749    28553    20372    55500   120094    28553   102714     3344     2630    20372    11309    13886     5422   109724    35058    71848   116901    36549   118892   114307    63552    49184    71848    86278    84443    24693    87081    46976    69284     9081    63552   117516    74491     7796    55500   106115     7671    31649     5422    87886    10207    24693    63552    28553    10992    29025    96509   106115    31191    67649    18693    24980    31191    95708    37787     3344     9081    86278   114347    69284    19838    30296    69757    33250    31191     6037    59096    10207    13749    50059    29983    29025    10992    74491     7796    50616    40736    18510    33250    27654    31191     8555    23787    74491    65115    54324    87081    72477    31191 
   92029    67878    85686    79260        0    79260    83923     6295    33422    26374    17471    27200    57293    35526    23319    79260    45875    98267    29044    45875   118313    68280    76603    34427    98859    85686   112732    75765    94793    24533    68202    42967    76002   112732    30965    41416    69798    26520    50104    76603    77417    30827   110427    26520   103004   126036    65400     5764   119091    67878     5365    17471    54576    23319    38424    11767    13969    30827    79886    40128    96338   118313    74954    39747    76513    72613    38822    57293    37342    72613    15549    83923    52928    38822    76603    65400    85686    33422    66597    90542    39334    28757    40128    34123    50104    67878    90542   136673    46101    37792   118313   109353    95666    79382    50104    38477   126036    94401    57293    28192    79982    75708    85686   137444    69798    37792    50104    72613    68202    26520    17471    28192    33999   117207    64373    36477    33999    14180   103004    83923    79382   136673    29780    95666    75590    79954    39396   112732    33999    51859   124541    69798    76513    29575    52945    26520    68202   126036    94401     5365    76002    38380   112732    68280    33999    84419    54576   126036   102615     5764   118313    98859    33999 
   73335    49184     5422        0    79260        0     3344    98777   109724    30068    96509    38106    55500   113449    41597        0    11331    48709   106968    11331    87081    27654    11309   117346    72477     5422    33250    16539    66177   107937    10992    17845    40736    33250    25074    15525    10207    29025    63552    11309     8840   114057    79521    29025    37787    74491    13886    54324    69018    49184    50616    96509    23787    41597    96692    77723    44157   114057     6640   118892    77784    87081     5054    17507    13749    28553    20372    55500   120094    28553   102714     3344     2630    20372    11309    13886     5422   109724    35058    71848   116901    36549   118892   114307    63552    49184    71848    86278    84443    24693    87081    46976    69284     9081    63552   117516    74491     7796    55500   106115     7671    31649     5422    87886    10207    24693    63552    28553    10992    29025    96509   106115    31191    67649    18693    24980    31191    95708    37787     3344     9081    86278   114347    69284    19838    30296    69757    33250    31191     6037    59096    10207    13749    50059    29983    29025    10992    74491     7796    50616    40736    18510    33250    27654    31191     8555    23787    74491    65115    54324    87081    72477    31191 
   73527    49923     5521     3344    83923     3344        0    99203   110383    32680    97098    40602    56239   113631    69706     3344    13774    48612   107572    13774    87065    29642    16026   117261    72072     5521    33034    18998    65937   108618    13175    21937    40960    33034    27608    18014    12619    31559    64291    16026    10120   113661    72713    31559    37058    75696    16990    57071    68751    49923    53270    97098    26385    69706    96392    79691    46799   113661     6592   118225    72378    87065    11143    20256    14014    30748    22484    56239   119560    30748    81367        0     5153    22484    16026    16990     5521   110383    35248    72041   115546    64658   118225   114919    64291    49923    72041    86333    83613    27006    87065    46247    69149    11399    64291   118124    75696     7877    56239   106719     9760    34422     5521    87786    12619    27006    64291    30748    13175    31559    97098   106719    33901    60842    21103    27514    33901    96395    37058        0    11399    86333   111930    69149    19526    31435    70093    33034    33901     8770    48494    12619    14014    51934    32393    31559    13175    75696     7877    53270    40960    21044    33034    29642    33901     8405    26385    75696    64201    57071    87065    72072    33901 
   89389    65238    82455    98777     6295    98777    99203        0    30065    31867    14832    22453    54654    32886    18573    98777    73695    95627    26405    73695   114956    72579    80902    36783    96220    82455   110092    73126    92154    21894    74539    46946    73363   110092    34943    45394    73934    30498    47465    80902    84289    27013   107787    30498    99647   122679    73285     9743   115734    65238     9344    14832    58555    18573    31479    11680    17948    27013    84022    38330    92981   114956    57325    43725    73874    76748    42321    54654    39531    76748    14544    99203    58850    42321    80902    73285    82455    30065    70896    87902    36338    24011    38330    31484    47465    65238    87902   133316    41354    39730   114956   106714    93026    76743    47465    35838   122679    91761    54654    25552    77342    79843    82455   134804    73934    39730    47465    76748    74539    30498    14832    25552    37977   114567    68508    40262    37977     9475    99647    99203    76743   133316    31613    93026    72950    77314    34650   110092    37977    56084   121184    73934    73874    33554    50305    30498    74539   122679    91761     9344    73363    42358   110092    72579    37977   106553    58555   122679    99976     9743   114956    96220    37977 
  100569    76418    93635   109724    33422   109724   110383    30065        0    63091    17776    54872    65833     3444    44458   109724    84874   106807     2229    84874   125903    81988   101358    16393   107399    93635   121272    84305   103333     8769    98509    81186    84542   121272    67923    72431    92030    61074    58644   101358   102374     7929   118967    61074   111079   133626    91381    36870   126681    76418    36471    17776   107893    44458    28687    17469    45075     7929   102310     9896   103928   125903    97544    77966    85054    94845    67566    65833    14339    94845    14053   110383   111231    67566   101358    91381    93635        0    80304    99082     7179    53315     9896     9538    58644    76418    99082   144375    66906    65779   125903   117893   104206    87922    58644    20925   133626   102941    65833     6128    88522    97940    93635   145984    92030    65779    58644    94845    98509    61074    17776     6128    70071   125747    86605    67312    70071    26996   111079   110383    87922   144375    15004   104206    84130    88494    64850   121272    70071    96304   132388    92030    85054    64808    61485    61074    98509   133626   102941    36471    84542    74760   121272    81988    70071   117732   107893   133626   111155    36870   125903   107399    70071 
   70395    46244    32662    30068    26374    30068    32680    31867    63091        0    59333    22841    34924    76272    21633    30068    21686    77941    69791    21686    95889    49076    36586    60165    77226    32662    63062    21855    73160    50907    28642    17217    54369    63062     8436    13414    31617     3421    27735    36586    33384    56566    88793     3421    81945   104977    31931    26441    98033    46244    22733    59333    28826    21633    47577    38141    16273    56566    33028    65681    73914    95889    28263    13997    28190    56095    15838    34924    62894    56095    41923    32680    28738    15838    36586    31931    32662    63091    50189    68908    79724    23462    65681    77130    27735    46244    68908   115615    48462    19556    95889    89027    74033    23640    27735    80339   104977    35036    34924    68939    28390    59190    32662   117118    31617    19556    27735    56095    28642     3421    59333    68939     8249    96881    47855    14248     8249    35400    81945    32680    23640   115615    55518    74033    33389    59628    33776    63062     8249    26109   103482    31617    28190    18385    20555     3421    28642   104977    35036    22733    54369    10378    63062    49076     8249    37900    28826   104977    80982    26441    95889    77226     8249 
   86228    63133    80350    96509    17471    96509    97098    14832    17776    59333        0    40678    52549    18694    31173    96509    71287    93522    13883    71287   112688    79644    77594    34675    94114    80350   107987    71021    88834    21197    69279    67901    70068   107987    54638    59147    72806    47789    45360    77594    74392    25949   105682    47789    97379   120411    72568    22624   113466    63133    21220        0    94608    31173    18542    14760    29824    25949    76094    29297    90713   112688    69429    64681    71438    80751    54351    52549    29686    80751    14613    97098    98016    54351    77594    72568    80350    17776    77961    85797    22146    40031    29297    17234    45360    63133    85797   131048    39441    51793   112688   104609    90921    74347    45360    21588   120411    88822    52549    10773    75237    84424    80350   132699    72806    51793    45360    80751    69279    47789        0    10773    49853   112462    73660    54027    49853     8358    97379    97098    74347   131048    29345    90921    70845    79406    34820   107987    49853    68226   118916    72806    71438    51523    48200    47789    69279   120411    88822    21220    70068    61475   107987    79644    49853   104447    94608   120411    96624    22624   112688    94114    49853 
   55194    22760    40585    38106    27200    38106    40602    22453    54872    22841    40678        0    19223    57617     4357    38106    40253    62239    51136    40253    81654    55609    43491    61750    53984    40585    76704    22548    49918    52105    35175    29944    31127    76704    16681    24331    38703    19430    12034    43491    40288    58150    65551    19430    66345    89377    38464    25841    82433    22760    22457    40678    41553     4357    32824    29863    15532    58150    41990    62714    59679    81654    35326    26724    40404    56715    20247    19223    64262    56715    32288    40602    36776    20247    43491    38464    40585    54872    56722    45666    61069     1959    62714    58475    12034    22760    45666   100015    30187    17689    81654    73326    50791    32012    12034    61684    89377    57788    19223    50283    43954    60389    40585   101416    38703    17689    12034    56715    35175    19430    40678    50283    29223    81179    49625    17672    29223    23157    66345    40602    32012   100015    56419    50791    39562    48372    15501    76704    29223    34122    87882    38703    40404    22853    14874    19430    35175    89377    57788    22457    31127    23518    76704    55609    29223    44571    41553    89377    65590    25841    81654    53984    29223 
   28907     8613    37050    55500    57293    55500    56239    54654    65833    34924    52549    19223        0    69082    22788    55500    28295    25770    63022    28295    55368    61769    49651    72711    35517    37050    58087    26883    31513    64068    41335    41453    12530    58087    26666    30894    44863    32216     8365    49651    46449    69112    42704    32216    56369    79401    44624    50623    72456     8613    46822    52549    51422    22788    51842    55657    35216    69112    48150    73675    33393    55368    41486    40136    28446    62876    30056        0    75010    62876    58998    56239    42936    30056    49651    44624    37050    65833    62882    27421    70996    17643    73675    70370     8365     8613    27421    64913    29211    20615    55368    63453    32594    31354     8365    73574    79401    47812        0    62170    31936    66549    37050    91491    44863    20615     8365    62876    41335    32216    52549    62170    42070    64547    55785    24818    42070    51846    56369    56239    31354    64913    67381    32594    22459    30166    19737    58087    42070    40282    77906    44863    28446    42550    14636    32216    41335    79401    47812    46822    12530    41068    58087    61769    42070    53448    51422    79401    39304    50623    55368    35517    42070 
  103167    79666   112151   113449    35526   113449   113631    32886     3444    76272    18694    57617    69082        0    47706   113449    88226   110267     5516    88226   129627    93979    94534    19088   109777   112151   124889    86814   105773    14614    86218    84434    87007   124889    71172    75680    92907    64322    61893    94534    91331    13487   116963    64322   114318   137350    91099    40679   130406    79666    39392    18694   111141    47706    29845    21210    48323    13487    93033    10529   107652   129627    86369    80897    88378    95086    71290    69082     9234    95086    17710   113631   114956    71290    94534    91099   112151     3444    92296   102330     4208    56564    10529     6855    61893    79666   102330   147988    55831    68732   129627   121402   107454    91286    61893    17248   137350   105762    69082     8216    91868    98760   112151   149440    92907    68732    61893    95086    86218    64322    18694     8216    83418   122496    87995    70560    83418    26862   114318   113631    91286   147988    18783   107454    86407    96345    67534   124889    83418    85165   135855    92907    88378    66887    64592    64322    86218   137350   105762    39392    87007    78008   124889    93979    83418   120980   111141   137350   113563    40679   129627   109777    83418 
   58685    26323    67669    41597    23319    41597    69706    18573    44458    21633    31173     4357    22788    47706        0    41597    43745    65785    41647    43745    85146    59525    46982    51335    65295    67669    80407    26844    61291    42692    38666    33906    42525    80407    20604    31911    42194    19616    15513    46982    43780    47736    72482    19616    69836    92868    41955    21961    85924    26323    18159    31173    48753        0    28943    25480    15988    47736    45482    52299    63171    85146    38817    30686    43896    60632    23738    22788    53635    60632    28407    69706    40267    23738    46982    41955    67669    44458    57842    57199    49621     5453    52299    48994    15513    26323    57199   103506    28824    21180    85146    76920    62372    35504    15513    52199    92868    61280    22788    40794    47386    64306    67669   104958    42194    21180    15513    60632    38666    19616    31173    40794    29066    78014    53541    21690    29066    18777    69836    69706    35504   103506    46005    62372    41925    51863    20297    80407    29066    37614    91374    42194    43896    23322    18619    19616    38666    92868    61280    18159    42525    27434    80407    59525    29066    50779    48753    92868    69081    21961    85146    65295    29066 
   73335    49184     5422        0    79260        0     3344    98777   109724    30068    96509    38106    55500   113449    41597        0    11331    48709   106968    11331    87081    27654    11309   117346    72477     5422    33250    16539    66177   107937    10992    17845    40736    33250    25074    15525    10207    29025    63552    11309     8840   114057    79521    29025    37787    74491    13886    54324    69018    49184    50616    96509    23787    41597    96692    77723    44157   114057     6640   118892    77784    87081     5054    17507    13749    28553    20372    55500   120094    28553   102714     3344     2630    20372    11309    13886     5422   109724    35058    71848   116901    36549   118892   114307    63552    49184    71848    86278    84443    24693    87081    46976    69284     9081    63552   117516    74491     7796    55500   106115     7671    31649     5422    87886    10207    24693    63552    28553    10992    29025    96509   106115    31191    67649    18693    24980    31191    95708    37787     3344     9081    86278   114347    69284    19838    30296    69757    33250    31191     6037    59096    10207    13749    50059    29983    29025    10992    74491     7796    50616    40736    18510    33250    27654    31191     8555    23787    74491    65115    54324    87081    72477    31191 
   46130    21979    11302    11331    45875    11331    13774    73695    84874    21686    71287    40253    28295    88226    43745    11331        0    43343    81745        0    72454    33156    19215    91752    52960    11302    42706     5962    48894    82715    12481    11573    30103    42706    16692     6314    14871    20643    31581    19215    15704    88153    64528    20643    58510    81542    16011    45942    74597    21979    42234    71287    20069    43745    70883    74804    35775    88153    20068    93670    50479    72454    10875     9125     6453    33657     9217    28295    94871    33657    77491    13774    10001     9217    19215    16011    11302    84874    34269    44643    91678    38697    93670    89084    31581    21979    44643    92179    59221    13247    72454    66097    49767     3844    31581    92293    81542    12238    28295    80893     5783    36753    11302    94188    14871    13247    31581    33657    12481    20643    71287    80893    22809    73951    25417    12684    22809    70486    58510    13774     3844    92179    86422    49767    16978    36697    44535    42706    22809     7204    80047    14871     6453    37887    17735    20643    12481    81542    12238    42234    30103    10128    42706    33156    22809    18994    20069    81542    56716    45942    72454    52960    22809 
   21784    20910    47411    48709    98267    48709    48612    95627   106807    77941    93522    62239    25770   110267    65785    48709    43343        0   103786    43343    44110    74692    60558   113685    24567    47411    46808    42504    18124   105042    58225    55336    13699    46808    72343    46538    57669    75092    33869    60558    58839   110085    18628    75092    30759    53749    62041    91597    46804    20910    87795    93522    66092    65785    92816    96630    78166   110085    55600   114649    24565    44110    56193    55185    32900    75798    45105    25770   115984    75798    99971    48612    50216    45105    60558    62041    47411   106807    80298    18573   111970    60737   114649   111343    33869    20910    18573    45765    51116    41518    44110    34880    21374    54857    33869   114548    53749    41022    25770   103143    51467    79472    47411    46914    57669    41518    33869    75798    58225    75092    93522   103143    68830    17676    66153    49146    68830    92526    30759    48612    54857    45765   108354    21374    26747    15132    42668    46808    68830    52228    52296    57669    32900    85566    40225    75092    58225    53749    41022    87795    13699    54951    46808    74692    68830    55961    66092    53749    16388    91597    44110    24567    68830 
   96686    73607   105670   106968    29044   106968   107572    26405     2229    69791    13883    51136    63022     5516    41647   106968    81745   103786        0    81745   123146    79231    88052    17988   104588   105670   118408    81494    99292     6871    79737    78375    80526   118408    65112    69621    83264    58263    55834    88052    84850    12387   110482    58263   107837   130869    76351    34198   123925    73607    32911    13883   105082    41647    27517    14729    42264    12387    86552    11838   101171   123146    79887    74416    81896    80338    64809    63022    10544    80338    11229   107572   108474    64809    88052    76351   105670     2229    77547    96271     9107    50504    11838    10854    55834    73607    96271   141507    64095    62251   123146   114921   101395    84805    55834    19580   130869    99280    63022     3898    85387    84011   105670   142959    83264    62251    55834    80338    79737    58263    13883     3898    76936   116015    73247    64501    76936    24185   107837   107572    84805   141507    22085   101395    79926    89864    61053   118408    76936    78684   129374    83264    81896    61941    58111    58263    79737   130869    99280    32911    80526    71949   118408    79231    76936   114921   105082   130869   107082    34198   123146   104588    76936 
   46130    21979    11302    11331    45875    11331    13774    73695    84874    21686    71287    40253    28295    88226    43745    11331        0    43343    81745        0    72454    33156    19215    91752    52960    11302    42706     5962    48894    82715    12481    11573    30103    42706    16692     6314    14871    20643    31581    19215    15704    88153    64528    20643    58510    81542    16011    45942    74597    21979    42234    71287    20069    43745    70883    74804    35775    88153    20068    93670    50479    72454    10875     9125     6453    33657     9217    28295    94871    33657    77491    13774    10001     9217    19215    16011    11302    84874    34269    44643    91678    38697    93670    89084    31581    21979    44643    92179    59221    13247    72454    66097    49767     3844    31581    92293    81542    12238    28295    80893     5783    36753    11302    94188    14871    13247    31581    33657    12481    20643    71287    80893    22809    73951    25417    12684    22809    70486    58510    13774     3844    92179    86422    49767    16978    36697    44535    42706    22809     7204    80047    14871     6453    37887    17735    20643    12481    81542    12238    42234    30103    10128    42706    33156    22809    18994    20069    81542    56716    45942    72454    52960    22809 
   32867    51234    85751    87081   118313    87081    87065   114956   125903    95889   112688    81654    55368   129627    85146    87081    72454    44110   123146    72454        0   106200   100216   133525    22371    85751    79256    71885    24365   124116    86088    84717    51053    79256    90895    75918    88478    94453    63250   100216    96031   130236    16158    94453    69111    30944    87578   111590    62363    51234   107882   112688    95472    85146    87936   116205    97527   130236    93832   135071    24968        0    85124    83329    72633   107264    74488    55368   136272   107264   118892    87065    88588    74488   100216    87578    85751   125903   108750    29864   133079    80098   135071   130485    63250    51234    29864     9646    59811    71579        0    57783    24295    75502    63250   133694    30944    79623    55368   122294    76101   110360    85751    16833    88478    71579    63250   107264    86088    94453   112688   122294    97012    26129    99024    78526    97012   111887    69111    87065    75502     9646   130526    24295    68444    59518    64293    79256    97012    83883    78404    88478    72633   104848    69606    94453    86088    30944    79623   107882    51053    84331    79256   106200    97012    94414    95472    30944    20354   111590        0    22371    97012 
   79604    55453    31405    27654    68280    27654    29642    72579    81988    49076    79644    55609    61769    93979    59525    27654    33156    74692    79231    33156   106200        0    17136    84350    86434    31405    48066    36727    82369    76698    20616    32691    63578    48066    46009    35267    20011    50507    53998    17136    19371    81061    98002    50507    63770   102129    19362    70583    95184    55453    71495    79644    37132    59525    89895    66743    55710    81061    22013    89885    84054   106200    25166    36516    45217     2894    38396    61769    87098     2894    68396    29642    29462    38396    17136    19362    31405    81988     9699    78117    89091    54052    89885    86570    53998    55453    78117   112260    92695    42196   106200    72959    83241    29020    53998    95992   102129    33779    61769    78378    33662     8420    31405   113869    20011    42196    53998     2894    20616    50507    79644    78378    50199    93632     8649    42483    50199    76558    63770    29642    29020   112260    81321    83241    51613    56278    78009    48066    50199    26693    63066    20011    45217    39079    47486    50507    20616   102129    33779    71495    63578    37518    48066        0    50199    25222    37132   102129    90190    70583   106200    86434    50199 
   67486    43335    17270    11309    76603    11309    16026    80902   101358    36586    77594    43491    49651    94534    46982    11309    19215    60558    88052    19215   100216    17136        0    92673    74316    17270    32095    24608    70250    85021    12352    20514    51459    32095    33891    23148    11567    35741    41879        0     4297    89384    91369    35741    50210    88847    15246    78906    81903    43335    79818    77594    24955    46982    91521    75066    51965    89384     5486    98208    71116   100216     9402    24243    26904    19447    25122    49651    95421    19447    76719    16026    13305    25122        0    15246    17270   101358    24219    65999    97414    41934    98208    95392    41879    43335    65999    99485    80577    30078   100216    58825    71123    16843    41879    98601    88847    21298    49651    87200    20826    23519    17270    99735    11567    30078    41879    19447    12352    35741    77594    87200    37709    79498    16972    30365    37709    76793    50210    16026    16843    99485    89643    71123    31686    42144    65891    32095    37709    13085    47094    11567    26904    47402    35368    35741    12352    88847    21298    79818    51459    25400    32095    17136    37709     7621    24955    88847    76963    78906   100216    74316    37709 
  107446    83296   100513   117346    34427   117346   117261    36783    16393    60165    34675    61750    72711    19088    51335   117346    91752   113685    17988    91752   133525    84350    92673        0   114277   100513   128150    91183   110211    10672    83745    88064    91420   128150    74801    79309    83140    58796    65522    92673    93495     6564   125845    58796   118216   141247    81470    36730   134303    83296    37642    34675    71107    51335    42891    22946    46246     6564    93228    10844   111550   133525    88295    84843    91931    85954    75187    72711     7279    85954    19358   117261   118853    75187    92673    81470   100513    16393    82667   105960    14200    60193    10844    24804    65522    83296   105960   151885    73784    72656   133525   124771   111084    94800    65522    29588   141247   109819    72711    20954    95400    89050   100513   152862    83140    72656    65522    85954    83745    58796    34675    20954    66276   132625    77714    74189    66276    33874   118216   117261    94800   151885    14745   111084    91007    95371    71728   128150    66276   103181   139753    83140    91931    57047    68363    58796    83745   141247   109819    37642    91420    81638   128150    84350    66276    97760    71107   141247   118033    36730   133525   114277    66276 
   13360    31383    61715    72477    98859    72477    72072    96220   107399    77226    94114    53984    35517   109777    65295    72477    52960    24567   104588    52960    22371    86434    74316   114277        0    61715    70575    52034     4237   105634    66000    64866    31664    70575    71045    56067    69528    74602    43399    74316    71114   110677    12327    74602    54527    44407    69289    92189    66489    31383    88388    94114    75621    65295    68230    97223    77676   110677    72816   115241     4806    22371    66151    64801    53111    87541    54722    35517   116576    87541   100563    72072    67601    54722    74316    69289    61715   107399    87547    10013   112562    60247   115241   111936    43399    31383    10013    31917    39960    51135    22371    49559     4444    56020    43399   115140    44407    64790    35517   103735    56602    91215    61715    38831    69528    51135    43399    87541    66000    74602    94114   103735    78447    24226    80450    58676    78447    92036    54527    72072    56020    31917   108946     4444    49088    35982    44556    70575    78447    64948    76064    69528    53111    77311    49397    74602    66000    44407    64790    88388    31664    64481    70575    86434    78447    74571    75621    44407    11780    92189    22371        0    78447 
   54754    30734        0     5422    85686     5422     5521    82455    93635    32662    80350    40585    37050   112151    67669     5422    11302    47411   105670    11302    85751    31405    17270   100513    61715        0    32069    18419    57360    91870    14938    20645    28709    32069    27875    17256    14382    31826    40336    17270    15552    96913    71399    31826    32741    74382    18753    57053    67437    30734    90405    80350    26587    67669    79644    82307    46958    96913    12313   101477    59239    85751    12906    20238     9151    32511    22467    37050   102812    32511    83130     5521     5232    22467    17270    18753        0    93635    37011    53398    98798    62621   101477    98172    40336    30734    53398    85019    83145    29758    85751    41930    58522    11381    40336   101376    74382     3526    37050    89971     6523    36185        0    86472    14382    29758    40336    32511    14938    31826    80350    89971    33992    66351    22866    27781    33992    94410    32741     5521    11381    85019    95182    58522    14663    30121    53345    32069    33992     8752    47543    14382     9151    54643    30983    31826    14938    74382     3526    90405    28709    21311    32069    31405    33992    14240    26587    74382    62887    57053    85751    61715    33992 
   66724    50227    32069    33250   112732    33250    33034   110092   121272    63062   107987    76704    58087   124889    80407    33250    42706    46808   118408    42706    79256    48066    32095   128150    70575    32069        0    49684    63064   119507    38365    46555    46830        0    61660    48671    37809    62170    74992    32095    35279   124550    65457    62170    22710    72827    42181   106062    47073    50227   103144   107987    50997    80407   107281   111467    92788   124550    30811   129114    69505    79256    36334    50637    40561    50810    52866    58087   130449    50810   114436    33034    35631    52866    32095    42181    32069   121272    50172    64582   126435    75359   129114   125808    74992    50227    64582    78524    95884    56415    79256    29680    67382    41781    74992   129013    72827    32434    58087   117608    36923    46332    32069    84917    37809    56415    74992    50810    38365    62170   107987   117608    64283    53630    46294    58134    64283   107148    22710    33034    41781    78524   122819    67382    42832    35532    80982        0    64283    39152    17620    37809    40561    77514    60922    62170    38365    72827    32434   103144    46830    51655        0    48066    64283    25253    50997    72827    63808   106062    79256    70575    64283 
   45425    20567    18419    16539    75765    16539    18998    73126    84305    21855    71021    22548    26883    86814    26844    16539     5962    42504    81494     5962    71885    36727    24608    91183    52034    18419    49684        0    48030    82540    16293    12602    29264    49684    14960     4437    19820    18951    30169    24608    21406    87584    59221    18951    57941    80973    19582    41305    74028    20567    37503    71021    24052    26844    70314    74129    36027    87584    23108    92147    49910    71885    16443     9431     9816    37833     5818    26883    93482    37833    77470    18998    15209     5818    24608    19582    18419    84305    37839    43231    89468    21796    92147    88842    30169    20567    43231    91610    57535     9569    71885    65025    48355    10445    30169    92046    80973    19355    26883    80642    11385    41507    18419    93062    19820     9569    30169    37833    16293    18951    71021    80642    23077    66118    30742     9286    23077    70318    57941    18998    10445    91610    85853    48355    16367    39968    44016    49684    23077    12556    79478    19820     9816    34374    14339    18951    16293    80973    19355    37503    29264     8366    49684    36727    23077    24218    24052    80973    55821    41305    71885    52034    23077 
