dep24 0 0 60
**************************************DATA
13 162 480 8 1.33
**************************************DISTANCE
       0    46653    31384   119281    89135    57357    49407    98159    51914    41604    45763    42515    76727    59398   101522    59398    88781    49726    74224   105317   114344    34454    49726    33484   124732   107227   103478    54703    49232    42968    59903    82722    85559    85559    32935    42968    80844   114344    92560    71570   102534   101522   103478    42870   105317    99114    44957    15612    55614   118699    53528    26727    49726    67071    41604   109237    44293   120674    89697    32935    96572   108144     8393    95668    77220    39198    79466    49232    23130    34454    10328    46653    71570    34216    32935    46653    49245    88099    71242   105317   101885   101522    32909    66254    95668    39244    64376    78824    55577   107021    54703    64376    89317    67782   102560    52987   100573    76727    99114    80844    78699   103478    53528    89135    52522    99869    60554   101682    85517    89224    77283    10328    59398   120674    62690    59397    44293    31384    74224   102673   112779    11471    76106    71619    77283   105777    52987    46659    31384    27016    89224    88099    53528    27016    42515   103478    93583     3030    85559   129058    64425   100334   107227    41604    39244    59397    35115    72697    85353    78824    50005    31599    47970    80674    82346    67694    53528   102673    29265    72629    51914   102534    16680 
   46653        0    17294   194194   163417   131793    12186   185350   126328    24639    95764    16933   151640   135786   106642   135786   131889    77410   117333   179774   188791    77672    77410    14665   198986   103704    89691   130410    16712    84399   103034   157855   101158   101158    27639    84399   155612   188791    83112   145775   177671   106642    89691    81218   179774   187979    25445    45383   143633   193002    48395    70259    77410   141830    24639   184030   118657   194983   164300    27639   100736    84898    44974    93770   152132    82731   122998    16712    66366    77672    54291        0   145775    77451    27639        0    74428   163012    63443   179774   176798   106642    76442   141383    93770    81895   139917    70842    99110   181934   130410   139917   163819   142639   184568   126962   175486   151640   187979   155612   153832    89691    48395   163417    65013   103780    75788   176595   160430    84105   120455    54291   135786   194983    55390   102930   118657    17294   117333    97285   187577    43660   150512   145503   120455   103879   126962    89847    17294    86279    84105   163012    48395    86279    16933    89691    91499    46005   101158   206284    62860   174935   103704    24639    81895   102930    71252    72920    84194    70842    89400    57201    36433   155301    55795    67917    48395    97285    51595    93454   126328   177671    56881 
   31384    17294        0   145458   115312    83098    21818   123291    77633    14121    72583    15032   102904    87091    91126    87091   115590    58081   101033   131079   140521    61373    58081    15087   150909    94828    80815    81715    21649    68100    86735   109160    88169    88169     6745    68100   106917   140521    77474    97080   128976    91126    80815    57315   131079   125670    17474    21669    82544   144307    40765    53282    58081    93135    14121   135335    69962   146288   115874     6745    90110    74273    27950    88214   103397    65754   106021    21649    50066    61373    30577    17294    97080    61152     6745    17294    61440   114276    50240   131079   128062    91126    59465    92688    88214    57991    90553    60216    82133   133198    81715    90553    88016    71595   129365    78267   126750   102904   125670   106917   105137    80815    40765   115312    52024    90792    62584   127859   111694    71116   104155    30577    87091   146288    44765    85953    69962        0   101033   128564   138882    27498   101817    96808   104155    98323    78267    67277        0    59226    71116   114276    40765    59226    15032    80815    80979    30736    88169   157589    49871   126240    94828    14121    57991    85953    53863    59931    74231    60216    65496    44152    25942   106606    54863    54928    40765   128564    38606    80251    77633   128976    32977 
  119281   194194   145458        0    40470    68660   114437   123489    75703    98641   153589   109057    48996    73224    29815    73224   117934    91091   122232    21733    46333   142380    91091   147558     5115    21654    33114    68066   108710   149106   117741    79831    41840    41840   146211   149106    95046    46333    44177    49963    79748    29815    33114    98386    21733   126118    99303   126818   136253    10643    79986   134678    91091    79969    98641    21889    85457     5820    52990   146211    36747    49506   122467    31430    74989   147121   116287   108710   131073   142380   117077   194194    49963   142158   146211   194194    83905    58175    65303    21733    66481    29815   140845    63359    31430    92710    62320    54926   127125    14354    68066    62320   101958    84700   129563    78841    25169    48996   126118    95046    75809    33114    79986    40470    93813    41685    84237   114611    54130    47501   135162   117077    73224     5820    78466   117167    85457   145458   122232    28269    96343   125530    47621    68766   135162    30252    78841   104433   145458   138962    47501    58175    79986   138962   109057    33114    39821   120630    41840     8676   101821    25628    21654    98641    92710   117167    90386    58582    41160    54926    95628   102784    91316    93439   101940    62802    79986    28269   111084    59357    75703    79748   123210 
   89135   163417   115312    40470        0    38514   133762    79761    45557    85429   123443   126103     6756    34963    40388    34963    74206    60945    81933    19960    27794   112233    60945   116822    37587    34099    28812    37920   133593   118960    87595    36301    32241    32241   116065   118960    43994    27794    40784    13994    50060    40388    28812    67147    19960    82390    91967    96671   106107    34831    77699   104159    60945    41708    85429    26277    55311    44599    24282   116065    35487    47254    92321    33719    28385   116631    83758   133593   100927   112233    86931   163417    13994   112012   116065   163417    53759    28270    47407    19960    36575    40388   110341    33213    33719    61397    19497    49422    95824    28065    37920    19497    63697    46439    85835    40580    18798     6756    82390    43994    30189    28812    77699        0    63667    25150    38495    68931    20207    42498   100593    86931    34963    44599    76215    85953    55311   115312    81933    27940    66656    94809     8125    25795   100593    45052    40580    74286   115312   110102    42498    28270    77699   110102   126103    28812    37462    90484    32241    46354    45381    27205    34099    85429    61397    85953    59303    49682    34323    49422    64633    72637    76477    55179    99239    52556    77699    27940    80938    21494    45557    50060    77323 
   57357   131793    83098    68660    38514        0   101984    55343     4665    70221    62871    94478    26067     5078    64579     5078    49647    23573    50756    54696    54555    51367    23573    85197    74111    56554    52857     6696   101815    58093    42858    17937    47011    47011    84288    58093    25605    54555    54119    20911    47664    64579    52857    28080    54696    57872    96921    63109    73078    68078    64060    41519    23573    11823    70221    58616    12949    70053    33943    84288    59630    71299    60543    57984    19987    56306    48052   101815    69149    51367    55153   131793    20911    43352    84288   131793    19813    32850    39103    54696    44673    64579    46569    10578    57984    22330    13367    61947    52223    56400     6696    13367    33812    16554    61318    10695    49952    26067    57872    25605    13771    52857    64060    38514    31889    49248    22112    46375    29620    50782    71959    55153     5078    70053    66384    42352    12949    83098    50756    52052    57570    63185    25594    10464    71959    68834    10695    29524    83098    78478    50782    32850    64060    78478    94478    52857    61728    58706    47011    81010    39412    49661    56554    70221    22330    42352    27679    50170    46813    61947    24299    40151    61832    25294    97192    47863    64060    52052    48438    23812     4665    47664    45698 
   49407    12186    21818   114437   133762   101984        0   141264    95906    18775    90161     9472   121354   105364    90835   105364   133179    71669   118622   149944   158971    78852    71669    22263   109115    95149    81136    99988     5993    86073   104301   127349    81137    81137    21769    86073   125190   158971    74242   116197   128684    90835    81136    75157   149944   143512    19787    38988   100012   107268    39840    71125    71669   111408    18775   153864    74733   117955   134325    21769    92158    76294    45923    84982   121847    83596   123864     5993    68039    78852    48301    12186   116197    79125    21769    12186    69439   132726    55485   149944   146513    90835    77307   110882    84982    75834   109003    62286    99975   151648    99988   109003   105989    89568   146958    83039   145201   121354   143512   125190   123327    81136    39840   133762    60026    87099    69726   127832   130144    74672   121681    48301   105364   117955    46804   103795    74733    21818   118622    88285   138929    45414   120091   116246   121681    95091    83039    85011    21818    77068    74672   132726    39840    77068     9472    81136    82711    48690    81137   120704    57119    93326    95149    18775    75834   103795    65191    62469    75638    62286    83339    51293    32402   124879    46031    60113    39840    88285    45748    87393    95906   128684    50820 
   98159   185350   123291   123489    79761    55343   141264        0    58072   116573    72098   134371    80896    51767   119408    51767    10188    67034    24750    88823    77071    62021    67034   126421   128941   111436   107686    61371   141089    65501    42355    47533   100675   100675   124791    65501    37977    77071   107677    75740    30983   119408   107686    55688    88823     6014   124121   103002    43184   122907   109407    66402    67034    44418   116573    94822    63321   113432    56458   124791   114459   126526   101330   112813    54583    67262    19601   141089    74322    62021    94183   185350    75740    59459   124791   185350    71566    53440    92661    88823    43630   119408    61439    65407   112813    58584    66894   115677    37890   111229    61371    66894    27598    44924     6074    52860    94924    80896     6014    37977    52759   107686   109407    79761    77532   104077    75670    11156    59555   104340    27425    94183    51767   113432   111758    40543    63321   123291    24750   106881    19736   104408    77544    58483    27425   123663    52860    46700   123291    77945   104340    53440   109407    77945   134371   107686   116557    99531   100675   115177    85474   104542   111436   116573    58584    40543    74031   103824   100469   115677    52398    86503   108184    30520   143544   101421   109407   106881    94791    78488    58072    30983    82157 
   51914   126328    77633    75703    45557     4665    95906    58072        0    64756    86107    89014    33149     7807    57615     7807    52518    22919    48802    61739    57426    74797    22919    79733    81154    63649    58986     6577    95731    81739    40976    20150    41653    41653    79433    81739    28334    57426    48654    27992    50099    57615    58986    26198    61739    60744    91456    57645    59470    75121    57590    39755    22919    14552    64756    65659    11353    77096    36814    79433    52666    64238    55100    51762    22858    79542    50923    95731    63706    74797    48826   126328    27992    41593    79433   126328    14348    35721    33639    61739    47544    57615    44687    13258    51762    20448    17517    56655    50341    63443     6577    17517    36540    17168    64189    11310    56995    33149    60744    28334    16642    58986    57590    45557    25716    56291    16648    49247    39910    45317    58356    48826     7807    77096    59941    40470    11353    77633    48802    59095    60344    57720    29745    14552    58356    61871    11310    27642    77633    73013    45317    35721    57590    73013    89014    58986    49677    52843    41653    85480    33969    56756    63649    64756    20448    40470    22214    44801    41447    56655    22417    34686    56367    28022    91727    42399    57590    59095    42974    21997        0    50099    40234 
   41604    24639    14121    98641    85429    70221    18775   116573    64756        0    82753    12079    83146    67008    81951    67008   111017    52111   101687   118202   110638    71543    52111    25303    93318    79013    65000    62817    17758    78270    96905    79294    75859    75859    14095    78270    86834   110638    58445    84203   108894    81951    65000    67449   118202   119876    13454    35034    92714   131431    19085    63417    52111    73052        0   122458    55174   102376   102728    14095    76045    60208    38120    69185    91653    75888   107716    17758    60236    71543    40747    24639    84203    71322    14095    24639    49129   102532    35763   118202   116318    81951    69599    79811    69185    67232    78809    46151    92267   121454    62817    78809    95041    70528   122647    63480    97150    83146   119876    86834    77396    65000    19085    85429    39713    78481    50274   108379    99950    56577   114325    40747    67008   102376    30700    96087    55174    14121   101687    72594   118799    37706    88941    83931   114325    79294    63480    78072    14121    69360    56577   102532    19085    69360    12079    65000    66914    40956    75859   105232    37560    77637    79013        0    67232    96087    45739    45391    59691    46151    74737    31901    11877    86523    49767    40389    19085    72594    26296    67940    64756   108894    43112 
   45763    95764    72583   153589   123443    62871    90161    72098    86107    82753        0    83663   111035    63179   135830    63179    64398    55834    49841   139552   117621    13542    55834    75713   159041   141607   137910    90189    89992     8787    35542    78225   120818   120818    72464     8787    68679   117621   126869   105554    80058   135830   137910    35293   139552    74747    86106    53070    24203   153007    91001    27199    55834    57008    82753   143809    54261   154762    97008    72464   144584   143067    50794   129976    85283     7710    55098    89992    23730    13542    43330    95764   105554    22084    72464    95764    83551    95731    87912   139552    87928   135830    18108   101161   129976    41973    98684   114775    30252   141329    90189    98684    60066    49581    69847    55173   134881   111035    74747    68679    81719   137910    91001   123443    86791   134248    94862    67472   100105   125736    45876    43330    63179   154762   100216    35030    54261    72583    49841   136981    77412    53700   110291   105282    45876   140085    55173    39198    72583    23009   125736    95731    91001    23009    83663   137910   127891    48958   120818   166063    98645   134714   141607    82753    41973    35030    68262   120771   120619   114775    42429    64746    86222    58901   123495   115768    91001   136981    64787   106937    86107    80058    49828 
   42515    16933    15032   109057   126103    94478     9472   134371    89014    12079    83663        0   114122    98472    92034    98472   126670    64777   112114   142459   151476    72453    64777    20955   106208    89097    75084    93096     7841    79180    97815   120541    75540    75540    15005    79180   118298   151476    68505   108461   140357    92034    75084    68504   142459   137000    11594    32749    93624   101696    33788    64752    64777   104516    12079   146716    67840   112459   126986    15005    86129    70291    39031    79485   115272    77195   117356     7841    61147    72453    41658    16933   108461    72232    15005    16933    61795   126151    49575   142459   139371    92034    70919   104068    79485    68742   102603    56234    93588   144016    93096   102603    99096    82675   140445    76146   145895   114122   137000   118298   116518    75084    33788   126103    52379    81481    62082   139158   122910    69047   115236    41658    98472   112459    40783    97241    67840    15032   112114    82677   150262    38629   113198   108189   115236    96233    76146    78358    15032    69036    69047   126151    33788    69036        0    75084    76690    41867    75540   115316    50226    87720    89097    12079    68742    97241    57544    56194    69586    56234    76251    44567    26494   117986    40967    54202    33788    82677    38962    78069    89014   140357    44177 
   76727   151640   102904    48996     6756    26067   121354    80896    33149    83146   111035   114122        0    30631    44348    30631    75341    48537    79639    24391    33783    99825    48537   105004    53626    36469    32771    28539   121185   106552    75187    37238    29959    29959   103657   106552    43909    33783    45885     6870    53657    44348    32771    55832    24391    83525   116564    84263    93699    47642    75417    92178    48537    37376    83146    28648    42903    49623    27879   103657    39446    51214    79913    38917    28208   104567    73695   121185    88519    99825    74523   151640     6870    99604   103657   151640    41351    34351    44668    24391    42657    44348    98290    20766    38917    50155    19227    53381    84571    35970    28539    19227    59365    42107    86970    36248    20901        0    83525    43909    30104    32771    75417     6756    51259    29109    41817    72018    23803    40215    97622    74523    30631    49623    80174    73972    42903   102904    79639    31899    70253    82828     7901    22833    97622    48547    36248    61878   102904    96407    40215    34351    75417    96407   114122    32771    41529    78076    29959    48725    43098    29575    36469    83146    50155    73972    47832    47399    38283    53381    53073    60229    74194    50847   103840    50274    75417    31899    68530    15087    33149    53657    65342 
   59398   135786    87091    73224    34963     5078   105364    51767     7807    67008    63179    98472    30631        0    69142        0    46130    22991    47240    59259    54799    51870    22991    89191    78675    61170    57316    11105   105189    57533    42176    13547    51111    51111    88891    57533    18524    54799    58112    25474    43711    69142    57316    27406    59259    54356    74556    67102    60669    72641    59842    42017    22991     8249    67008    63179    13729    74617    34187    88891    64193    76260    64100    62548    20231    56615    44535   105189    46698    51870    58284   135786    25474    43783    88891   135786    22002    33094    43097    59259    35808    69142    46877    15141    62548    21655    16629    66112    51541    60964    11105    16629    30235    14590    57802     9267    54516    30631    54356    18524    14015    57316    59842    34963    27968    53812    26106    42859    37283    54775    68442    58284        0    74617    62193    49171    13729    87091    47240    56615    53956    67178    28856    13663    68442    73398     9267    28842    87091    58264    54775    33094    59842    58264    98472    57316    66291    62301    51111    83001    35842    54277    61170    67008    21655    49171    24467    54259    50904    66112    23024    36938    58620    21717    93979    51857    59842    56615    45226    28222     7807    43711    42486 
  101522   106642    91126    29815    40388    64579    90835   119408    57615    81951   135830    92034    44348    69142        0    69142   113852    69379   105586    43821    68447   124620    69379   107585    27645    12246    12359    54368    85108   131347    99653    75750    18238    18238    85968   131347    90965    68447    20678    45882    89400        0    12359    80401    43821   121770    82280   109058   118166    25799    56384   130450    69379    75888    81951    48078    67698    33326    63691    85968     7087    22308   104707     7058    69650   142921   111950    85108   113313   124620    99318   106642    45882    95690    85968   106642    55914    67574    41833    43821    75880        0   136632    59278     7058    74651    56806    31324   109078    39974    54368    56806    97876    73927   125482    64875    39522    44348   121770    90965    71727    12359    56384    40388    61351    22349    46119   110273    59511    23899   117074    99318    69142    33326    51269    99207    67698    91126   105586    21057   105995   121100    47465    64684   117074     6333    64875    86345    91126   136393    23899    67574    56384   136393    92034    12359    16502   102871    18238    36183    52713    19656    12246    81951    74651    99207    62287    34980    17558    31324    77888    67144    64710    89358    74492    39200    56384    21057    75316    37883    57615    89400    80821 
   59398   135786    87091    73224    34963     5078   105364    51767     7807    67008    63179    98472    30631        0    69142        0    46130    22991    47240    59259    54799    51870    22991    89191    78675    61170    57316    11105   105189    57533    42176    13547    51111    51111    88891    57533    18524    54799    58112    25474    43711    69142    57316    27406    59259    54356    74556    67102    60669    72641    59842    42017    22991     8249    67008    63179    13729    74617    34187    88891    64193    76260    64100    62548    20231    56615    44535   105189    46698    51870    58284   135786    25474    43783    88891   135786    22002    33094    43097    59259    35808    69142    46877    15141    62548    21655    16629    66112    51541    60964    11105    16629    30235    14590    57802     9267    54516    30631    54356    18524    14015    57316    59842    34963    27968    53812    26106    42859    37283    54775    68442    58284        0    74617    62193    49171    13729    87091    47240    56615    53956    67178    28856    13663    68442    73398     9267    28842    87091    58264    54775    33094    59842    58264    98472    57316    66291    62301    51111    83001    35842    54277    61170    67008    21655    49171    24467    54259    50904    66112    23024    36938    58620    21717    93979    51857    59842    56615    45226    28222     7807    43711    42486 
   88781   131889   115590   117934    74206    49647   133179    10188    52518   111017    64398   126670    75341    46130   113852    46130        0    63597    17049    83351    71515    54430    63597   118720   123385   105666   101968    55720   133009    57795    34801    41901    94608    94608   115482    57795    32354    71515   102121    69546    25562   113852   101968    47987    83351    12821   129113    96088    53313   117351   103921    58701    63597    38786   111017    89667    57716   118821    50903   115482   108643   120411    93812   107258    49028    59562    11900   133009    66748    54430    86347   131889    69546    51873   115482   131889    65921    47885    87106    83351    38074   113852    53739    59710   107258    50883    61339   109543    44019   105674    55720    61339    20701    39327    16267    47261    89369    75341    12821    32354    47123   101968   103921    74206    71750    98306    70114     5600    53999    99526    28928    86347    46130   118821   106245    32842    57716   115590    17049   101325    15502    96708    72128    52847    28928   118108    47261    38937   115590    70245    99526    47885   103921    70245   126670   101968   111001    91975    94608   109745    79829    98772   105666   111017    50883    32842    68476    97767    94409   109543    45625    80947   102629    25016   137988    95364   103921   101325    84045    72932    52518    25562    72941 
   49726    77410    58081    91091    60945    23573    71669    67034    22919    52111    55834    64777    48537    22991    69379    22991    63597        0    49040    77127    86154    44525        0    66685    96542    79037    74722    27001    71885    51236    38860    35297    53336    53336    59581    51236    39634    86154    54561    43380    58988    69379    74722    20808    77127    69632    59659    37792    57354    90509    44873    27423        0    31490    52111    81047    13024    92484    53550    59581    64430    66913    44243    63526    39594    49269    54282    71885    32105    44525    34221    77410    43380    37293    59581    77410    14954    52457    31791    77127    64280    69379    39266    38064    63526    13798    36186    52895    48225    78831    27001    36186    39123    24063    73078    17300    72383    48537    69632    39634    33378    74722    44873    60945    13070    71679    26892    58136    57327    51224    56240    34221    22991    92484    47296    38354    13024    58081    49040    74483    69232    55683    47104    43429    56240    73635    17300    25526    58081    43670    51224    52457    44873    43670    64777    74722    60096    50805    53336   100868    24556    72144    79037    52111    13798    38354     7957    47002    51506    52895    21303    22041    43722    35647    79082    42055    44873    74483    30329    44439    22919    58988    25976 
   74224   117333   101033   122232    81933    50756   118622    24750    48802   101687    49841   112114    79639    47240   105586    47240    17049    49040        0   108268    87530    39874    49040   104164   127684   106775   103078    56829   118453    43239    20098    40071    89961    89961   100925    43239    30525    87530    96625    74483    40123   105586   103078    33430   108268    27383   114557    80745    38757   121650    94745    44145    49040    39895   101687   108977    48961   123625    66917   100925   100637   121520    79255    99733    55192    45005     7734   118453    52191    39874    71791   117333    74483    37316   100925   117333    59541    62393    81367   108268    52582   105586    39182    64150    99733    36327    65637   102767    29463   109972    56829    65637    15201    31657    30828    40742   103524    79639    27383    30525    48233   103078    94745    81933    62573    99416    64618    20108    70014    93288    18111    71791    47240   123625    97068    18286    48961   101033        0   105624    30064    82151    74478    53957    18111   109842    40742    24443   101033    55688    93288    62393    94745    55688   112114   103078    97647    77419    89961   131231    74428    99882   106775   101687    36327    18286    56459    96553    89762   102767    31069    71617    93299    20747   128658    91551    94745   105624    69489    77231    48802    40123    58385 
  105317   179774   131079    21733    19960    54696   149944    88823    61739   118202   139552   142459    24391    59259    43821    59259    83351    77127   108268        0    23811   128415    77127   133178    28367    32533    47002    54102   149774   135142   102816    53650    48425    48425   132247   135142    61343    23811    58366    35212    59122    43821    47002    83504        0    91576   144902   112853   122289    22333   112020   120516    77127    66004   118202     7424    71493    25746    32367   132247    47626    65444   108502    42282    48321   132987    92764   149774   117108   128415   103113   179774    35212   128194   132247   179774    69941    37276    87146        0    45582    43821   126698    49178    42282    77753    46873    67612   112181     9329    54102    46873    87993    70735    95022    64877     7209    24391    91576    61343    61844    47002   112020    19960    79849    43340    70155    77937    33504    59446   109654   103113    59259    25746    94404   102310    71493   131079   108268    36009    75717   111166    26995    54801   109654    43811    64877    89482   131079   126459    59446    37276   112020   126459   142459    47002    55044   106666    48425    27501    60601    28751    32533   118202    77753   102310    75660    64902    52513    67612    80990    88132   109813    79475   116820    67776   112020    36009    96420    37476    61739    59122    93679 
  114344   188791   140521    46333    27794    54555   158971    77071    57426   110638   117621   151476    33783    54799    68447    54799    71515    86154    87530    23811        0   137442    86154   142195    52913    57133    54021    63129   158802   111003    88009    41898    57450    57450   141274   111003    49591        0    66158    39203    47370    68447    54021    80198    23811    81391   117341   121880   106521    46929   102908   129533    86154    59359   110638    32024    80520    50346    20612   141274    60696    72463   117529    59092    38135   142004    82578   158802   126135   137442   112140   188791    39203    91848   141274   188791    78968    27090    72781    23811    35396    68447   135715    58421    59092    74448    37875    74631    98804    33929    63129    37875    65389    63648    83145    60416    31809    33783    81391    49591    42905    54021   102908    27794    88876    50359    63869    67752    26257    67707    97902   112140    54799    50346   101423    87627    80520   140521    87530    53149    63965   120183    30721    45713    97902    68411    60416    80969   140521   135476    67707    27090   102908   135476   151476    54021    62836   115693    57450    52101    70590    53351    57133   110638    74448    87627    84677    74890    59532    74631    70641    97846   101404    58921   124612    77765   102908    53149   106147    46867    57426    47370   102696 
   34454    77672    61373   142380   112233    51367    78852    62021    74797    71543    13542    72453    99825    51870   124620    51870    54430    44525    39874   128415   137442        0    44525    64503   147831   130298   126600    78879    78682     6830    25553    68250   108658   108658    62873     6830    58602   137442   115659    94669    69828   124620   126600    24083   128415    64764    74896    41084    21274   141797    79691    15989    44525    45699    71543   132335    42951   143773    87026    62873   119671   131757    39485   118767    75300     8707    45116    78682    12421        0    32021    77672    94669    10775    62873    77672    72344    85748    76702   128415    77945   124620     6898    89353   118767    30764    87475   103466    21235   130119    78879    87475    49989    38272    68210    43864   123672    99825    64764    58602    61172   126600    79691   112233    75482   122968    83652    57490    90122   112322    42933    32021    51870   143773    89733    25047    42951    61373    39874   125771    67335    42491    98982    94718    42933   128875    43864    27872    61373    16028   112322    85748    79691    16028    72453   126600   116681    37613   108658   154753    87336   123404   130298    71543    30764    25047    57053   109462   109310   103466    31219    53537    75012    48824   112285    86966    79691   125771    53577    95727    74797    69828    38618 
   49726    77410    58081    91091    60945    23573    71669    67034    22919    52111    55834    64777    48537    22991    69379    22991    63597        0    49040    77127    86154    44525        0    66685    96542    79037    74722    27001    71885    51236    38860    35297    53336    53336    59581    51236    39634    86154    54561    43380    58988    69379    74722    20808    77127    69632    59659    37792    57354    90509    44873    27423        0    31490    52111    81047    13024    92484    53550    59581    64430    66913    44243    63526    39594    49269    54282    71885    32105    44525    34221    77410    43380    37293    59581    77410    14954    52457    31791    77127    64280    69379    39266    38064    63526    13798    36186    52895    48225    78831    27001    36186    39123    24063    73078    17300    72383    48537    69632    39634    33378    74722    44873    60945    13070    71679    26892    58136    57327    51224    56240    34221    22991    92484    47296    38354    13024    58081    49040    74483    69232    55683    47104    43429    56240    73635    17300    25526    58081    43670    51224    52457    44873    43670    64777    74722    60096    50805    53336   100868    24556    72144    79037    52111    13798    38354     7957    47002    51506    52895    21303    22041    43722    35647    79082    42055    44873    74483    30329    44439    22919    58988    25976 
   33484    14665    15087   147558   116822    85197    22263   126421    79733    25303    75713    20955   105004    89191   107585    89191   118720    66685   104164   133178   142195    64503    66685        0   152391   135233   131536    83815    30228    71230    89865   111260   114444   114444    18783    71230   109017   142195    83803    99180   131076   107585   131536    65926   133178   129049    25619    30273    85674   146407    50332    56849    66685    95235    25303   137435    72061   148388   117705    18783   101680    85842    31805    94783   105497    69321   109405    30228    53196    64503    39182    14665    99180    64282    18783    14665    77177   116376    59868   133178   130162   107585    62968    94787    94783    66603    93322    71785    85637   134735    83815    93322   117223    96044   132495    80367   136614   105004   129049   109017   107237   131536    50332   116822    61591   127874    88831   129877   113629    80683   107286    39182    89191   148388    56334    89519    72061    15087   104164   130664   140981    30250   103917    98908   107286   104310    80367    76678    15087    61085    80683   116376    50332    61085    20955   131536    92241    32836   114444   159689    59438   128340   135233    25303    66603    89519    62578    69498    83798    71785    74107    51672    35509   108705    63008    64495    50332   130664    44923   100905    79733   131076    41589 
  124732   198986   150909     5115    37587    74111   109115   128941    81154    93318   159041   106208    53626    78675    27645    78675   123385    96542   127684    28367    52913   147831    96542   152391        0    16331    30988    73518   103388   154558   123192    85283    36517    36517   151663   154558   100497    52913    41490    55415    86382    27645    30988   102716    28367   131049    96454   132269   141705     8260    74663   139728    96542    85420    93318    27514    90909     8388    59624   151663    31424    44183   127918    28662    78928   152200   121228   103388   136524   147831   122528   198986    55415   147610   151663   198986    89357    64481    62645    28367    72787    27645   145910    68810    28662    96966    66085    49604   131393    19250    73518    66085   107409    90151   135015    84292    28796    53626   131049   100497    81260    30988    74663    37587    99264    39560    89367   119552    56710    42178   140613   122528    78675     8388    73143   121522    90909   150909   127684    26143   102977   130378    44648    74217   140613    27512    84292   109884   150909   145671    42178    64481    74663   145671   106208    30988    37315   126082    36517    11245    70993    23503    16331    93318    96966   121522    94872    53259    35837    49604   100202   108235    85522    98891    99091    57479    74663    26143   116535    52274    81154    86382   112892 
  107227   103704    94828    21654    34099    56554    95149   111436    63649    79013   141607    89097    36469    61170    12246    61170   105666    79037   106775    32533    57133   130298    79037   135233    16331        0    14453    56013    88824   137052   104871    67700    21021    21021    86729   137052    82992    57133    24379    37267    83080    12246    14453    85559    32533   113891    79343   113145   123364    14485    60100   122571    79037    67915    79013    36453    73404    25172    57402    86729    16987    30173   110413    11552    61771   135042   104071    88824   119019   130298   104327   103704    37267   130105    86729   103704    59755    61284    45534    32533    69590    12246   128753    51233    11552    79808    48928    35040   114235    28659    56013    48928    89904    72646   117337    66787    28427    36469   113891    82992    63678    14453    60100    34099    65144    25120    49821   102394    53222    27785   122251   104327    61170    25172    58739   104365    73404    94828   106775     9961    99860   113221    41109    54564   122251    12684    66787    91537    94828   128514    27785    61284    60100   128514    89097    14453    20204   108344    21021    27921    56429     8553        0    79013    79808   104365    77715    38823    21274    35040    83045    70846    68412    81386    81980    43383    60100     9961    79134    34351    63649    83080    95734 
  103478    89691    80815    33114    28812    52857    81136   107686    58986    65000   137910    75084    32771    57316    12359    57316   101968    74722   103078    47002    54021   126600    74722   131536    30988    14453        0    42764    75409   133303   101173    64003     6370     6370    72716   133303    71687    54021    12830    33570    77793    12359        0    81861    47002   110194    65330   109448   119666    28182    46626   118873    74722    64086    65000    50922    69289    38335    52115    72716     7410    19477   106445     5764    58074   131345   100373    75409   115277   126600   100629    89691    33570   126362    72716    89691    43975    55997    30160    47002    64303    12359   125056    47535     5764    76111    45230    21287   110538    48706    42764    45230    86332    68896   113640    66497    40250    32771   110194    71687    59980        0    46626    28812    49363    11102    34041    98697    47935    13772   118553   100629    57316    38335    48043   100667    69289    80815   103078     7502    94574   109523    34215    50867   118553    16615    66497    87839    80815   124817    13772    55997    46626   124817    75084        0     9508   104646     6370    41084    40786    13461    14453    65000    76111   100667    50208    24810     6017    21287    79347    55065    54399    77689    71284    29370    46626     7502    63353    26031    58986    77793    92037 
