dep67 0 0 60
**************************************DATA
11 172 480 8 1.33
**************************************DISTANCE
       0    18650    22272    17146    79964    80733    20337    48462     8981    12598    42711    36489    65954    53830    12480    40610    36974    54991    39054    36489    23732    18650    76158    76323    68707    77721    79103    84445    98557    79964    39587    12841    90713    27391    67475    23933    66219    22272    66599    76289    87612    26939    65954    45321    67957    32759    61218    43542    55467    81882    32495    63394    32759    36489    28615    12841    18446    65198    28010    82774    94581    66599    32536    88561    57914    86087    60808    20567    68707    37002    86947    34187    33152    17146    84164    23732    27152    58973    19826    54991    17172    28615    15934    32485    15934    44563    60808    54883    28206    46831    54635    29697    49899    21459    18082    65198    46013    56896    19826    19826    54883    28615    58973    18650    66219    50336    21309    61485    51512    12787    12480    58973    14470    37747    81882    48462    29490    53830    78310    14314    34266    55793    76289    44563    68707    13990    56896    29439    92166    88806    12598    55793    46570    69550    76158    34407    14222    92166    14314    86087    44654    27040    33887    84164    18660    28010    37002    57914    92166    65954    38280    87612    34110    56896    55467    20337    63394    18446    18999    56913    12598    39054    18650    46013    67957    67824    20991    23732    70753    56913    28135    27316    89658 
   18650        0    12401    19623    86799    87412    32755    55296    21053    26858    49390    43167    72632    60664    14294    24350    20714    61670    44223    43167    28524        0    82836    83157    75385    84399    85782    91279   105391    86799    46265    29194    97547    11132    74153    30612    73053    12401    73433    83124    62638    29270    72632    52155    74636    39594    68052    50376    34187    88716    39330    70072    39594    43167    20557    29194    25280    72033    11750    50221   101416    73433    48890    95395    64748    92921    67642    13089    75385    43837    93781    47350    39987    19623    90998    28524    33830    65807    11851    61670     9114    20557    32287    47362    32287    51397    67642    61562    25621    53509    61314    32028    56733    28293    34436    72033    29754    63730    11851    11851    61562    20557    65807        0    73053    57015     5173    68163    58190    12432    14294    65807    28730    44581    88716    55296    36324    60664    85144     6339    52234    62471    83124    51397    75385    20824    63730    36273    99000    95640    26858    62471    53249    76229    82836    41241    30576    99000     6339    92921    51488    15427    33655    90998    20805    11750    43837    64748    99000    72632    54634    62638    40944    63730    34187    32755    70072    25280    21330    63591    26858    44223        0    29754    74636    44597    27670    28524    77588    63591    34814    34151    96493 
   22272    12401        0    34462    80523    81331    49319    48184    19798    26942    43309    37086    66551    53710    11964    18510    12721    55589    37396    37086    43304    12401    76755    77483    69304    78319    79701    84593    99428    80523    40184    27521    90861    16434    68072    22686    68564        0    43505    76523    72513    45224    66551    44536    68555    32908    61969    43690    21667    54153    33251    63991    32908    37086    30942    27521    22683    65347    21291    41640    96319    43505    73511    88709    58750    70853    37714     6131    69304    37151    87236    40664    33170    34462    84312    43304    27749    35879     3019    55589    19415    30942    37232    41281    37232    45337    37714    55481    46491    47428    55233    47982    50047    15061    39381    65347    21293    33723     3019     3019    55481    30942    35879    12401    68564    50934     7949    62082    52109    22734    11964    35879    45166    37649    54153    48184    13421    53710    78458     8296    45742    56390    76523    45337    69304    16743    33723    29587    92314    88954    26942    56390    47168    70148    76755    34555    35521    92314     8296    70853    49552     4752    52173    84312    36946    21291    37151    58750    92314    66551    78872    72513    34258    33723    21667    49319    63991    22683    36301    57511    26942    37396    12401    21293    68555    35179    19744    43304    70755    57511    26549    12298    89807 
   17146    19623    34462        0    91030    92082    18193    59527    23417    19601    54602    43339    77343    64895    24670    52801    49165    66917    36874    43339     8512    19623    87393    87388    80121    89963    91345    95510   109622    91030    50991    14913   101778    39582    74404    40213    77284    34462    78789    87355    99802    13203    77343    56386    80199    40541    72283    54607    67657    92947    36646    75376    40541    43339    23898    14913    26132    76264    40200    96623   105647    78789    22062    99626    68979    98277    72998    32924    80121    48068    98012    32006    44218        0    95229     8512    40091    71163    32016    66917    17974    23898    13753    31942    13753    55628    72998    64820    13488    59072    66603    23021    60965    33650    15902    76264    58204    67961    32016    32016    64820    23898    71163    19623    77284    61771    33634    72259    63453     7449    24670    71163    23748    48812    92947    59527    41680    64895    89375    26504    32086    67767    87355    55628    80121    26180    67961    41002   103231    99871    19601    67767    58879    80545    87393    48052    12042   103231    26504    98277    55719    39230    27211    95229     8497    40200    48068    68979   103231    77343    27806    99802    45175    67961    67657    18193    75376    26132     7822    68011    19601    36874    19623    58204    80199    95435    33176     8512    81819    68011    40070    39507   100724 
   79964    86799    80523    91030        0    12922    73071    34964    77564    74568    41191    47260    19269    36399    72235    98696    90947    30142    54337    47260    96230    86799    21030    35010    18150     9410    17130    46726    44571        0    51138    81466    32285    93911    25906    61434    19936    80523    38505    20405   129657   104381    19269    47070    29220    52129    21942    43336    61291    25995    57003    18406    52129    47260   101073    81466    67508    28289    94293   126533    41461    38505    97263    25806    32512   127997    35768    73812    18150    46465    27645    66067    50139    91030    21162    96230    61067    35841    78957    30142    89412   101073    79580    65033    79580    34102    35768    41907   102821    34165    30472   107323    52162    64829    84088    28289   101480    35704    78957    78957    41907   101073    35841    86799    19936    33087    87784    32743    31864    87403    72235    35841    70570    48737    25995    34964    72301    36399    40204    80963    69495    25420    20405    34102    18150    67838    35704    54476    37999    22319    74568    25420    49702    14967    21030    51341    79390    37999    80963   127997    38703    79756   108502    21162    93276    94293    46465    32512    37999    19269   102624   129657    52600    35704    61291    73071    18406    67508    93994    27890    74568    54337    86799   101480    29220   111583    59162    96230    24743    27890    42231    69943    27757 
   80733    87412    81331    92082    12922        0    74123    34826    79144    76899    42243    48312    20287    36972    73043    74878    68623    30491    59963    48312    97545    87412    32174    50290    17087    18283    25644    50821    58649    12922    52320    82275    50805    94236    26255    62486    17264    81331    31888    13748    95318   105189    20287    48392    34926    52937    24597    44144    61044    19340    58855    17599    52937    48312   101664    82275    68316    32965    94854    90026    54673    31888    99345    28829    46359    93792    32958    74864    17087    47273    17347    66875    52451    92082    10860    97545    62119    33032    79765    30491    90220   101664    80388    66085    80388    38213    32958    42959   103629    34514    28338   108131    52970    65373    84896    32965    76701    27340    79765    79765    42959   101664    33032    87412    17264    34139    88288    39749    32212    88211    73043    33032    71378    49809    19340    34826    72925    36972    44880    81159    71760    25768    13748    38213    17087    69108    27340    55284    52258    16698    76899    25768    50754    12422    32174    52149    80198    52258    81159    93792    37402    80974   109311    10860    94084    94854    47273    46359    52258    20287   105089    95318    53409    27340    61044    74123    17599    68316    94422    32987    76899    59963    87412    76701    34926    75077    60214    97545    33395    32987    42580    70751    17551 
   20337    32755    49319    18193    73071    74123        0    41569    11859     9614    36643    25991    59385    46937    21446    67492    61237    48958    18915    25991    32640    32755    69435    69430    63074    72088    73470    77551    91663    73071    33032     8228    83820    39580    61842    22255    59325    49319    78022    69396    99035    40284    59385    38428    62324    22583    54325    36649    66890    74988    18688    57761    22583    25991    42712     8228    15249    58305    40198    95309    87688    78022    34440    81668    51020    97510    55301    42588    63074    30109    80054    14048    26259    18193    77270    32640    30424    70396    32014    48958    31268    42712     5826    10472     5826    37669    55301    46862    45416    41198    48645    43226    43006    33361    11683    58305    70276    50003    32014    32014    46862    42712    70396    32755    59325    43813    33632    54301    45879    28740    21446    70396     6054    30854    74988    41569    40913    46937    71417    26502     9275    49809    69396    37669    63074    17474    50003    23044    85273    81913     9614    49809    40937    62586    69435    30094     6151    85273    26502    97510    37761    48962    50498    77270    26231    40198    30109    51020    85273    59385    40184    99035    27217    50003    66890        0    57761    15249    34951    51280     9614    18915    32755    70276    62324    80359    27938    32640    63860    51280    34172    38739    82765 
   48462    55296    48184    59527    34964    34826    41569        0    45997    43752     7349    15757    19738     7663    39896    66357    59445     7405    26816    15757    64728    55296    46957    47685    20364    48521    49903    55198    69310    34964    11380    49128    61467    61089    12114    29932    17233    48184    28274    27847    97900    72042    19738     6991    38757    19790    31971    14296    41561    30066    25501    17045    19790    15757    68516    49128    35169    35952    61707    95031    65335    28274    66198    59315    28667    96375    13732    42310    20364    14126    36426    33728    19304    59527    54917    64728    29565    22291    46618     7405    57073    68516    47241    33531    47241    15316    13732    25683    70482     4268    10401    74984    11569    32226    51749    35952    69141     8434    46618    46618    25683    68516    22291    55296    17233    21136    56282    32284     3926    55064    39896    22291    38231     8409    30066        0    40799     7663    49064    48012    38613    12199    27847    15316    20364    35961     8434    22137    62919    59559    43752    12199     9945    23865    46957    13654    47051    62919    48012    96375    15407    47827    76163    54917    60937    61707    14126    28667    62919    19738    71942    97900    20262     8434    41561    41569    17045    35169    62491    27713    43752    26816    55296    69141    38757    80081    27660    64728    41507    27713    14395    37604    60412 
    8981    21053    19798    23417    77564    79144    11859    45997        0     6174    41123    30035    64365    51524     8458    38324    32492    53402    23408    30035    36715    21053    74569    75297    67118    76132    77515    82044    96156    77564    37998     7332    88312    28013    65886    16092    63818    19798    63088    73889    84102    33490    64365    42920    66369    27075    58817    41141    51956    79481    13110    61805    27075    30035    33311     7332     5719    62798    28632    79901    92181    63088    37971    86160    55513    82576    57297    16726    67118    34602    84546    12018    30752    23417    81763    36715    19434    55462    18350    53402    21867    33311    19014    16612    19014    42162    57297    53294    34757    45242    53046    36248    47498    17949    23522    62798    41107    54495    18350    18350    53294    33311    55462    21053    63818    48748    22039    59896    49923    19339     8458    55462     8047    35346    79481    45997    25670    51524    75909    14936    15114    54204    73889    42162    67118     7945    54495    27536    89765    86405     6174    54204    44982    67961    74569    25471    11490    89765    14936    82576    42253    24566    40439    81763    25212    28632    34602    55513    89765    64365    43715    84102    31709    54495    51956    11859    61805     5719    25256    55324     6174    23408    21053    41107    66369    64952    14530    36715    68353    55324    21674    23806    87258 
   12598    26858    26942    19601    74568    76899     9614    43752     6174        0    38878    27790    62120    49279    15602    46954    39101    51157    21420    27790    34470    26858    72324    73052    64873    73887    75270    79048    94997    74568    35753     6308    85317    34072    63641    15680    64133    26942    79518    72091   100532    40819    62120    40105    64123    24080    57537    38146    69056    77681    21499    59560    24080    27790    36618     6308     9799    59802    34455    97108    91887    79518    35503    83165    54319    98573    56798    23335    64873    31606    82805    15545    28739    19601    78767    34470    31643    71892    26170    51157    25424    36618    16018    14366    16018    40906    56798    51049    38314    42997    50801    43761    44503    35405    20526    59802    71773    51621    26170    26170    51049    36618    71892    26858    64133    46502    27945    57651    47678    22896    15602    71892     5051    33218    77681    43752    42877    49279    72914    21125    12118    51959    72091    40906    64873    11846    51621    24540    86769    83409        0    51959    42737    65716    72324    31590    15828    86769    21125    98573    39257    50459    43995    78767    28769    34455    31606    54319    86769    62120    40864   100532    28713    51621    69056     9614    59560     9799    28873    53079        0    21420    26858    71773    64123    82159    29737    34470    66324    53079    35971    40236    84262 
   42711    49390    43309    54602    41191    42243    36643     7349    41123    38878        0     9477    19956     6015    35021    61483    55227    10573    21941     9477    59523    49390    37554    42202    29041    35642    37025    50323    59783    41191     8269    44253    51940    56214    14690    25122    21063    43309    35778    37516    93025    67167    19956     4341    33831    14916    22444     9421    60880    43108    20833    23728    14916     9477    63642    44253    30294    31077    56833    90105    55808    35778    61324    49788    23792    91500    21237    37384    29041     8012    48174    28853    14429    54602    45390    59523    18771    29795    41744    10573    52198    63642    42366    29077    42366     3946    21237    19634    65607     5126    12557    70109     8919    27351    46874    31077    64266    15938    41744    41744    19634    63642    29795    49390    21063    11479    50267    27073     7117    50189    35021    29795    33356     5759    43108     7349    34903     6015    44189    43137    33738    13714    37516     3946    29041    31086    15938    17262    53392    50032    38878    13714     6878    30706    37554     9725    42176    53392    43137    91500     5445    42952    71289    45390    56062    56833     8012    23792    53392    19956    67068    93025    15387    15938    60880    36643    23728    30294    56400    14834    38878    21941    49390    64266    33831    75155    22734    59523    36632    14834    16228    32729    50885 
   36489    43167    37086    43339    47260    48312    25991    15757    30035    27790     9477        0    33573    21125    28798    55260    49004    23147     8000        0    48436    43167    43623    43618    36351    45406    46788    51740    65852    47260     8673    33166    58008    49991    30634    13661    33514    37086    44031    43585    86802    56080    33573    12616    35642     3534    28513     8053    54657    49177    11002    31606     3534        0    57419    33166    24071    32494    50610    83623    61877    44031    50236    55856    25209    85277    29490    30734    36351     2248    54242    17766     5685    43339    51459    48436    11045    38048    35521    23147    45976    57419    31279    13465    31279    11858    29490    21050    59385    14516    22833    59022    17194    21128    35787    32494    58043    24191    35521    35521    21050    57419    38048    43167    33514    18001    44044    28489    19683    43966    28798    38048    22269     6062    49177    15757    28680    21125    45605    36914    22650    23997    43585    11858    36351    24863    24191    10153    59461    56101    27790    23997    15109    36774    43623     9957    31089    59461    36914    85277    11949    36730    65066    51459    49839    50610     2248    25209    59461    33573    55980    86802     2037    24191    54657    25991    31606    24071    50177    24241    27790     8000    43167    58043    35642    82435    16289    48436    38049    24241    16294    26506    56954 
   65954    72632    66551    77343    19269    20287    59385    19738    64365    62120    19956    33573        0    22192    58263    84725    78469     9822    45183    33573    82765    72632    21462    35726    13018    23026    24408    46421    44084    19269    37540    67495    36241    79456     7134    47747     8475    66551    37528    19388   116267    90409        0    33612    24551    38158     8587    29365    48896    24980    44075     6001    38158    33573    86884    67495    53537    23500    80075   112846    40109    37528    84566    34089    19139   114742    21067    60125    13018    32493    30046    52096    37672    77343    27262    82765    47381    29625    64986     9822    75441    86884    65608    51346    65608    23434    21067    28220    88850    15832     7924    93352    38190    50593    70116    23500    87508    21044    64986    64986    28220    86884    29625    72632     8475    19400    73509    25011    13531    73431    58263    29625    56598    35030    24980    19738    58145    22192    35414    66379    56980     5355    19388    23434    13018    54328    21044    40505    37694    31904    62120     5355    36015    13862    21462    37370    65418    37694    66379   114742    22623    66195    94531    27262    79304    80075    32493    19139    37694        0    90310   116267    38629    21044    48896    59385     6001    53537    79642    10660    62120    45183    72632    87508    24551    97896    45475    82765    25574    10660    26952    55972    32757 
   53830    60664    53710    64895    36399    36972    46937     7663    51524    49279     6015    21125    22192        0    45422    71884    65628     7336    32342    21125    70096    60664    32396    37775    24945    33960    35342    45270    54991    36399    11094    54654    47148    66615    10689    35299    22653    53710    34544    32724   103426    77568    22192     7457    28847    25317    17652    16524    71281    38316    30869    19633    25317    21125    74043    54654    40696    26023    67234   100399    51016    34544    71725    44996    18739   101901    20002    47678    24945    19652    43381    39255    24831    64895    40598    70096    34933    28561    52145     7336    62600    74043    52767    38899    52767     2984    20002    15773    76009     3747    10874    80511    12036    37752    57276    26023    74667    14704    52145    52145    15773    74043    28561    60664    22653     6563    61650    22374     5859    60590    45422    28561    43757     8875    38316     7663    46167        0    39135    53538    44139    12031    32724     2984    24945    41487    14704    27664    48600    45240    49279    12031     9658    25789    32396    12841    52578    48600    53538   101901     6519    53354    81690    40598    66463    67234    19652    18739    48600    22192    77469   103426    25788    14704    71281    46937    19633    40696    67859    13152    49279    32342    60664    74667    28847    85449    33028    70096    31578    13152    19009    43131    46093 
   12480    14294    11964    24670    72235    73043    21446    39896     8458    15602    35021    28798    58263    45422        0    30208    24702    47301    29108    28798    33512    14294    68467    69195    61016    70031    71413    77369    91140    72235    31896    23024    81004    21407    59784    16243    60276    11964    59524    68235    78208    33912    58263    36248    60267    25344    53681    36467    47031    73825    24963    55703    25344    28798    33589    23024    11371    58258    21789    75083    88031    59524    42681    81486    50462    76548    53732     8936    61016    29179    78948    33441    24882    24670    76246    33512    19461    50138    10234    47301    21770    33589    25920    32993    25920    37049    53732    47193    35660    39140    46945    38229    42824    13110    27898    58258    32991    47764    10234    10234    47193    33589    50138    14294    60276    42646    15279    53794    43821    19761        0    50138    17354    29361    73825    39896    20852    45422    70829     8459    37454    48102    68235    37049    61016     6315    47764    22364    85091    80861    15602    48102    38880    61860    68467    28545    24209    85091     8459    76548    41264    16733    40860    76246    25634    21789    29179    50462    85091    58263    48042    78208    27035    47764    47031    21446    55703    11371    26509    49223    15602    29108    14294    32991    60267    60134    13301    33512    62467    49223    20445    20241    81662 
   40610    24350    18510    52801    98696    74878    67492    66357    38324    46954    61483    55260    84725    71884    30208        0     6843    61046    55569    55260    90652    24350    94929    95657    60923    96492    97875   103790   117602    98696    48174    51154   107465    20672    58596    45060    58640    18510    48387    62045    36288    62590    84725    62710    86728    51806    80142    61915    21333    57470    51424    82165    51806    55260    43667    51154    39725    84719    25528    26109   114492    48387    91684   107024    76924    41079    42479    24657    60923    55640    70634    59534    51344    52801    74122    90652    45923    40738    21581    61046    33525    43667    71319    59454    71319    63511    42479    73654    63790    65602    73406    66360    48338    33457    76900    84719     6230    47652    21581    21581    73654    43667    40738    24350    58640    69107    20669    80256    70283    36827    30208    40738    63938    55823    57470    66357    28740    71884    97291    26296    63916    74564    62045    63511    60923    35269    47652    47461   111211    78736    46954    74564    49797    62838    94929    46775    52499   111211    26296    41079    67726    15245    58066    74122    43647    25528    55640    76924   111211    84725    97046    36288    52360    47652    21333    67492    82165    39725    54639    75684    46954    55569    24350     6230    86728    24782    42117    90652    88929    75684    41868    30463    79538 
   36974    20714    12721    49165    90947    68623    61237    59445    32492    39101    55227    49004    78469    65628    24702     6843        0    54790    48371    49004    84396    20714    88673    89401    54668    90237    91619    95427   109539    90947    41919    66898   101696    17098    52341    38804    51873    12721    42050    56089    39725    57962    78469    56304    80473    43742    72200    54525    15069    51134    45169    75910    43742    49004    40546    66898    40018    76181    20949    29507   105564    42050    83968    99544    68896    43662    36259    18402    54668    47985    64668    51498    44135    49165    67326    84396    39667    34424    15757    54790    29102    40546    65011    53199    65011    55545    36259    67399    59229    59346    67151    60720    41985    27041    69519    76181     9627    41294    15757    15757    67399    40546    34424    20714    51873    62852    16467    74000    64028    34595    24702    34424    56001    48729    51134    59445    22484    65628    89293    22917    56383    68308    56089    55545    54668    35563    41294    40422   103148    71968    39101    68308    43542    56583    88673    40424    64821   103148    22917    43662    55636     8990    53644    67326    40794    20949    47985    68896   103148    78469    89713    39725    45092    41294    15069    61237    75910    40018    51003    69429    39101    48371    20714     9627    80473    24419    35862    84396    81736    69429    35612    24150    72821 
   54991    61670    55589    66917    30142    30491    48958     7405    53402    51157    10573    23147     9822     7336    47301    61046    54790        0    34221    23147    71803    61670    26911    41109    13910    28475    29857    51804    49468    30142    15520    56533    41624    68494     4391    37402    12411    55589    33924    24731    81485    79447     9822    11592    37096    27195    10710    21701    47212    26950    33113    10590    27195    23147    75921    56533    42574    28883    69112    78424    45492    33924    73603    39472    26679    79960    19383    49699    13910    21531    33310    41133    26709    66917    34096    71803    36954    27941    54023        0    64478    75921    54646    41357    54646    11476    19383    22521    77887     5944     5823    82389    12047    39631    59154    28883    62868    14084    54023    54023    22521    75921    27941    61670    12411    13879    62546    29960     3642    62469    47301    27941    45636    13009    26950     7405    28820     7336    40797    55416    46017     4947    24731    11476    13910    43366    14084    29542    43077    38738    51157     4947    14217    19412    26911    16285    54456    43077    55416    79960    15011    55232    83568    34096    68342    69112    21531    26679    43077     9822    79347    81485    27666    14084    47212    48958    10590    42574    68680    11061    51157    34221    61670    62868    37096    63475    35049    71803    30957    11061    20055    45009    39591 
   39054    44223    37396    36874    54337    59963    18915    26816    23408    21420    21941     8000    45183    32342    29108    55569    48371    34221        0     8000    42074    44223    55387    56115    47936    56951    58333    58817    72929    54337    16572    26795    65086    50301    46705    10510    40591    37396    66099    50662    87112    49709    45183    19694    47187     7376    40601    17915    54967    56254     6239    42623     7376     8000    57728    26795    24381    39571    50919    83957    74951    66099    43866    62934    32286    85422    36567    31237    47936     9950    61320    11396    12141    36874    58536    42074    13078    58473    35830    34221    46285    57728    24908     6928    24908    18935    36567    34113    54842    26060    33865    52652    24272    21438    29416    39571    58353    31268    35830    35830    34113    57728    58473    44223    40591    29566    45208    40714    30741    44276    29108    58473    15898    16727    56254    26816    29726    32342    52683    37223    16280    35022    50662    18935    47936    25173    31268     9429    66538    63178    21420    35022    25800    48780    55387    14120    24718    66538    37223    85422    19026    37039    59923    58536    50149    50919     9950    32286    66538    45183    49610    87112     9377    31268    54967    18915    42623    24381    51418    36143    21420        0    44223    58353    47187    69008    16586    42074    49387    36143    22820    26816    64031 
   36489    43167    37086    43339    47260    48312    25991    15757    30035    27790     9477        0    33573    21125    28798    55260    49004    23147     8000        0    48436    43167    43623    43618    36351    45406    46788    51740    65852    47260     8673    33166    58008    49991    30634    13661    33514    37086    44031    43585    86802    56080    33573    12616    35642     3534    28513     8053    54657    49177    11002    31606     3534        0    57419    33166    24071    32494    50610    83623    61877    44031    50236    55856    25209    85277    29490    30734    36351     2248    54242    17766     5685    43339    51459    48436    11045    38048    35521    23147    45976    57419    31279    13465    31279    11858    29490    21050    59385    14516    22833    59022    17194    21128    35787    32494    58043    24191    35521    35521    21050    57419    38048    43167    33514    18001    44044    28489    19683    43966    28798    38048    22269     6062    49177    15757    28680    21125    45605    36914    22650    23997    43585    11858    36351    24863    24191    10153    59461    56101    27790    23997    15109    36774    43623     9957    31089    59461    36914    85277    11949    36730    65066    51459    49839    50610     2248    25209    59461    33573    55980    86802     2037    24191    54657    25991    31606    24071    50177    24241    27790     8000    43167    58043    35642    82435    16289    48436    38049    24241    16294    26506    56954 
   23732    28524    43304     8512    96230    97545    32640    64728    36715    34470    59523    48436    82765    70096    33512    90652    84396    71803    42074    48436        0    28524    92969    92589    85518    94533    95915   100710   114822    96230    56398    19763   106979    36368    84286    46575    82484    43304   101181    92555   122194    10200    82765    61587    84769    45742    77484    59808    90049    98147    41847    80205    45742    48436    28331    19763    40105    81464    34700   117754   110847   101181    14062   104827    74179   120669    78460    42002    85518    53268   103213    37207    49418     8512   100429        0    52288    93555    40858    71803    23391    28331    18417    35012    18417    60829    78460    71695    19004    63642    71447    17584    66165    56520    12736    81464    93435    73162    40858    40858    71695    28331    93555    28524    82484    67148    42744    78296    68323    16203    33512    93555    28948    54013    98147    64728    64072    70096    94576    35346    37287    72604    92555    60829    85518    35022    73162    46203   108432   105072    34470    72604    63382    86362    92969    53253    21457   108432    35346   120669    60920    72121    24086   100429    12930    34700    53268    74179   108432    82765    19806   122194    50376    73162    90049    32640    80205    40105     9490    73725    34470    42074    28524    93435    84769   102804    50383        0    87019    73725    56616    61898   105924 
   18650        0    12401    19623    86799    87412    32755    55296    21053    26858    49390    43167    72632    60664    14294    24350    20714    61670    44223    43167    28524        0    82836    83157    75385    84399    85782    91279   105391    86799    46265    29194    97547    11132    74153    30612    73053    12401    73433    83124    62638    29270    72632    52155    74636    39594    68052    50376    34187    88716    39330    70072    39594    43167    20557    29194    25280    72033    11750    50221   101416    73433    48890    95395    64748    92921    67642    13089    75385    43837    93781    47350    39987    19623    90998    28524    33830    65807    11851    61670     9114    20557    32287    47362    32287    51397    67642    61562    25621    53509    61314    32028    56733    28293    34436    72033    29754    63730    11851    11851    61562    20557    65807        0    73053    57015     5173    68163    58190    12432    14294    65807    28730    44581    88716    55296    36324    60664    85144     6339    52234    62471    83124    51397    75385    20824    63730    36273    99000    95640    26858    62471    53249    76229    82836    41241    30576    99000     6339    92921    51488    15427    33655    90998    20805    11750    43837    64748    99000    72632    54634    62638    40944    63730    34187    32755    70072    25280    21330    63591    26858    44223        0    29754    74636    44597    27670    28524    77588    63591    34814    34151    96493 
   76158    82836    76755    87393    21030    32174    69435    46957    74569    72324    37554    43623    21462    32396    68467    94929    88673    26911    55387    43623    92969    82836        0    14938    28376    12057    10425    25003    19650    21030    47745    77699    10860    89660    26873    58569    24499    76755    53028    34888   126472   100613    21462    43816    14629    48362    18326    39569    94326    40480    54279    22792    48362    43623    97088    77699    63741    17369    90279   122896    18751    53028    94770    15057    27005   124946    37090    70175    28376    42697    45546    62300    47876    87393    42762    92969    57431    45649    75190    26911    85645    97088    75813    62524    75813    33638    37090    35433    99054    35132    26835   103556    48394    60797    80321    17369    97712    37068    75190    75190    35433    97088    45649    82836    24499    27697    83713    24624    32831    83635    68467    45649    66802    45234    40480    46957    68349    32396    22682    76583    67184    22771    34888    33638    28376    64532    37068    50709    13260    38522    72324    22771    46066    28078        0    47574    75623    13260    76583   124946    32827    76399   104735    42762    89508    90279    42697    27005    13260    21462   100514   126472    48833    37068    94326    69435    22792    63741    89846    24254    72324    55387    82836    97712    14629   107947    55525    92969    10953    24254    43198    66176    48257 
   76323    83157    77483    87388    35010    50290    69430    47685    75297    73052    42202    43618    35726    37775    69195    95657    89401    41109    56115    43618    92589    83157    14938        0    42246    27085    25141    12287    11350    35010    47496    78427    15814    90388    40744    57792    43366    77483    71895    53755   127199   101341    35726    44544     8956    49090    29874    40296    95054    59347    55007    36663    49090    43618    97816    78427    64468     9831    91006   122891    27100    71895    95497    28845    25005   125674    55958    70171    42246    43425    64413    63027    48603    87388    61629    92589    57426    64516    75917    41109    86372    97816    76540    61392    76540    34483    55958    32946    99781    40895    40706   104283    49122    61525    81048     9831    98440    56118    75917    75917    32946    97816    64516    83157    43366    29664    84142    21506    42816    84363    69195    64516    67530    45962    59347    47685    69077    37775    12828    77311    67912    36641    53755    34483    42246    65260    56118    51436    13297    66271    73052    36641    46061    43090    14938    48301    76350    13297    77311   125674    33672    77126   105463    61629    90236    91006    43425    25005    13297    35726   101242   127199    49561    56118    95054    69430    36663    64468    90574    29362    73052    56115    83157    98440     8956   107942    55520    92589    14531    29362    56790    66903    67124 
   68707    75385    69304    80121    18150    17087    63074    20364    67118    64873    29041    36351    13018    24945    61016    60923    54668    13910    47936    36351    85518    75385    28376    42246        0    25163    30490    52941    50605    18150    40293    70248    42761    82209    11221    51118     3202    69304    20759     9987    81362    93162    13018    36365    30633    40911    16553    32118    47089    15580    46828     6319    40911    36351    89637    70248    56290    30020    82828    76040    46629    20759    87319    40609    34333    79837    19003    62904        0    35246    20645    54849    40425    80121    18188    85518    44766    19076    67739    13910    78194    89637    68362    55073    68362    26187    19003    30174    91603    19480    19407    96105    40943    53346    72870    30020    62745    13278    67739    67739    30174    89637    19076    75385     3202    21207    76262    37613    17178    76184    61016    19076    59351    37783    15580    20364    60898    24945    41934    69132    59733    13558     9987    26187        0    57081    13278    43258    44214    22830    64873    13558    38794     3299    28376    40123    68172    44214    69132    79837    25376    68948    97284    18188    82057    82828    35246    34333    44214    13018    93063    81362    41382    13278    47089    63074     6319    56290    82395    21026    64873    47936    75385    62745    30633    76995    48253    85518    32094    21026    27546    58725    23683 
