dep10 0 0 60
**************************************DATA
4 68 480 8 1.33
**************************************DISTANCE
       0    32042    15095    34006    67963    61463    15095    59359    19911    26248    26366     8153     8893    66696    55117    15095    59359    61463    15095    15095    48998    26366    21871    78980    15088     4541    48998     8153    61463    26366    34006    30455    40060    46008    41041    10056    65497    48998     6158    36547    40060    16013    36547    10056    22634    46664    55117    29806    20215    66696    38858    14774    51901    73300    11274     6158    11735    38858    61883    38783    55474    78980    26603    37885    20215    26108    59359    30455    20215 
   32042        0    16068    21529    41664    38521    16068    33234    16678    44432    20078    29255    20177    26186    29472    16068    33234    38521    16068    16068    16249    20078    16004    45746    23385    31328    16249    29255    38521    20078    21529    17979    43523    68228    58192    30088    38502    16249    33384    21048    43523    23838    21048    30088    59379    14622    29472     3995    38701    26186    26382    20970    69052    86330    19043    33384    25321    26382    79644    33720    33973    45746    12386     5842    38701    49149    33234    17979    38701 
   15095    16068        0    19337    53459    47441        0    45336    11578    30556    20462     7199     6354    42271    40492        0    45336    47441        0        0    30969    20462     8926    66287     9509     9191    30969     7199    47441    20462    19337    15931    35511    51970    44316     6370    50682    30969    16289    22525    35511     7012    22525     6370    44202    30690    40492    13831    25190    42271    24189     3798    55175    71664     4825    16289     9882    24189    64467    34187    40880    66287     2769    21910    25190    32054    45336    15931    25190 
   34006    21529    19337        0    40785    30128    19337    28024    29256    42019     6077    25739    25227    31462    23180    19337    28024    30128    19337    19337    37778     6077    12451    52826    20972    29544    37778    25739    30128     6077        0     3925    26003    70509    55779    24855    33369    37778    34828     5212    26003    21340     5212    24855    50468    30643    23180    17534    36653    31462     4427    18209    66638    91185    23364    34828    22561     4427    83823    51866    23567    52826    17342    21864    36653    50593    28024     3925    36653 
   67963    41664    53459    40785        0    14163    53459    18155    63213    75975    49868    82373    57126    20337    20763    53459    18155    14163    53459    53459    47570    49868    46408    11366    54928    63068    47570    82373    14163    49868    40785    44950    55952   122289    89735    59170     8924    47570    86503    35748    55952    55080    35748    59170   113440    39666    20763    45427    69943    20337    36859    52212    92500   140146    57320    86503    56564    36859   133706    65787    17914    11366    51654    37182    69943   102268    18155    44950    69943 
   61463    38521    47441    30128    14163        0    47441     4688    57191    69953    36446    53673    51109    23378    10107    47441     4688        0    47441    47441    50649    36446    40386    23512    48235    57050    50649    53673        0    36446    30128    34294    42584   113537    83714    53152     4351    50649    62763    24243    42584    49062    24243    53152    78453    42707    10107    43140    63926    23378    26203    46194    79132   118495    51299    62763    50546    26203   111809    72720     7258    23512    45636    38732    63926    78528     4688    34294    63926 
   15095    16068        0    19337    53459    47441        0    45336    11578    30556    20462     7199     6354    42271    40492        0    45336    47441        0        0    30969    20462     8926    66287     9509     9191    30969     7199    47441    20462    19337    15931    35511    51970    44316     6370    50682    30969    16289    22525    35511     7012    22525     6370    44202    30690    40492    13831    25190    42271    24189     3798    55175    71664     4825    16289     9882    24189    64467    34187    40880    66287     2769    21910    25190    32054    45336    15931    25190 
   59359    33234    45336    28024    18155     4688    45336        0    55111    67873    34341    51593    49004    18677     5017    45336        0     4688    45336    45336    45947    34341    38306    27503    46826    54945    45947    51593     4688    34341    28024    32189    40504   111432    81633    51047     8160    45947    60683    19554    40504    46958    19554    51047    76348    38006     5017    37853    61821    18677    22066    44090    77052   116390    49218    60683    48441    22066   109704    64128     7227    27503    43532    33445    61821    76448        0    32189    61821 
   19911    16678    11578    29256    63213    57191    11578    55111        0    46257    30313    11244    16585    43771    50367    11578    55111    57191    11578    11578    20667    30313    19078    70626    25201    19197    20667    11244    57191    30313    29256    25705    45663    55251    60041     9189    60747    20667    19556    32305    45663    18250    32305     9189    48073    28582    50367    17104    40892    43771    34108    14951    68389    75024    11798    19556    20112    34108    68338    23221    50724    70626    13327    22055    40892    34996    55111    25705    40892 
   26248    44432    30556    42019    75975    69953    30556    67873    46257        0    34565    34316    30870    63400    63130    30556    67873    69953    30556    30556    60384    34565    29698    81498    21292    31722    60384    34316    69953    34565    42019    38468    31218    55566    12785    35986    73510    60384    28282    45067    31218    23691    45067    35986    18991    58688    63130    42181     5366    63400    46871    26260    24431    61815    32894    28282    22542    46871    55130    63276    63487    81498    34616    50275     5366    35607    67873    38468     5366 
   26366    20078    20462     6077    49868    36446    20462    34341    30313    34565        0    26795    21101    34368    29676    20462    34341    36446    20462    20462    36089        0     9259    59217    13518    21952    36089    26795    36446        0     6077     5193    23192    78439    48325    26173    40056    36089    32710    11529    23192    13965    11529    26173    43356    33550    29676    16083    28828    34368    10168    13069    54273    83731    24420    32710    15448    10168    76711    52922    30033    59217    18657    24770    28828    47315    34341     5193    28828 
    8153    29255     7199    25739    82373    53673     7199    51593    11244    34316    26795        0     4229    63134    46850     7199    51593    53673     7199     7199    32112    26795    16691    75188    13745     7438    32112        0    53673    26795    25739    22188    46339    45443    57679     2095    57230    32112     8182    28787    46339    14183    28787     2095    37826    42826    46850    27003    29436    63134    30591     8244    56933    64777     2328     8182    11912    30591    58091    32246    47207    75188     9810    35097    29436    25559    51593    22188    29436 
    8893    20177     6354    25227    57126    51109     6354    49004    16585    30870    21101     4229        0    67312    44160     6354    49004    51109     6354     6354    33821    21101    11516    80079     9824     4352    33821     4229    51109    21101    25227    19598    38878    49930    44631     5861    54349    33821    10432    26192    38878     7661    26192     5861    32060    34799    44160    17940    25505    67312    30079     5295    55490    69623     2322    10432     8429    30079    62983    39194    44547    80079     8197    26019    25505    30014    49004    19598    25505 
   66696    26186    42271    31462    20337    23378    42271    18677    43771    63400    34368    63134    67312        0    17722    42271    18677    23378    42271    42271    27270    34368    33616    19560    42353    65981    27270    63134    23378    34368    31462    32633    48434   102881    77160    64742    26616    27270    67263    23654    48434    44311    23654    64742    94032    19329    17722    30181    59174        0    28884    41443    88019   120906    65901    67263    45794    28884   114297    45450    22223    19560    38590    21704    59174    83028    18677    32633    59174 
   55117    29472    40492    23180    20763    10107    40492     5017    50367    63130    29676    46850    44160    17722        0    40492     5017    10107    40492    40492    44231    29676    33562    32807    42083    50101    44231    46850    10107    29676    23180    27345    35760    91620    76890    46203    13646    44231    55939    14890    35760    42114    14890    46203    71505    37051        0    34091    56977    17722    17402    39246    72308   112296    44475    55939    43597    17402   104860    63172     4501    32807    38688    29682    56977    71704     5017    27345    56977 
   15095    16068        0    19337    53459    47441        0    45336    11578    30556    20462     7199     6354    42271    40492        0    45336    47441        0        0    30969    20462     8926    66287     9509     9191    30969     7199    47441    20462    19337    15931    35511    51970    44316     6370    50682    30969    16289    22525    35511     7012    22525     6370    44202    30690    40492    13831    25190    42271    24189     3798    55175    71664     4825    16289     9882    24189    64467    34187    40880    66287     2769    21910    25190    32054    45336    15931    25190 
   59359    33234    45336    28024    18155     4688    45336        0    55111    67873    34341    51593    49004    18677     5017    45336        0     4688    45336    45336    45947    34341    38306    27503    46826    54945    45947    51593     4688    34341    28024    32189    40504   111432    81633    51047     8160    45947    60683    19554    40504    46958    19554    51047    76348    38006     5017    37853    61821    18677    22066    44090    77052   116390    49218    60683    48441    22066   109704    64128     7227    27503    43532    33445    61821    76448        0    32189    61821 
   61463    38521    47441    30128    14163        0    47441     4688    57191    69953    36446    53673    51109    23378    10107    47441     4688        0    47441    47441    50649    36446    40386    23512    48235    57050    50649    53673        0    36446    30128    34294    42584   113537    83714    53152     4351    50649    62763    24243    42584    49062    24243    53152    78453    42707    10107    43140    63926    23378    26203    46194    79132   118495    51299    62763    50546    26203   111809    72720     7258    23512    45636    38732    63926    78528     4688    34294    63926 
   15095    16068        0    19337    53459    47441        0    45336    11578    30556    20462     7199     6354    42271    40492        0    45336    47441        0        0    30969    20462     8926    66287     9509     9191    30969     7199    47441    20462    19337    15931    35511    51970    44316     6370    50682    30969    16289    22525    35511     7012    22525     6370    44202    30690    40492    13831    25190    42271    24189     3798    55175    71664     4825    16289     9882    24189    64467    34187    40880    66287     2769    21910    25190    32054    45336    15931    25190 
   15095    16068        0    19337    53459    47441        0    45336    11578    30556    20462     7199     6354    42271    40492        0    45336    47441        0        0    30969    20462     8926    66287     9509     9191    30969     7199    47441    20462    19337    15931    35511    51970    44316     6370    50682    30969    16289    22525    35511     7012    22525     6370    44202    30690    40492    13831    25190    42271    24189     3798    55175    71664     4825    16289     9882    24189    64467    34187    40880    66287     2769    21910    25190    32054    45336    15931    25190 
   48998    16249    30969    37778    47570    50649    30969    45947    20667    60384    36089    32112    33821    27270    44231    30969    45947    50649    30969    30969        0    36089    31956    46830    39337    48284        0    32112    50649    36089    37778    34198    59475    72009    74144    30008    54310        0    49336    35356    59475    39705    35356    30008    75331     8173    44231    20244    55019    27270    42631    36922    85004   102979    31958    49336    41273    42631    95596    18770    48459    46830    28316    14118    55019    65101    45947    34198    55019 
   26366    20078    20462     6077    49868    36446    20462    34341    30313    34565        0    26795    21101    34368    29676    20462    34341    36446    20462    20462    36089        0     9259    59217    13518    21952    36089    26795    36446        0     6077     5193    23192    78439    48325    26173    40056    36089    32710    11529    23192    13965    11529    26173    43356    33550    29676    16083    28828    34368    10168    13069    54273    83731    24420    32710    15448    10168    76711    52922    30033    59217    18657    24770    28828    47315    34341     5193    28828 
   21871    16004     8926    12451    46408    40386     8926    38306    19078    29698     9259    16691    11516    33616    33562     8926    38306    40386     8926     8926    31956     9259        0    51930     8642    17457    31956    16691    40386     9259    12451     6440    29026    73944    43483    14637    43942    31956    28028    15500    29026     9470    15500    14637    38861    30585    33562    12157    24333    33616    17303     6602    51830    78902    11763    28028    10953    17303    72216    41480    33919    51930     7121    21846    24333    54428    38306     6440    24333 
   78980    45746    66287    52826    11366    23512    66287    27503    70626    81498    59217    75188    80079    19560    32807    66287    27503    23512    66287    66287    46830    59217    51930        0    60451    78265    46830    75188    23512    59217    52826    57065    65301   114998   125470    77102    21807    46830    79317    41270    65301    60819    41270    77102   106030    38889    32807    49741    76132    19560    48907    58009   101849   132960    77955    79317    86627    48907   126295    65011    29946        0    63635    41264    76132    95082    27503    57065    76132 
   15088    23385     9509    20972    54928    48235     9509    46826    25201    21292    13518    13745     9824    42353    42083     9509    46826    48235     9509     9509    39337    13518     8642    60451        0    10675    39337    13745    48235    13518    20972    17421    25327    67162    35053    14939    52463    39337    21732    24020    25327     2645    24020    14939    31952    37632    42083    21134    15914    42353    25824     5213    45912    72120    11838    21732     4144    25824    65434    42229    42440    60451    13569    29228    15914    36337    46826    17421    15914 
    4541    31328     9191    29544    63068    57050     9191    54945    19197    31722    21952     7438     4352    65981    50101     9191    54945    57050     9191     9191    48284    21952    17457    78265    10675        0    48284     7438    57050    21952    29544    25540    37971    48598    45482     9468    60291    48284     8506    32134    37971     9736    32134     9468    28030    45949    50101    29091    26356    65981    34397     8380    56342    68292     6002     8506     9660    34397    61169    38069    50489    78265    22102    37170    26356    28682    54945    25540    26356 
   48998    16249    30969    37778    47570    50649    30969    45947    20667    60384    36089    32112    33821    27270    44231    30969    45947    50649    30969    30969        0    36089    31956    46830    39337    48284        0    32112    50649    36089    37778    34198    59475    72009    74144    30008    54310        0    49336    35356    59475    39705    35356    30008    75331     8173    44231    20244    55019    27270    42631    36922    85004   102979    31958    49336    41273    42631    95596    18770    48459    46830    28316    14118    55019    65101    45947    34198    55019 
    8153    29255     7199    25739    82373    53673     7199    51593    11244    34316    26795        0     4229    63134    46850     7199    51593    53673     7199     7199    32112    26795    16691    75188    13745     7438    32112        0    53673    26795    25739    22188    46339    45443    57679     2095    57230    32112     8182    28787    46339    14183    28787     2095    37826    42826    46850    27003    29436    63134    30591     8244    56933    64777     2328     8182    11912    30591    58091    32246    47207    75188     9810    35097    29436    25559    51593    22188    29436 
   61463    38521    47441    30128    14163        0    47441     4688    57191    69953    36446    53673    51109    23378    10107    47441     4688        0    47441    47441    50649    36446    40386    23512    48235    57050    50649    53673        0    36446    30128    34294    42584   113537    83714    53152     4351    50649    62763    24243    42584    49062    24243    53152    78453    42707    10107    43140    63926    23378    26203    46194    79132   118495    51299    62763    50546    26203   111809    72720     7258    23512    45636    38732    63926    78528     4688    34294    63926 
   26366    20078    20462     6077    49868    36446    20462    34341    30313    34565        0    26795    21101    34368    29676    20462    34341    36446    20462    20462    36089        0     9259    59217    13518    21952    36089    26795    36446        0     6077     5193    23192    78439    48325    26173    40056    36089    32710    11529    23192    13965    11529    26173    43356    33550    29676    16083    28828    34368    10168    13069    54273    83731    24420    32710    15448    10168    76711    52922    30033    59217    18657    24770    28828    47315    34341     5193    28828 
   34006    21529    19337        0    40785    30128    19337    28024    29256    42019     6077    25739    25227    31462    23180    19337    28024    30128    19337    19337    37778     6077    12451    52826    20972    29544    37778    25739    30128     6077        0     3925    26003    70509    55779    24855    33369    37778    34828     5212    26003    21340     5212    24855    50468    30643    23180    17534    36653    31462     4427    18209    66638    91185    23364    34828    22561     4427    83823    51866    23567    52826    17342    21864    36653    50593    28024     3925    36653 
   30455    17979    15931     3925    44950    34294    15931    32189    25705    38468     5193    22188    19598    32633    27345    15931    32189    34294    15931    15931    34198     5193     6440    57065    17421    25540    34198    22188    34294     5193     3925        0    25118    66959    52228    21642    37904    34198    31278     9377    25118    17552     9377    21642    46943    32600    27345    13983    32415    32633     8353    14684    63088    87634    19813    31278    19036     8353    80299    48315    27881    57065    14126    23821    32415    47043    32189        0    32415 
   40060    43523    35511    26003    55952    42584    35511    40504    45663    31218    23192    46339    38878    48434    35760    35511    40504    42584    35511    35511    59475    23192    29026    65301    25327    37971    59475    46339    42584    23192    26003    25118        0    90444    35102    48223    46140    59475    50651    26079        0    26154    26079    48223    68451    57802    35760    41272    30919    48434    20845    27458    35347    95402    40416    50651    35673    20845    88716    75359    34771    65301    33706    49365    30919    70928    40504    25118    30919 
   46008    68228    51970    70509   122289   113537    51970   111432    55251    55566    78439    45443    49930   102881    91620    51970   111432   113537    51970    51970    72009    78439    73944   114998    67162    48598    72009    45443   113537    78439    70509    66959    90444        0    56581    47359   102001    72009    39851    88621    90444    67977    88621    47359    37415    82849    91620    65991    58325   102881    75362    52988    71071    41441    48210    39851    52414    75362    34218    56896    91977   114998    54580    74070    58325    20165   111432    66959    58325 
   41041    58192    44316    55779    89735    83714    44316    81633    60041    12785    48325    57679    44631    77160    76890    44316    81633    83714    44316    44316    74144    48325    43483   125470    35053    45482    74144    57679    83714    48325    55779    52228    35102    56581        0    59564    87270    74144    43478    58827    35102    37452    58827    59564    19621    72472    76890    55941    19126    77160    60631    40020    14485    40163    46678    43478    36303    60631    40984    77036    77247   125470    48376    64035    19126    36688    81633    52228    19126 
   10056    30088     6370    24855    59170    53152     6370    51047     9189    35986    26173     2095     5861    64742    46203     6370    51047    53152     6370     6370    30008    26173    14637    77102    14939     9468    30008     2095    53152    26173    24855    21642    48223    47359    59564        0    56393    30008    10085    28236    48223    12731    28236        0    39741    44710    46203    27852    30621    64742    29708     9545    60606    67053     3647    10085    13823    29708    60006    31799    46591    77102     8788    35931    30621    27443    51047    21642    30621 
   65497    38502    50682    33369     8924     4351    50682     8160    60747    73510    40056    57230    54349    26616    13646    50682     8160     4351    50682    50682    54310    40056    43942    21807    52463    60291    54310    57230     4351    40056    33369    37904    46140   102001    87270    56393        0    54310    66320    27554    46140    52831    27554    56393    81694    45945    13646    43120    68144    26616    29444    49435    82688   122676    54855    66320    53787    29444   115050    72066    10499    21807    48877    38712    68144    82085     8160    37904    68144 
   48998    16249    30969    37778    47570    50649    30969    45947    20667    60384    36089    32112    33821    27270    44231    30969    45947    50649    30969    30969        0    36089    31956    46830    39337    48284        0    32112    50649    36089    37778    34198    59475    72009    74144    30008    54310        0    49336    35356    59475    39705    35356    30008    75331     8173    44231    20244    55019    27270    42631    36922    85004   102979    31958    49336    41273    42631    95596    18770    48459    46830    28316    14118    55019    65101    45947    34198    55019 
    6158    33384    16289    34828    86503    62763    16289    60683    19556    28282    32710     8182    10432    67263    55939    16289    60683    62763    16289    16289    49336    32710    28028    79317    21732     8506    49336     8182    62763    32710    34828    31278    50651    39851    43478    10085    66320    49336        0    37877    50651    22170    37877    10085    24378    47138    55939    31133    24189    67263    39681    17307    53935    68907    12498        0    17893    39681    62221    35972    56296    79317    18899    39226    24189    19951    60683    31278    24189 
   36547    21048    22525     5212    35748    24243    22525    19554    32305    45067    11529    28787    26192    23654    14890    22525    19554    24243    22525    22525    35356    11529    15500    41270    24020    32134    35356    28787    24243    11529     5212     9377    26079    88621    58827    28236    27554    35356    37877        0    26079    24146        0    28236    53537    30038    14890    20548    39009    23654     5581    21278    69687    93578    26412    37877    25630     5581    86893    54914    21122    41270    20720    21258    39009    53642    19554     9377    39009 
   40060    43523    35511    26003    55952    42584    35511    40504    45663    31218    23192    46339    38878    48434    35760    35511    40504    42584    35511    35511    59475    23192    29026    65301    25327    37971    59475    46339    42584    23192    26003    25118        0    90444    35102    48223    46140    59475    50651    26079        0    26154    26079    48223    68451    57802    35760    41272    30919    48434    20845    27458    35347    95402    40416    50651    35673    20845    88716    75359    34771    65301    33706    49365    30919    70928    40504    25118    30919 
   16013    23838     7012    21340    55080    49062     7012    46958    18250    23691    13965    14183     7661    44311    42114     7012    46958    49062     7012     7012    39705    13965     9470    60819     2645     9736    39705    14183    49062    13965    21340    17552    26154    67977    37452    12731    52831    39705    22170    24146    26154        0    24146    12731    32893    38459    42114    21601    18323    44311    26192     3504    48311    73191     9187    22170     4252    26192    66249    40859    42808    60819    13937    29680    18323    36775    46958    17552    18323 
   36547    21048    22525     5212    35748    24243    22525    19554    32305    45067    11529    28787    26192    23654    14890    22525    19554    24243    22525    22525    35356    11529    15500    41270    24020    32134    35356    28787    24243    11529     5212     9377    26079    88621    58827    28236    27554    35356    37877        0    26079    24146        0    28236    53537    30038    14890    20548    39009    23654     5581    21278    69687    93578    26412    37877    25630     5581    86893    54914    21122    41270    20720    21258    39009    53642    19554     9377    39009 
   10056    30088     6370    24855    59170    53152     6370    51047     9189    35986    26173     2095     5861    64742    46203     6370    51047    53152     6370     6370    30008    26173    14637    77102    14939     9468    30008     2095    53152    26173    24855    21642    48223    47359    59564        0    56393    30008    10085    28236    48223    12731    28236        0    39741    44710    46203    27852    30621    64742    29708     9545    60606    67053     3647    10085    13823    29708    60006    31799    46591    77102     8788    35931    30621    27443    51047    21642    30621 
   22634    59379    44202    50468   113440    78453    44202    76348    48073    18991    43356    37826    32060    94032    71505    44202    76348    78453    44202    44202    75331    43356    38861   106030    31952    28030    75331    37826    78453    43356    50468    46943    68451    37415    19621    39741    81694    75331    24378    53537    68451    32893    53537    39741        0    74001    71505    57142    19860    94032    55328    32066    34111    44106    40593    24378    29342    55328    37028    66945    71892   106030    43505    65221    19860    17499    76348    46943    19860 
   46664    14622    30690    30643    39666    42707    30690    38006    28582    58688    33550    42826    34799    19329    37051    30690    38006    42707    30690    30690     8173    33550    30585    38889    37632    45949     8173    42826    42707    33550    30643    32600    57802    82849    72472    44710    45945     8173    47138    30038    57802    38459    30038    44710    74001        0    37051    18617    53323    19329    35496    35592    80820   100952    45463    47138    39943    35496    94266    30244    41552    38889    27008     8227    53323    63255    38006    32600    53323 
   55117    29472    40492    23180    20763    10107    40492     5017    50367    63130    29676    46850    44160    17722        0    40492     5017    10107    40492    40492    44231    29676    33562    32807    42083    50101    44231    46850    10107    29676    23180    27345    35760    91620    76890    46203    13646    44231    55939    14890    35760    42114    14890    46203    71505    37051        0    34091    56977    17722    17402    39246    72308   112296    44475    55939    43597    17402   104860    63172     4501    32807    38688    29682    56977    71704     5017    27345    56977 
   29806     3995    13831    17534    45427    43140    13831    37853    17104    42181    16083    27003    17940    30181    34091    13831    37853    43140    13831    13831    20244    16083    12157    49741    21134    29091    20244    27003    43140    16083    17534    13983    41272    65991    55941    27852    43120    20244    31133    20548    41272    21601    20548    27852    57142    18617    34091        0    36464    30181    22386    18733    66801    84776    16792    31133    23085    22386    77407    37715    39002    49741    10150     9838    36464    46898    37853    13983    36464 
   20215    38701    25190    36653    69943    63926    25190    61821    40892     5366    28828    29436    25505    59174    56977    25190    61821    63926    25190    25190    55019    28828    24333    76132    15914    26356    55019    29436    63926    28828    36653    32415    30919    58325    19126    30621    68144    55019    24189    39009    30919    18323    39009    30621    19860    53323    56977    36464        0    59174    41505    20895    29985    65017    27529    24189    16204    41505    55998    63501    58121    76132    29250    44543        0    38409    61821    32415        0 
   66696    26186    42271    31462    20337    23378    42271    18677    43771    63400    34368    63134    67312        0    17722    42271    18677    23378    42271    42271    27270    34368    33616    19560    42353    65981    27270    63134    23378    34368    31462    32633    48434   102881    77160    64742    26616    27270    67263    23654    48434    44311    23654    64742    94032    19329    17722    30181    59174        0    28884    41443    88019   120906    65901    67263    45794    28884   114297    45450    22223    19560    38590    21704    59174    83028    18677    32633    59174 
   38858    26382    24189     4427    36859    26203    24189    22066    34108    46871    10168    30591    30079    28884    17402    24189    22066    26203    24189    24189    42631    10168    17303    48907    25824    34397    42631    30591    26203    10168     4427     8353    20845    75362    60631    29708    29444    42631    39681     5581    20845    26192     5581    29708    55328    35496    17402    22386    41505    28884        0    23069    57218    96037    28216    39681    27421        0    88684    56718    19641    48907    22195    26716    41505    55446    22066     8353    41505 
   14774    20970     3798    18209    52212    46194     3798    44090    14951    26260    13069     8244     5295    41443    39246     3798    44090    46194     3798     3798    36922    13069     6602    58009     5213     8380    36922     8244    46194    13069    18209    14684    27458    52988    40020     9545    49435    36922    17307    21278    27458     3504    21278     9545    32066    35592    39246    18733    20895    41443    23069        0    50880    71953     5869    17307     6378    23069    65665    37560    39633    58009     4967    26812    20895    33072    44090    14684    20895 
   51901    69052    55175    66638    92500    79132    55175    77052    68389    24431    54273    56933    55490    88019    72308    55175    77052    79132    55175    55175    85004    54273    51830   101849    45912    56342    85004    56933    79132    54273    66638    63088    35347    71071    14485    60606    82688    85004    53935    69687    35347    48311    69687    60606    34111    80820    72308    66801    29985    88019    57218    50880        0    54101    55026    53935    47162    57218    54923    87896    71319   101849    59235    74894    29985    51174    77052    63088    29985 
   73300    86330    71664    91185   140146   118495    71664   116390    75024    61815    83731    64777    69623   120906   112296    71664   116390   118495    71664    71664   102979    83731    78902   132960    72120    68292   102979    64777   118495    83731    91185    87634    95402    41441    40163    67053   122676   102979    68907    93578    95402    73191    93578    67053    44106   100952   112296    84776    65017   120906    96037    71953    54101        0    67544    68907    68914    96037     6686    93896   112653   132960    74274    92172    65017    45753   116390    87634    65017 
   11274    19043     4825    23364    57320    51299     4825    49218    11798    32894    24420     2328     2322    65901    44475     4825    49218    51299     4825     4825    31958    24420    11763    77955    11838     6002    31958     2328    51299    24420    23364    19813    40416    48210    46678     3647    54855    31958    12498    26412    40416     9187    26412     3647    40593    45463    44475    16792    27529    65901    28216     5869    55026    67544        0    12498    10005    28216    60858    34200    44832    77955     7435    24886    27529    28197    49218    19813    27529 
    6158    33384    16289    34828    86503    62763    16289    60683    19556    28282    32710     8182    10432    67263    55939    16289    60683    62763    16289    16289    49336    32710    28028    79317    21732     8506    49336     8182    62763    32710    34828    31278    50651    39851    43478    10085    66320    49336        0    37877    50651    22170    37877    10085    24378    47138    55939    31133    24189    67263    39681    17307    53935    68907    12498        0    17893    39681    62221    35972    56296    79317    18899    39226    24189    19951    60683    31278    24189 
   11735    25321     9882    22561    56564    50546     9882    48441    20112    22542    15448    11912     8429    45794    43597     9882    48441    50546     9882     9882    41273    15448    10953    86627     4144     9660    41273    11912    50546    15448    22561    19036    35673    52414    36303    13823    53787    41273    17893    25630    35673     4252    25630    13823    29342    39943    43597    23085    16204    45794    27421     6378    47162    68914    10005    17893        0    27421    62037    42722    43985    86627    15598    31164    16204    32498    48441    19036    16204 
   38858    26382    24189     4427    36859    26203    24189    22066    34108    46871    10168    30591    30079    28884    17402    24189    22066    26203    24189    24189    42631    10168    17303    48907    25824    34397    42631    30591    26203    10168     4427     8353    20845    75362    60631    29708    29444    42631    39681     5581    20845    26192     5581    29708    55328    35496    17402    22386    41505    28884        0    23069    57218    96037    28216    39681    27421        0    88684    56718    19641    48907    22195    26716    41505    55446    22066     8353    41505 
   61883    79644    64467    83823   133706   111809    64467   109704    68338    55130    76711    58091    62983   114297   104860    64467   109704   111809    64467    64467    95596    76711    72216   126295    65434    61169    95596    58091   111809    76711    83823    80299    88716    34218    40984    60006   115050    95596    62221    86893    88716    66249    86893    60006    37028    94266   104860    77407    55998   114297    88684    65665    54923     6686    60858    62221    62037    88684        0    87210   105247   126295    77390    85486    55998    39067   109704    80299    55998 
   38783    33720    34187    51866    65787    72720    34187    64128    23221    63276    52922    32246    39194    45450    63172    34187    64128    72720    34187    34187    18770    52922    41480    65011    42229    38069    18770    32246    72720    52922    51866    48315    75359    56896    77036    31799    72066    18770    35972    54914    75359    40859    54914    31799    66945    30244    63172    37715    63501    45450    56718    37560    87896    93896    34200    35972    42722    56718    87210        0    73334    65011    35937    31621    63501    41464    64128    48315    63501 
   55474    33973    40880    23567    17914     7258    40880     7227    50724    63487    30033    47207    44547    22223     4501    40880     7227     7258    40880    40880    48459    30033    33919    29946    42440    50489    48459    47207     7258    30033    23567    27881    34771    91977    77247    46591    10499    48459    56296    21122    34771    42808    21122    46591    71892    41552     4501    39002    58121    22223    19641    39633    71319   112653    44832    56296    43985    19641   105247    73334        0    29946    38810    34183    58121    72061     7227    27881    58121 
   78980    45746    66287    52826    11366    23512    66287    27503    70626    81498    59217    75188    80079    19560    32807    66287    27503    23512    66287    66287    46830    59217    51930        0    60451    78265    46830    75188    23512    59217    52826    57065    65301   114998   125470    77102    21807    46830    79317    41270    65301    60819    41270    77102   106030    38889    32807    49741    76132    19560    48907    58009   101849   132960    77955    79317    86627    48907   126295    65011    29946        0    63635    41264    76132    95082    27503    57065    76132 
   26603    12386     2769    17342    51654    45636     2769    43532    13327    34616    18657     9810     8197    38590    38688     2769    43532    45636     2769     2769    28316    18657     7121    63635    13569    22102    28316     9810    45636    18657    17342    14126    33706    54580    48376     8788    48877    28316    18899    20720    33706    13937    20720     8788    43505    27008    38688    10150    29250    38590    22195     4967    59235    74274     7435    18899    15598    22195    77390    35937    38810    63635        0    18229    29250    34664    43532    14126    29250 
   37885     5842    21910    21864    37182    38732    21910    33445    22055    50275    24770    35097    26019    21704    29682    21910    33445    38732    21910    21910    14118    24770    21846    41264    29228    37170    14118    35097    38732    24770    21864    23821    49365    74070    64035    35931    38712    14118    39226    21258    49365    29680    21258    35931    65221     8227    29682     9838    44543    21704    26716    26812    74894    92172    24886    39226    31164    26716    85486    31621    34183    41264    18229        0    44543    54991    33445    23821    44543 
