dep33 0 0 60
**************************************DATA
15 188 480 8 1.33
**************************************DISTANCE
       0    52070    48659     9018    19557    23275    60883    30572    45728    53812    38130    53954    38130    31965    42055    31973    64660    31965    36752    49262    37149    20088    80655    50065    44817    16913    49314    30370    68924    88611    23565    33188    60883    39565    27832    35051    55342    39565    20432    37149    40422    16129    70045    58675    22214    37241    40750    75650    30541    27465    18753     7890     7890    36752    33840    24917    30549    53158    25650    80655    40422    40222    40222    66599     4594    62007    11212    54601    52339    27465    42559    46072    33706    13011    66869    61381    47461    44814    48659    20432    60246    42852    94730    30301    33188    36375    42463    40625    59003    59755    20074    31973    13841    49314    68924    16832    59028    23621    66574    88756    45164    21158    36875    22306    61381     3596    37149    46659    54601    83855     8211    36752    80306    24632    33840    34844    20230    13782    35830    44231    16652    23565    33706    53998    62980    47480    49314    17307    33840    25071     4195    47341    53812    42852    20432    23078    60883    16136    30301    30370    47759    33072    24852     3596    45728    71169    64138     4047   108250    27832    40625    16652    21158    57748    51293    75304    27196    38130    54313    16913    31973    32181    20088    32274     8211     4047    32181    94730    13438    40740    30301    16832     5960    61381    26515    60246    71169    22306    29625    30572    24632    47480    20230    54601    18753    40750    35395     9267    13841 
   52070        0    75372    58755    63999    73692   108719    62499    13837    78738    88037    78519    88037    82860    86496    57801    49048    82860    81194    74189    34505    69371   105582    74384    22616    57013    93756    55297    61933   139246    71564    74573   108719    65681    75926    79493    79661    65681    50352    34505    29073    50803    47026    84120    62469    63954    85192   102363    79326    66924    65415    58557    58557    81194    60553    52961    57262   103758    41474   105582    29073    45174    45174    91526    55451    38989    55653   105018   102756    66924    90709    71532    23488    57453   114789    28168   100541    80575    75372    50352    28355    92032   120208    78682    74573    84452    70283    91899    11919   104196    55063    57801    58458    93756    61933    66116   117938    47940    93287   113682    89606    65599    39136    54582    28168    50683    34505    71586   105018   109320    47455    81194   107019    30949    60553    82993    70647    56980    58829    69158    52387    71564    23488    78644    88457    70432    93756    48193    60553    73373    49575    96521    78738    92032    50352    48005   108719    67159    78682    55297    98362    55989    31898    50683    13837    96640    18306    54955   134963    75926    91899    52387    65599    82857    82085    29473    71638    88037   104730    57013    57801    83290    69371    78998    47455    54955    83290   120208    63684    69885    78682    66116    47677    28168    48386    28355    96640    54582    80042    62499    30949    70432    70647   105018    65415    85192    82863    53709    58458 
   48659    75372        0    55679    51817    65393    92421    23609    56796    87423    78885    87256    78885    73708    74314    66539    40814    73708    69011    82874    67733    66903   114267    10097    66866    39851    81574    63982   102570   130094    55266    83311    92421    18997    59628    67310    88398    18997    33201    67733    54225    33641    53726    12066    71154    12980    73010    32533    63028    29215    49117    49405    49405    69011    18311    24958    22739    94606    35417   114267    54225    73834    73834   100211    46299    52102    45778    96719    94267    29215    74411     4919    55755    44276    98491    59374    94267    89312        0    33201    51323    79849    51630    62384    83311    68154    14333    88117    67382    92014    63748    66539    58800    81574   102570    63648   126675    29614    23457   122367    77424    53417    44277    29497    59374    45528    67733    80271    96719    40742    56140    69011    37189    46682    18311    66695    56486    59873    29602    77843    57319    55266    55755    87381    19879    21716    81574    56878    18311    71305    51010    84338    87423    79849    33201    57143    92421    58007    62384    63982    89210    22266    40215    45528    56796    28062    86187    49959    65133    59628    88117    57319    53417    91595    13080    97353    59455    78885    96431    39851    66539    74138    66903    62700    56140    49959    74138    51630    54532    17141    62384    63648    47218    59374    30775    51323    28062    29497    71743    23609    46682    21716    56486    96719    49117    73010    66565    39945    58800 
    9018    58755    55679        0    26576    18124    67902    37591    52412    60496    32978    59134    32978    26814    49074    38657    71679    26814    43771    55946    41682    16700    51797    57085    51501    23933    56334    27448    75608    54546    30584    29800    67902    46585    34852    42070    41954    46585    27452    41682    48916    23148    77064    65695    20688    44261    47769    82669    37561    34485    25773     7993     7993    43771    40859    31936    37569    48007    32669    51797    48916    46906    46906    47966    11962    69026    16521    49450    47188    34485    49578    53091    40390    20031    73889    68400    37285    51498    55679    27452    60350    37701   101750    37320    29800    43714    48159    35474    65687    66774    17276    38657     8471    56334    75608    13444    55639    30640    73593    95440    52184    28177    43895    29325    68400    10337    41682    32823    49450    90874    14270    43771    87325    31316    40859    41863    15079    13478    42849    37182    19014    30584    40390    60682    70000    54499    56334    23991    40859    19831     8799    42190    60496    37701    27452    29762    67902    12056    37320    27448    42608    40091    37807    10337    52412    78189    70822     4889   115270    34852    35474    19014    28177    47269    58312    81988    34215    32978    49161    23933    38657    27030    16700    39293    14270     4889    27030   101750     8000    47759    37320    13444    12644    68400    33535    60350    78189    29325    24474    37591    31316    54499    15079    49450    25773    47769    37175    16286     8471 
   19557    63999    51817    26576        0    36734    50552    34203    57668    63335    49783    64831    49783    44606    28908    44113    70958    44606    20120    60354    47380    37876    89834    53365    56286    19039    36062    41649    80145   100991    10835    44949    50552    41078    12996    21722    65973    41078    24114    47380    45241    19017    73255    61817    40059    40230    31132    78810    21159    31069     3597    13466    13466    20120    36878    27862    33630    65504    29023    89834    45241    51632    51632    77896    10681    65327     7048    54999    65165    31069    29411    49229    45165     8730    56623    64520    65165    66887    51817    24114    56715    45351    97905    18187    44949    19154    44021    46249    71507    49569    31555    44113    29698    36062    80145    33968   104250    24221    69764    99980    32006     7712    40199    25981    64520    16101    47380    57829    54999    87017    22542    20120    84286    36090    36878    21695    15046    30771    39173    55484    28217    10835    45165    64955    66154    50776    36062    34771    36878    42203    21571    49860    63335    45351    24114    34717    50552    28904    18187    41649    60108    36333    33821    16101    57668    74336    75783    16348   111433    12996    46249    28217     7712    69169    52828    87411    17715    49783    52431    19039    44113    45036    37876    16140    22542    16348    45036    97905    13477    42253    18187    33968    18692    64520    29907    56715    74336    25981    32331    34203    36090    50776    15046    54999     3597    31132    24697    13244    29698 
   23275    73692    65393    18124    36734        0    77420    47780    67362    73028    28671    45105    28671    12443    59231    53807    84535    12443    53929    70048    57073    13929    42477    67242    65979    34090    66491    30848    89838    44038    40265    32178    77420    56742    44627    39730    44458    56742    37691    57073    58817    33306    86832    75394    23596    54418    39945    92386    32317    44645    40907    17559    17559    53929    51017    41438    47207    32836    42600    42477    58817    63140    63140    42656    21400    79184    26679    31755    26560    44645    59410    62805    56624    30188    83490    78558    29721    76580    65393    37691    70292    25169   111481    47383    32178    53153    57598    22962    81921    76932    27262    53807    16888    66491    89838    14066    46846    40798    83751   111674    62341    38334    53776    39483    78558    25401    57073    33897    31755   100593    32236    53929    97483    47550    51017    51694    16085    20605    52750    39355    37910    40265    56624    46319    79730    64352    66491    40225    51017    20029    28161    33461    73028    25169    37691    44410    77420    12244    47383    30848    27441    49910    46353    25401    67362    87913    85476    18320   125010    44627    22962    37910    38334    46616    68470    98222    27414    28671    28646    34090    53807    12241    13929    47699    32236    18320    12241   111481    16243    55830    47383    14066    29056    78558    43484    70292    87913    39483     9964    47780    47550    64352    16085    31755    40907    39945    21831    25659    16888 
   60883   108719    92421    67902    50552    77420        0    74333   102376   106918    46932   106157    46932    53229    19694    85439   108422    53229    29467   102369    88706    78930   133762    93827   101465    60675    18574    83477   121471   103178    39252    86275        0    83327    40855    20950   107299    83327    64194    88706    86567    59890   113806   103143    81647    81003    24100   119411    41226    71227    51988    57540    57540    29467    77601    68678    74311    67665    69412   133762    86567    93329    93329   119706    54145   105769    51562    53757    56892    71227    12687    89833    90354    56773    16142   105142    80839    97921    92421    64194    97092    43369    97700    25727    86275    24552    85347    44012   115651     8578    73181    85439    71024    18574   121471    75674   147493    67383   110336   141862    18126    42191    80637    66068   105142    57555    88706    99766    53757   127617    64566    29467   124067    81281    77601    22052    57549    72097    80499    97338    69759    39252    90354   106282   106742    92102    18574    70414    77601    83529    63037    39818   106918    43369    64194    76185        0    70230    25727    83477    62269    77659    74549    57555   102376   115663   120786    61891    93267    40855    44012    69759    42191   110495    95054   131953    44051    46932    50633    60675    85439    56040    78930    29343    64566    61891    56040    97700    55094    84501    25727    75674    59245   105142    70277    97092   115663    66068    58569    74333    81281    92102    57549    53757    51988    24100    41153    54149    71024 
   30572    62499    23609    37591    34203    47780    74333        0    56169    74428    60797    74383    60797    55620    56701    53665    52590    55620    51398    69879    54860    49290   101272    21108    53871    21803    63960    50986    89697   112006    37178    55964    74333     6668    41540    49697    75525     6668    17652    54860    38761    18819    66212    32274    52007    14756    55396    49008    44940     4068    31030    31318    31318    51398     8299    14625     8002    76518    22544   101272    38761    60839    60839    87216    28211    58174    28165    79106    76844     4068    56323    18271    42760    26662    80404    57548    76180    76439    23609    17652    49498    62236    68362    44297    55964    50066     9612    70030    68057    74401    43541    53665    40713    63960    89697    46034   113802    15560    39933   109372    59811    35804    33719    11522    57548    27915    54860    67275    79106    57474    34926    51398    53664    33686     8299    48608    38873    41785    22280    64847    39231    37178    42760    74508    28755    31739    63960    43883     8299    53217    33397    66725    74428    62236    17652    44269    74333    39919    44297    50986    71122    15876    27342    27915    56169    35810    73192    31871    81609    41540    70030    39231    35804    78721    18396    84358    41842    60797    78817    21803    53665    56050    49290    44613    34926    31871    56050    68362    36444     7843    44297    46034    29605    57548    22683    49498    35810    11522    54130        0    33686    31739    38873    79106    31030    55396    48478    23358    40713 
   45728    13837    56796    52412    57668    67362   102376    56169        0    72408    81694    72177    81694    76518    80166    51459    36094    76518    74863    67859    28162    63041    99252    48748    16266    50683    87426    48966    62309   132903    65221    68231   102376    59350    69583    73162    73318    59350    44021    28162    21459    44473    34073    65059    56139    57624    78862    78032    72983    60593    59073    52215    52215    74863    54222    46630    50932    97415    33586    99252    21459    38843    38843    85196    49108    26035    49323    98688    96426    60593    84367    53218    17158    51123   108447    25409    94199    74233    56796    44021    15402    85701    96043    72340    68231    78109    63940    85557    10423    97866    48733    51459    52115    87426    62309    59785   111595    41609    73631   107352    83276    59269    26467    48252    25409    44352    28162    65255    98688    86659    41125    74863    81534    24618    54222    76651    64316    50637    41750    62827    46045    65221    17158    72301    70143    38755    87426    41862    54222    67031    43245    90190    72408    85701    44021    42063   102376    60816    72340    48966    92020    49647    18669    44352        0    78326    26004    48613   109135    69583    85557    46045    59269    76515    62429    37171    65307    81694    98399    50683    51459    76948    63041    72656    41125    48613    76948    96043    57341    62172    72340    59785    41347    25409    42055    15402    78326    48252    73712    56169    24618    38755    64316    98688    59073    78862    76521    47378    52115 
   53812    78738    87423    60496    63335    73028   106918    74428    72408        0    89778     7112    89778    84601    85833    37270    94760    84601    80530    23701    42390    32560    33869    84772    59726    49737    93092    33397    36954    64851    69763    22049   106918    76069    74125    78829     8254    76069    62557    42390    66901    61191   100138    97424    25969    74343    87498   114416    77525    77816    70406    60299    60299    80530    70941    63468    69237   105499    53232    33869    66901    35239    35239    17332    57192    90988    54990   107016   105160    77816    88908    84835    58659    56790   112989    90362    29134     8998    87423    62557    83599    91368   133511    76882    22049    82651    83586    93641    83956   103533    54399    37270    51296    93092    36954    33710    47163    58328   103675    36934    88942    64936    67082    64970    90362    50019    42390    16361   107016   122623    49827    80530   117407    49585    70941    81193    69983    46807    72133    12023    54128    69763    58659     7236   101760    83736    93092    34957    70941    32198    48911    95857        0    91368    62557    36721   106918    68900    76882    33397   100103    69293    51399    50019    72408   109943    90522    56696   147040    74125    93641    54128    64936    11450    92473   100257    70974    89778   104066    49737    37270    51758    32560    77198    49827    56696    51758   133511    65425    81818    76882    33710    47013    90362    60311    83599   109943    64970    82123    74428    49585    83736    69983   107016    70406    87498    81063    55158    51296 
   38130    88037    78885    32978    49783    28671    46932    60797    81694    89778        0    89378        0    15811    42405    68661    94886    15811    35996    85229    71927    38780    58730    80291    80783    47139    49665    66336   104692    54683    25966    51880    46932    69791    30858    29558    65299    69791    50658    71927    73671    46354   100270    90248    45547    67467    22806   105875    22105    57691    42278    31199    31199    35996    64065    55142    60775    18647    55876    58730    73671    76189    76189    58909    36254    92233    39727    14222     9692    57691    40763    76297    69672    43237    67771    91606    46453    80780    78885    50658    83556     8503   126335    28776    51880    36732    72452     6276    94970    60657    56041    68661    36045    49665   104692    35524    54025    53847    96800   124722    45515    27415    67101    52532    91606    38449    71927    54903    14222   114081    47425    35996   110531    60599    64065    35221    29504    42492    67604    80197    52618    25966    69672    89503    93206    79206    49665    53274    64065    40870    41210    12992    89778     8503    50658    59045    46932    27099    28776    66336    13251    63297    61013    38449    81694   102767   100104    32463   138476    30858     6276    52618    27415    62762    81518   111271    20336        0    11373    47139    68661    21067    38780    32493    47425    32463    21067   126335    31097    70965    28776    35524    42104    91606    56741    83556   102767    52532    14457    60797    60599    79206    29504    14222    42278    22806    14298    39493    36045 
   53954    78519    87256    59134    64831    45105   106157    74383    72177     7112    89378        0    89378    49286    87328    37351    95137    49286    82026    16619    42162    27955    20351    86268    59502    51233    94588    22618    32122    64078    68839    15150   106157    77565    73106    80325     5545    77565    62236    42162    66871    62687   100522    97272    21364    75838    86024   114247    75815    72739    64027    59139    59139    82026    72437    64845    69146   104407    53359    20351    66871    28157    28157    16803    57334    92484    56485   105850    62895    72739    87833    84669    60154    58285   112143    91858    30698    22662    87256    62236    86695    92864   133327    75575    15150    81649    83492    91874    85452   105028    28422    37351    33343    94588    32122    29105    49096    59824   105171    42056    90438    66431    67352    66466    91858    51515    42162    12359   105850   122452    48287    82026   118903    51081    72437    80118    71479    28207    72033     7418    32464    68839    60154     4202   101578    83683    94588    36453    72437    25672    50407    97353     7112    92864    62236    36433   106157    69042    75575    22618    99008    69275    51301    51515    72177   109766    90586    58996   146847    73106    91874    32464    66431     7951    93969   101753    72470    89378   105562    51233    37351    43733    27955    77547    48287    58996    43733   133327    64686    81769    75575    29105    48509    91858    60270    86695   109766    66466    51337    74383    51081    83683    71479   105850    64027    86024    81205    54541    33343 
   38130    88037    78885    32978    49783    28671    46932    60797    81694    89778        0    89378        0    15811    42405    68661    94886    15811    35996    85229    71927    38780    58730    80291    80783    47139    49665    66336   104692    54683    25966    51880    46932    69791    30858    29558    65299    69791    50658    71927    73671    46354   100270    90248    45547    67467    22806   105875    22105    57691    42278    31199    31199    35996    64065    55142    60775    18647    55876    58730    73671    76189    76189    58909    36254    92233    39727    14222     9692    57691    40763    76297    69672    43237    67771    91606    46453    80780    78885    50658    83556     8503   126335    28776    51880    36732    72452     6276    94970    60657    56041    68661    36045    49665   104692    35524    54025    53847    96800   124722    45515    27415    67101    52532    91606    38449    71927    54903    14222   114081    47425    35996   110531    60599    64065    35221    29504    42492    67604    80197    52618    25966    69672    89503    93206    79206    49665    53274    64065    40870    41210    12992    89778     8503    50658    59045    46932    27099    28776    66336    13251    63297    61013    38449    81694   102767   100104    32463   138476    30858     6276    52618    27415    62762    81518   111271    20336        0    11373    47139    68661    21067    38780    32493    47425    32463    21067   126335    31097    70965    28776    35524    42104    91606    56741    83556   102767    52532    14457    60797    60599    79206    29504    14222    42278    22806    14298    39493    36045 
   31965    82860    73708    26814    44606    12443    53229    55620    76518    84601    15811    49286    15811        0    46009    62496    89709        0    38727    80052    65763    24946    41899    75114    75607    41962    53269    61160    98528    37338    27026    37580    53229    64614    31368    35855    48639    64614    45481    65763    67507    41177    95093    84083    37132    62290    35958   100699    28438    52514    49597    26023    26023    38727    58889    49966    55598    25475    50699    41899    67507    71012    71012    42078    30090    87056    34551    25349    12592    52514    47060    71120    64496    38060    91918    86429    29209    75604    73708    45481    78379    21192   120171    35073    37580    37526    66287    18965    89793    84803    50864    62496    27870    53269    98528    24762    45740    48670    91623   119546    49119    28475    61924    47355    86429    33273    65763    39505    25349   108904    42249    38727   105355    55422    58889    38798    24328    31730    61439    44962    47442    27026    64496    49149    88029    73042    53269    48097    58889    24210    36033    25681    84601    21192    45481    53868    53229    20934    35073    61160    21049    58121    55837    33273    76518    96603    94928    27286   133299    31368    18965    47442    28475    46105    76342   106094    23519    15811    22326    41962    62496     8260    24946    34249    42249    27286     8260   120171    24933    65789    35073    24762    36928    86429    51564    78379    96603    47355     6110    55620    55422    73042    24328    25349    49597    35958    17952    34316    27870 
   42055    86496    74314    49074    28908    59231    19694    56701    80166    85833    42405    87328    42405    46009        0    66611    93456    46009    13805    82852    69877    60373   112331    75862    78783    41536     8270    64147   102642    98625    19857    67447    19694    63576    17362    15931    88470    63576    46612    69877    67738    41514    95753    84315    62557    62490    24184   101307    21846    53566    33159    42801    42801    13805    59088    50359    56128    63138    51521   112331    67738    74130    74130   100393    35316    87256    32638    48428    55742    53566     9959    71726    67663    38260    27803    86629    87663    89385    74314    46612    79213    38781   120402    16901    67447    11428    66519    39678    94004    14648    54053    66611    52195     8270   102642    56465   126747    46719    92262   122478     4215    22742    62696    48479    86629    39042    69877    80327    48428   109514    45040    13805   106784    58587    59088     8041    37834    53268    61670    78825    50714    19857    67663    87453    88651    73273     8270    57269    59088    64700    44068    43290    85833    38781    46612    57215    19694    51402    16901    64147    57742    58830    56319    39042    80166    96834    98280    43354    94735    17362    39678    50714    22742    91667    75325   113440    25135    42405    45861    41536    66611    48821    60373    15522    45040    43354    48821   120402    36265    64750    16901    56465    41190    86629    52405    79213    96834    48479    39750    56701    58587    73273    37834    48428    33159    24184    32117    35742    52195 
   31973    57801    66539    38657    44113    53807    85439    53665    51459    37270    68661    37351    68661    62496    66611        0    74419    62496    61308    18978    10592    25043    64114    65550    32576    30515    73870     9096    31012    77312    48121    22130    85439    56847    52388    59607    38800    56847    41518    10592    46153    41969    79804    76555    17994    55121    65306    93529    55686    52022    43309    38421    38421    61308    51719    44127    48429    83660    32641    64114    46153     7519     7519    50058    35353    71766    35768    85132    82870    52022    67115    63951    25606    37568    91425    71140    59374    28272    66539    41518    65977    72146   111672    54857    22130    60812    61747    71156    64734    84311    22241        0    28679    73870    31012    24892    77845    39106    84453    60080    69721    45714    46634    45748    71140    30797    10592    24216    85132   101734    27570    61308    98185    30363    51719    59400    50761    22026    51315    19746    31755    48121    25606    37457    80860    61897    73870    15735    51719    28857    29689    76635    37270    72146    41518    10448    85439    47061    54857     9096    78290    48557    30583    30797    51459    89048    69869    38278   126130    52388    71156    31755    45714    41690    73251    81035    51752    68661    84844    30515        0    46900    25043    56830    27570    38278    46900   111672    43586    61052    54857    24892    27791    71140    39552    65977    89048    45748    60156    53665    30363    61897    50761    85132    43309    65306    59224    33823    28679 
   64660    49048    40814    71679    70958    84535   108422    52590    36094    94760    94886    95137    94886    89709    93456    74419        0    89709    88153    90211    63373    85393   121604    34657    51337    58993   100716    71318    97520   146094    71267    91191   108422    46353    75629    86452    96279    46353    50320    63373    33522    52783    16062    49864    78491    39218    92152    55887    79028    55632    65118    65406    65406    88153    44550    42245    45660   110607    41276   121604    33522    73915    73915   107548    62299    13921    64920   112123   110268    55632    90412    38992    52230    63418   114492    23386   117159    97193    40814    50320    25603    98991    73823    78385    91191    84155    43262   104118    45495   111156    71085    74419    74801   100716    97520    82138   134556    46110    57161   129704    96566    72559    30851    51831    23386    64670    63373    87607   112123    64439    63477    88153    59447    54019    44550    82696    75628    73598    32826    85179    69005    71267    52230    95262    55917    24529   100716    64215    44550    87306    65597   103480    94760    98991    50320    65023   108422    74007    78385    71318   105211    37802    42922    64670    36094    64100    45723    65959    87352    75629   104118    69005    72559    99475    48337    72243    78597    94886   115573    58993    74419    90139    85393    78701    63477    65959    90139    73823    70532    46070    78385    82138    63699    23386    42033    25603    64100    51831    87230    52590    54019    24529    75628   112123    65118    92152    82566    55946    74801 
   31965    82860    73708    26814    44606    12443    53229    55620    76518    84601    15811    49286    15811        0    46009    62496    89709        0    38727    80052    65763    24946    41899    75114    75607    41962    53269    61160    98528    37338    27026    37580    53229    64614    31368    35855    48639    64614    45481    65763    67507    41177    95093    84083    37132    62290    35958   100699    28438    52514    49597    26023    26023    38727    58889    49966    55598    25475    50699    41899    67507    71012    71012    42078    30090    87056    34551    25349    12592    52514    47060    71120    64496    38060    91918    86429    29209    75604    73708    45481    78379    21192   120171    35073    37580    37526    66287    18965    89793    84803    50864    62496    27870    53269    98528    24762    45740    48670    91623   119546    49119    28475    61924    47355    86429    33273    65763    39505    25349   108904    42249    38727   105355    55422    58889    38798    24328    31730    61439    44962    47442    27026    64496    49149    88029    73042    53269    48097    58889    24210    36033    25681    84601    21192    45481    53868    53229    20934    35073    61160    21049    58121    55837    33273    76518    96603    94928    27286   133299    31368    18965    47442    28475    46105    76342   106094    23519    15811    22326    41962    62496     8260    24946    34249    42249    27286     8260   120171    24933    65789    35073    24762    36928    86429    51564    78379    96603    47355     6110    55620    55422    73042    24328    25349    49597    35958    17952    34316    27870 
   36752    81194    69011    43771    20120    53929    29467    51398    74863    80530    35996    82026    35996    38727    13805    61308    88153    38727        0    77549    64575    55071   107029    70560    73481    34934    15366    58844    97340    92216    12124    62144    29467    58273     7613    14026    83168    58273    41309    64575    62436    36212    90450    79012    57254    55262    25827    96005    15436    48263    21951    37498    37498        0    51860    45057    50825    56728    46218   107029    62436    68827    68827    95091    30014    80028    27336    42019    48460    48263    14364    66424    62360    31032    41886    79401    66338    84082    69011    41309    73910    32372   115100    10491    62144     5932    61216    33269    89911    28730    48750    61308    46893    15366    97340    51163   121445    41416    86959   117175    18298    13875    57394    40327    79401    31814    64575    75024    42019   104212    39737        0   101481    53285    51860     7986    29160    47966    56368    71597    45412    12124    62360    82150    83349    67970    15366    51966    51860    59398    38766    36881    80530    32372    41309    51912    29467    46099    10491    58844    51333    53528    51016    31814    74863    91531    92978    38051   128628     7613    33269    45412    13875    86364    70023   106212    17853    35996    39452    34934    61308    41539    55071     5560    39737    38051    41539   115100    26923    59448    10491    51163    35887    79401    47102    73910    91531    40327    32468    51398    53285    67970    29160    42019    21951    25827    24834    30439    46893 
   49262    74189    82874    55946    60354    70048   102369    69879    67859    23701    85229    16619    85229    80052    82852    18978    90211    80052    77549        0    24673    32863    52902    81791    42226    46756    90112    21125    24388    82937    65214    18911   102369    73088    69576    75848    26339    73088    58008    24673    62352    58211    95589    92874    25107    71362    82949   109867    72976    73267    65857    55749    55749    77549    67960    58919    64688   100950    48682    52902    62352    15749    15749    38846    52642    88007    52009   102466   100611    73267    84359    80286    35271    53809   108439    87381    47220    27253    82874    58008    79049    88387   128962    72332    18911    78102    79037    89091    80975   100552    29932    18978    34227    90112    24388    32583    64616    55347   100694    47795    85962    61955    62533    61990    87381    47038    24673    17141   102466   118074    45277    77549   114426    46604    67960    76643    67002    29738    67584    12006    32652    65214    35271    25322    97211    79186    90112    31976    67960    29732    45931    92876    23701    88387    58008    32172   102369    64350    72332    21125    95554    64744    46849    47038    67859   105394    85973    52147   142491    69576    89091    32652    61955    29535    89492    97276    67993    85229   101085    46756    18978    47775    32863    72648    45277    52147    47775   128962    60875    77269    72332    32583    44033    87381    55762    79049   105394    61990    77574    69879    46604    79186    67002   102466    65857    82949    76513    50609    34227 
   37149    34505    67733    41682    47380    57073    88706    54860    28162    42390    71927    42162    71927    65763    69877    10592    63373    65763    64575    24673        0    33154    69234    66745    20294    33782    77137    18468    36584   112242    51387    38272    88706    58042    55655    62874    43920    58042    42713        0    31015    43164    61351    77749    26104    56315    68573    94724    58364    59285    46576    41687    41687    64575    52914    45322    49623    86956    33836    69234    31015    13214    13214    55178    40529    53313    39034    88399    86137    59285    70381    65146    13325    40834    94692    52687    64184    33392    67733    42713    42680    75412   113804    58124    38272    65989    63114    74423    41437    87577    30352    10592    36789    77137    36584    33002    82965    40301    85648    77334    72987    48980    29923    46943    52687    34063        0    35237    88399   102929    30836    64575    99380    18978    52914    62666    54028    30137    52510    32809    35022    51387    13325    42577    82055    64160    77137    18687    52914    36994    32956    79901    42390    75412    42713    13479    88706    52238    58124    18468    81557    49752    24735    34063    28162    90243    46572    41544   127324    55655    74423    35022    48980    46326    74446    57738    55019    71927    88110    33782    10592    65979    33154    60096    30836    41544    65979   113804    47235    62246    58124    33002    31058    52687    40747    42680    90243    46943    63423    54860    18978    64160    54028    88399    46576    68573    64400    37090    36789 
   20088    69371    66903    16700    37876    13929    78930    49290    63041    32560    38780    27955    38780    24946    60373    25043    85393    24946    55071    32863    33154        0    36661    68384    50490    35232    67633    17668    52654    59714    41775    15684    78930    57884    46137    55195    27823    57884    39201    33154    57534    34447    90771    76904    11399    55560    58308    93897    50680    46155    42417    27963    27963    55071    52159    42949    48717    54501    43865    36661    57534    32608    32608    32829    31805    80326    29530    56017    39063    46155    60920    64316    51241    31330    85000    79699    23996    37013    66903    39201    74232    41820   112992    48893    15684    54663    59108    42642    76538    78073    17450    25043     8058    67633    52654     4364    41122    41940    84893    69273    63483    39476    57715    40625    79699    24009    33154    18172    56017   102104    18275    55071    98625    42167    52159    53204    22198    11022    54260    22531    20167    41775    51241    29683    81241    65862    67633    27539    52159     5824    18195    57724    32560    41820    39201    27502    78930    20353    48893    17668    49105    51420    42032    24009    63041    89423    81155    17627   126520    46137    42642    20167    39476    31245    69612    92839    45515    38780    53280    35232    25043    21667        0    49209    18275    17627    21667   112992    24416    57340    48893     4364    24279    79699    44994    74232    89423    40625    22467    49290    42167    65862    22198    56017    42417    58308    43020    27170     8058 
   80655   105582   114267    51797    89834    42477   133762   101272    99252    33869    58730    20351    58730    41899   112331    64114   121604    41899   107029    52902    69234    36661        0   111271    86570    76236   119591    59895    49746    42674    96607    33085   133762   102568   100969   105328    17984   102568    89401    69234    93745    87690   126982   124268    41695   100841   114342   141260   104369   104660    97250    58716    58716   107029    97440    90312    96081    54416    80076        0    93745    61738    61738     5197    84036   117487    81488    63791    51589   104660   115752   111679    85157    83288   139832   116860    15658    35841   114267    89401   110443    61559   160355   103726    33085   109495   110430    59476   110455   130031    52452    64114    43156   119591    49746    38900    14976    84827   130174    51583   115441    91434    93926    91469   116860    76518    69234    27398    63791   149467    76670   107029   143906    76084    97440   108037    53426    46120    98977    27595    80972    96607    85157    16622   128604   110579   119591    61456    97440    30501    75410    69975    33869    61559    89401    63565   133762    53402   103726    59895    55448    96137    78243    76518    99252   136787   117366    59477   173884   100969    59476    80972    91434    13791   118972   126756    97473    58730    61672    76236    64114    38282    36661   104041    76670    59477    38282   160355    57401   108662   103726    38900    73512   116860    87155   110443   136787    91469    45868   101272    76084   110579    53426    63791    97250   114342    56963    82002    43156 
