dep48 0 0 60
**************************************DATA
8 110 480 8 1.33
**************************************DISTANCE
       0    86058    14590    60944    21091    61423    28185    47508    15279    68057    56895    35662    37693    33328    80970    64696    66634    40893     7266    43584    24660    18828    71598    26317    15453    39014    86058    62525    37693    23562    55295    89724    81398     9590    52170     6426    23562    66634    62525    44327    46504    33328    28188    46907    24492    50626    60944    40486    57649    27692    32746    23133    24588    13841    26317    39039    39231    26317    44327    50438    15453    24492    27692    89724    39231    62291    18472    22919    13841    41547    34736    68017    59043    35662    64950    52170    70709    69918    57372    86058    27692    73798    39885    53940    62525     9590    45230    24660    14218    15279    57372    68017    50438    48762    50046    35323    29848    23562    21091    13841    35323    35662    14590     3712    54014    24660    57359    43584    64696    38609    35323 
   86058        0    98315   106273   104829   114452    55269    41615    98990    79319    66727   119373   121418   117054    32332    70550    75883   124619    82599    84568    80813    91638    17191   110042    99165   122620        0    89589   121418   107287    88079    19930    53625    93315   123800    90597   107287    75883    89589   128038    78941   117054    71504    45641    95377   134352   106273   112709    34871    62405   116457    67073   108314    67982   110042    99739    73264   110042   128038    47126    99165    95377    62405    19930    73264    54161    79778    88037    67982    54669   105620    92511    94794   119373    55246   123800    54769   130395   141098        0    62405    33968   116327   137652    89589    93315    38035    80813    81749    98990   141098    92511    47126    55123    75149    53307   113453   107287   104829    67982    53307   119373    98315    87437   137740    80813   105068    84568    70550    60724    53307 
   14590    98315        0    75586    22392    75709    40413    59751     8964    74524    55635    35546    27292    33246    93213    71163    67458    39170    19509    57627    40292    28327    83841    26719    13692    38793    98315    68992    27292    24082    61756   101968    87866    10110    50447    13311    24082    67458    68992    44211    52610    33246    40428    59150    30960    48903    75586    46454    69892    39936    30984    35377    23315    26084    26719    40384    51475    26719    44211    62681    13692    30960    39936   101968    51475    74534    31669    26076    26084    53790    37781    74485    65510    35546    77304    50447    77177    59727    55649    98315    39936    86041    38162    52178    68992    10110    57473    40292    23111     8964    55649    74485    62681    61002    56152    47566    32980    24082    22392    26084    47566    35546        0    10877    52291    40292    72276    57627    71163    50963    47566 
   60944   106273    75586        0    56069    10566    73927    93116    69771    30846   102637    54228    71961    59452   126546    42800   112189    51820    66400    27633    51961    51299   105693    52723    63588    62600   106273    19354    71961    54267   128928   117883    58579    61136    49768    55946    54267   112189    19354    62868    27444    59452    64756    91555    38746    53026        0    36228    78452    71693    45022    64589    72486    62370    52723   106960    42029    52723    62868    89252    63588    38746    71693   117883    42029   107867    54364    92905    62370    87122    36008    12979    17766    54228    73097    49768    50744    45667    56275   106273    71693    92929    42296    53718    19354    61136    84252    51961    73986    69771    56275    12979    89252    50186    28630    80879    49323    54267    56069    62370    80879    54228    75586    63174    59313    51961    13126    27633    42800    50829    80879 
   21091   104829    22392    56069        0    56192    46914    66252    16219    72399    68911    19030    18381    16150    99741    68952    81437    22207    33753    41110    41877    31827    90369     9623    10036    22276   104829    66781    18381    17312    75735   108496    85741    12745    33483    17520    17312    81437    66781    27695    45674    16150    46930    65652    28835    31940    56069    29304    76420    46464    14532    41878     8897    32586     9623    53766    47078     9623    27695    69183    10036    28835    46464   108496    47078    81062    38197    39352    32586    60318    20685    67285    63386    19030    84305    33483    75052    51231    38685   104829    46464    92569    21198    35726    66781    12745    63975    41877    36388    16219    38685    67285    69183    63059    53941    54094    13110    17312        0    32586    54094    19030    22392    17405    35327    41877    53110    41110    68952    57465    54094 
   61423   114452    75709    10566    56192        0    73863    95005    69889    39025   102574    54346    72084    59575   128330    50959   112312    51943    67032    29419    53748    51422   107477    52846    63706    62718   114452    27514    72084    54390   129052   126062    66758    61260    49891    56069    54390   112312    27514    62940    29223    59575    66573    91675    38869    47007    10566    36346    80237    73478    45140    66376    72609    62488    52846   107083    43814    52846    62940    91039    63706    38869    73478   126062    43814   109652    54487    92646    62488    88907    36131    21157    25945    54346    74883    49891    58923    37924    56398   114452    73478    97387    42419    47913    27514    61260    84372    53748    74439    69889    56398    21157    91039    51971    36044    81002    49442    54390    56192    62488    81002    54346    75709    63297    59436    53748     6741    29419    50959    52616    81002 
   28185    55269    40413    73927    46914    73863        0    16726    41117    71314    35993    61501    63516    64321    50181    65500    57250    70245    24726    56024    27323    33736    40809    52140    44534    64837    55269    67881    63516    49385    58371    58936    77472    35413    65897    32695    49385    57250    67881    70166    51775    64321    19721    18170    37475    79978    73927    56951    33763    10604    61826    15290    50411    12713    52140    51310    38498    52140    70166    19656    44534    37475    10604    58936    38498    31503    21876    35190    12713    17661    47718    73373    64399    61501    56596    65897    71513    72493    86724    55269    10604    49912    58425    83020    67881    35413    21347    27323    26480    41117    86724    73373    19656    40295    54913     7138    64093    49385    46914    12713     7138    61501    40413    29535    83366    27323    70342    56024    65500    30256     7138 
   47508    41615    59751    93116    66252    95005    16726        0    60578    75274    25112    80961    82854    78490    36164    65206    38463    86055    44186    73370    42400    53074    27155    71478    60752    84176    41615    82721    82854    68723    46497    45282    76391    54751    85236    52033    68723    38463    82721    89594    66853    78490    32958     7228    56813    95788    93116    76466    25796    23841    78045    28660    69750    29570    71478    58157    53339    71478    89594     8714    60752    56813    23841    45282    53339    17485    41214    48752    29570    16105    67056    88214    79240    80961    62417    85236    77536    91831   102533    41615    23841    41945    77763    99239    82721    54751    26639    42400    43336    60578   102533    88214     8714    46018    66141    14743    75009    68723    66252    29570    14743    80961    59751    48873    99175    42400    89680    73370    65206    43627    14743 
   15279    98990     8964    69771    16219    69889    41117    60578        0    75214    69828    33133    29879    27155    93902    71853    79566    33080    20198    51807    40982    29017    84530    20629     7872    33326    98990    69681    29879    24772    66256   102657    88555    10800    44356    14001    24772    79566    69681    38745    53299    27155    41121    61849    31649    42813    69771    40634    70582    40625    25164    36066    16775    26774    20629    44288    52164    20629    38745    63371     7872    31649    40625   102657    52164    75224    32358    29851    26774    54479    31690    75174    66200    33133    77993    44356    77866    62104    49559    98990    40625    86731    32071    46359    69681    10800    58166    40982    23475        0    49559    75174    63371    61695    56841    48256    26928    24772    16219    26774    48256    33133     8964    11567    46201    40982    66186    51807    71853    51653    48256 
   68057    79319    74524    30846    72399    39025    71314    75274    75214        0   100025    79459    90170    84684   103920    17372   109636    78815    68589    31891    45001    58417    86495    73076    73069    87830    79319    14163    90170    70511   110885    92475    33171    67206    75000    63063    70511   109636    14163    88099    26264    84684    55520    68960    44246    80321    30846    60285    57522    64737    70252    57629    80687    59758    73076   101029    35074    73076    88099    66657    73069    44246    64737    92475    35074    90017    52930    84858    59758    78642    56820    18630    20913    79459    47152    75000    25336    73886    81513    79319    64737    67521    67527    84474    14163    67206    61657    45001    76175    75214    81513    18630    66657    29256    21651    78326    74554    70511    72399    59758    78326    79459    74524    70292    84544    45001    41605    31891    17372    41353    78326 
   56895    66727    55635   102637    68911   102574    35993    25112    69828   100025        0    84853    83021    79848    67393    94211    15485    85772    45242    84734    56033    62447    52267    73321    62998    86018    66727    96591    83021    78096    21608    70394   101504    64124    97049    61405    78096    15485    96591    93518    80486    79848    55583    32341    66186    95505   102637    85661    50908    48953    80291    50528    69917    41424    73321    43978    67208    73321    93518    33826    62998    66186    48953    70394    67208    35514    50587    36405    41424    41218    76429   102084    93110    84853    87529    97049   100224   114796   102251    66727    48953    67057    84764   101485    96591    64124    51849    56033    40980    69828   102251   102084    33826    71131    83624    28855    79620    78096    68911    41424    28855    84853    55635    58246    98893    56033    99052    84734    94211    66115    28855 
   35662   119373    35546    54228    19030    54346    61501    80961    33133    79459    84853        0    22984    10475   114286    76097    94591     7198    50668    48251    53974    36300   104913    11078    26950     9943   119373    73926    22984    27453    88889   123040    92800    27289    18039    32065    27453    94591    73926    15362    52815    10475    61504    80328    35894    19154    54228    25091    90965    61008     9126    56555    30177    47263    11078    66920    54138    11078    15362    83860    26950    35894    61008   123040    54138    95607    50799    52483    47263    74862    22634    64819    70445        0    91446    18039    82111    30211    19503   119373    61008   107114    16529    30881    73926    27289    78549    53974    53302    33133    19503    64819    83860    70204    61082    68639     6411    27453    19030    47263    68639        0    35546    31950    20813    53974    50643    48251    76097    65151    68639 
   37693   121418    27292    71961    18381    72084    63516    82854    29879    90170    83021    22984        0    14409   122911    86809    92759    28614    47864    58967    58479    49235   107068    22398    23696    21654   121418    84638        0    35169    89875   125195   103598    29730    43593    34104    35169    92759    84638    30369    63530    14409    63531    82253    46692    40570    71961    42828    92992    63163    27015    58480    18640    49187    22398    67771    64935    22398    30369    85784    23696    46692    63163   125195    64935    97761    52287    53463    49187    76890    40372    82557    81242    22984   100407    43593    92908    51593    57197   121418    63163   109268    34266    53582    84638    29730    80576    58479    50498    29879    57197    82557    85784    80916    71798    70793    24149    35169    18381    49187    70793    22984    27292    34104    35820    58479    68381    58967    86809    74066    70793 
   33328   117054    33246    59452    16150    59575    64321    78490    27155    84684    79848    10475    14409        0   111975    81322    92281    16105    44690    53481    59203    41581   102603    11851    20972     9145   117054    79151    14409    28226    86702   120730    98081    24979    31136    29754    28226    92281    79151    17861    58044        0    59167    77889    41175    28113    59452    30320    88627    58698    14506    54115    21602    44823    11851    64597    59419    11851    17861    81420    20972    41175    58698   120730    59419    93296    56080    50289    44823    72525    27915    70100    75726    10475    96675    31136    87392    39085    39725   117054    58698   104803    21810    36110    79151    24979    76212    59203    47324    27155    39725    70100    81420    75429    66311    66329    11641    28226    16150    44823    66329    10475    33246    29640    23364    59203    55924    53481    81322    70380    66329 
   80970    32332    93213   126546    99741   128330    50181    36164    93902   103920    67393   114286   122911   111975        0    93852    59141   124194    77511   106694    75725    93131    35922   111535    94077   117532    32332   108116   122911   108780    75515    19538    81150    87816   125292    92090   108780    59141   108116   122950   100178   111975    66417    40553    96870   135844   126546   107622    54442    63898   111370    61985   109806    62895   111535    94123    93395   111535   122950    42039    94077    96870    63898    19538    93395    37419    74477    82949    62895    49527   107113   113990   105015   114286    90966   125292    82295   122626   136179    32332    63898    54554   117820   132564   108116    87816    57027    75725    76661    93902   136179   113990    42039    74665    94690    54800   108366   108780    99741    62895    54800   114286    93213    88930   139232    75725   129737   106694    93852    76952    54800 
   64696    70550    71163    42800    68952    50959    65500    65206    71853    17372    94211    76097    86809    81322    93852        0   103822    73690    62775    35338    39186    55056    74694    69715    69708    84465    70550    26097    86809    67150   104943    82160    22856    63844    71638    59702    67150   103822    26097    84738    29711    81322    45452    58892    40884    76960    42800    62873    47454    51325    66891    45864    77326    53944    69715    94861    29259    69715    84738    56589    69708    40884    51325    82160    29259    79949    47115    78742    53944    68565    53459    30564    32847    76097    36838    71638    15022    78234    78145    70550    51325    57207    64166    81113    26097    63844    51589    39186    70361    71853    78145    30564    56589    20629    25919    72511    71189    67150    68952    53944    72511    76097    71163    67465    81183    39186    55868    35338        0    31285    72511 
   66634    75883    67458   112189    81437   112312    57250    38463    79566   109636    15485    94591    92759    92281    59141   103822        0   102854    54980    94473    65772    72185    61469    83059    72736    97837    75883   106202    92759    87834    23018    79596   112931    73480   106787    71144    87834        0   106202   103256    90224    92281    65318    43597    75924   105244   112189    95400    62261    64652    90029    60266    79655    51162    83059    41625    76947    83059   103256    45083    72736    75924    64652    79596    76947    27262    60141    46175    51162    52571    86167   111822   102848    94591   102193   106787   109962   118772   114838    75883    64652    78484    94502   111223   106202    73480    63105    65772    50718    79566   114838   111822    45083    85892    93362    45664    92025    87834    81437    51162    45664    94591    67458    67984   108631    65772   108791    94473   103822    75853    45664 
   40893   124619    39170    51820    22207    51943    70245    86055    33080    78815    85772     7198    28614    16105   124194    73690   102854        0    50615    45849    51571    34572   114822    17988    26897    15574   124619    71519    28614    26615    92627   132949    92157    37198    18873    41973    26615   102854    71519    20992    50412    16105    63155    88906    35251    13012    51820    22359    99645    70917     8375    57052    40709    52388    17988    70522    53494    17988    20992    88985    26897    35251    70917   132949    53494   105516    50155    56214    52388    84771    21991    64176    69801     7198    89043    18873    81467    24035    13362   124619    70917   117022    12497    20810    71519    37198    87229    51571    53249    33080    13362    64176    88985    67797    58679    81789    12632    26615    22207    52388    81789     7198    39170    41859    16400    51571    50000    45849    73690    62748    81789 
    7266    82599    19509    66400    33753    67032    24726    44186    20198    68589    45242    50668    47864    44690    77511    62775    54980    50615        0    49193    24574    22440    68139    38164    24896    50861    82599    65156    47864    28481    48628    86266    82481    14510    61891    13692    28481    54980    65156    56280    49027    44690    24730    43432    29948    60348    66400    58168    54190    24234    42188    19658    34759    10366    38164    32372    35773    38164    56280    46963    24896    29948    24234    86266    35773    58832    15967    16252    10366    38088    40192    70648    61674    50668    61586    61891    68788    79639    67094    82599    24234    70339    49606    63383    65156    14510    41775    24574     7542    20198    67094    70648    46963    45304    52165    31865    44463    28481    33753    10366    31865    50668    19509     8632    63736    24574    62815    49193    62775    35245    31865 
   43584    84568    57627    27633    41110    29419    56024    73370    51807    31891    84734    48251    58967    53481   106694    35338    94473    45849    49193        0    31216    33583    84951    41873    46015    56623    84568    26358    58967    39308   110969   103781    52041    42371    43797    38229    39308    94473    26358    56845     6697    53481    44047    69149    21029    49118    27633    35027    57711    51842    39321    44709    49484    44467    41873    89001    21288    41873    56845    66846    46015    21029    51842   103781    21288    88016    36647    74564    44467    67271    25617    31851    22877    48251    52351    43797    41351    50392    50303    84568    51842    74861    36324    54171    26358    42371    61846    31216    56599    51807    50303    31851    66846    29445    13518    63162    43347    39308    41110    44467    63162    48251    57627    45458    53341    31216    25757        0    35338    30079    63162 
   24660    80813    40292    51961    41877    53748    27323    42400    40982    45001    56033    53974    58479    59203    75725    39186    65772    51571    24574    31216        0    21314    66353    47595    41292    62346    80813    41567    58479    45031    66893    84480    55889    30376    49519    26588    45031    65772    41567    62568    25589    59203    19842    43672    21097    54841    51961    40750    46907    20872    44772    13740    45375    15766    47595    56811    12184    47595    62568    45157    41292    21097    20872    84480    12184    57047     9065    40691    15766    36302    31340    47059    38085    53974    41427    49519    45200    56115    56026    80813    20872    64056    42047    59893    41567    30376    39989        0    31981    40982    56026    47059    45157    25137    28727    34461    49070    45031    41877    15766    34461    53974    40292    29415    59064        0    50085    31216    39186    15068    34461 
   18828    91638    28327    51299    31827    51422    33736    53074    29017    58417    62447    36300    49235    41581    93131    55056    72185    34572    22440    33583    21314        0    77149    32517    26872    44672    91638    52885    49235    30574    73306    95276    71691    21041    39238    16083    30574    72185    52885    52349    36503    41581    28090    52473    14853    44560    51299    30485    63212    29120    27093    21987    36130    22180    32517    54879    33096    32517    52349    56004    26872    14853    29120    95276    33096    67914    15122    38708    22180    47110    25100    58377    50815    36300    61603    39238    61069    45490    45764    91638    29120    79420    31789    48725    52885    21041    50796    21314    30025    29017    45764    58377    56004    49163    40045    40874    31395    30574    31827    22180    40874    36300    28327    22540    48799    21314    47719    33583    55056    35263    40874 
   71598    17191    83841   105693    90369   107477    40809    27155    84530    86495    52267   104913   107068   102603    35922    74694    61469   114822    68139    84951    66353    77149        0    95554    84705   108160    17191    88958   107068    92840    77843    26637    60775    78444   107003    76122    92840    61469    88958   113578    79325   102603    57044    31181    78592   127726   105693    98249    35284    47928   101997    52613    93964    53522    95554    85297    77401    95554   113578    32667    84705    78592    47928    26637    77401    39672    65104    73577    53522    40155    91132    94451    86889   104913    60876   107003    61893   113254   126806    17191    47928    26406    99553   123192    88958    78444    38419    66353    67289    84530   126806    94451    32667    55507    75532    38827    98993    92840    90369    53522    38827   104913    83841    72963   123251    66353   105448    84951    74694    61108    38827 
   26317   110042    26719    52723     9623    52846    52140    71478    20629    73076    73321    11078    22398    11851   111535    69715    83059    17988    38164    41873    47595    32517    95554        0    14446    14325   110042    67543    22398    17993    80176   113680    86350    18354    24352    22728    17993    83059    67543    19743    46436    11851    52156    70877    29511    33915    52723    23591    81616    51660     7777    47104    17997    37812        0    58071    47755        0    19743    74409    14446    29511    51660   113680    47755    86156    44413    43763    37812    65514    21375    63334    65474    11078    85067    24352    75728    37254    32996   110042    51660    97663    15029    29381    67543    18354    69200    47595    40798    20629    32996    63334    74409    63821    54703    59279     4113    17993     9623    37812    59279    11078    26719    22605    25194    47595    49143    41873    69715    58772    59279 
   15453    99165    13692    63588    10036    63706    44534    60752     7872    73069    62998    26950    23696    20972    94077    69708    72736    26897    24896    46015    41292    26872    84705    14446        0    27143    99165    67536    23696    19587    67034   102832    86410     7081    38173    11856    19587    72736    67536    32562    51154    20972    41296    62023    29504    36630    63588    34451    70756    40800    19102    36244    10592    26961    14446    45066    47748    14446    32562    63509        0    29504    40800   102832    47748    75398    32533    30628    26961    54654    25507    74179    64055    26950    87130    38173    75721    55921    43376    99165    40800    86905    25888    40614    67536     7081    58341    41292    27529     7872    43376    74179    63509    61870    54696    51672    20745    19587    10036    26961    51672    26950    13692    11741    40018    41292    60003    46015    69708    51801    51672 
   39014   122620    38793    62600    22276    62718    64837    84176    33326    87830    86018     9943    21654     9145   117532    84465    97837    15574    50861    56623    62346    44672   108160    14325    27143        0   122620    82298    21654    30700    92135   126286   101172    30536    26415    35311    30700    97837    82298     9233    61186     9145    64751    83575    44266    27529    62600    33462    94211    64254    17649    59801    28847    50509    14325    70167    62509    14325     9233    87106    27143    44266    64254   126286    62509    98853    59170    56460    50509    78109    31006    73191    78816     9943    99818    26415    90483    38587    21161   122620    64254   110360    24900    39253    82298    30536    81898    62346    53495    33326    21161    73191    87106    78576    69454    71885    14783    30700    22276    50509    71885     9943    38793    35196    14684    62346    59015    56623    84465    73523    71885 
   86058        0    98315   106273   104829   114452    55269    41615    98990    79319    66727   119373   121418   117054    32332    70550    75883   124619    82599    84568    80813    91638    17191   110042    99165   122620        0    89589   121418   107287    88079    19930    53625    93315   123800    90597   107287    75883    89589   128038    78941   117054    71504    45641    95377   134352   106273   112709    34871    62405   116457    67073   108314    67982   110042    99739    73264   110042   128038    47126    99165    95377    62405    19930    73264    54161    79778    88037    67982    54669   105620    92511    94794   119373    55246   123800    54769   130395   141098        0    62405    33968   116327   137652    89589    93315    38035    80813    81749    98990   141098    92511    47126    55123    75149    53307   113453   107287   104829    67982    53307   119373    98315    87437   137740    80813   105068    84568    70550    60724    53307 
   62525    89589    68992    19354    66781    27514    67881    82721    69681    14163    96591    73926    84638    79151   108116    26097   106202    71519    65156    26358    41567    52885    88958    67543    67536    82298    89589        0    84638    64979   107324   101199    41896    61673    69467    57531    64979   106202        0    82566    20732    79151    54398    73155    38713    64316    19354    53175    61718    61303    64720    54195    75154    56324    67543    97242    31640    67543    82566    70853    67536    38713    61303   101199    31640    97477    49496    81424    56324    76733    51288     7119     7194    73926    55877    69467    34061    62634    75974    89589    61303    76246    61995    70666        0    61673    65853    41567    72741    69681    75974     7119    70853    33451    16119    74892    69022    64979    66781    56324    74892    73926    68992    64760    79012    41567    30093    26358    26097    40435    74892 
   37693   121418    27292    71961    18381    72084    63516    82854    29879    90170    83021    22984        0    14409   122911    86809    92759    28614    47864    58967    58479    49235   107068    22398    23696    21654   121418    84638        0    35169    89875   125195   103598    29730    43593    34104    35169    92759    84638    30369    63530    14409    63531    82253    46692    40570    71961    42828    92992    63163    27015    58480    18640    49187    22398    67771    64935    22398    30369    85784    23696    46692    63163   125195    64935    97761    52287    53463    49187    76890    40372    82557    81242    22984   100407    43593    92908    51593    57197   121418    63163   109268    34266    53582    84638    29730    80576    58479    50498    29879    57197    82557    85784    80916    71798    70793    24149    35169    18381    49187    70793    22984    27292    34104    35820    58479    68381    58967    86809    74066    70793 
   23562   107287    24082    54267    17312    54390    49385    68723    24772    70511    78096    27453    35169    28226   108780    67150    87834    26615    28481    39308    45031    30574    92840    17993    19587    30700   107287    64979    35169        0    86478   110966    83785    15599    36255    19973        0    87834    64979    36118    43871    28226    49401    68122    26946    43957    54267    27501    78861    48905    18788    44349    28846    35057    17993    64373    45190    17993    36118    71654    19587    26946    48905   110966    45190    83533    41848    50065    35057    62759    18800    64877    62909    27453    82503    36255    73163    42506    50777   107287    48905    95040    25575    47163    64979    15599    66445    45031    34700    24772    50777    64877    71654    61257    52139    56524    18653        0    17312    35057    56524    27453    24082    19850    47345    45031    51225    39308    67150    56208    56524 
   55295    88079    61756   128928    75735   129052    58371    46497    66256   110885    21608    88889    89875    86702    75515   104943    23018    92627    48628   110969    66893    73306    77843    80176    67034    92135    88079   107324    89875    86478        0    95970   124194    68136   103903    71337    86478    23018   107324    97554    91345    86702    66439    53725    77045   102360   128928    99796    72390    65773    84327    61388    76771    52283    80176    18608    78068    80176    97554    55211    67034    77045    65773    95970    78068    43636    61446    39452    52283    62602    91237   112943   103969    88889   103315   103903   111083   113070   109105    88079    65773    88442    91618   105521   107324    68136    75355    66893    43995    66256   109105   112943    55211    87013    94484    46785    86323    86478    75735    52283    46785    88889    61756    68903   105747    66893   125733   110969   104943    76974    46785 
   89724    19930   101968   117883   108496   126062    58936    45282   102657    92475    70394   123040   125195   120730    19538    82160    79596   132949    86266   103781    84480    95276    26637   113680   102832   126286    19930   101199   125195   110966    95970        0    66755    96570   125130    94249   110966    79596   101199   131705    98154   120730    75171    49308    96719   137990   117883   116376    54113    66054   120124    70740   112090    71649   113680   103424    95528   113680   131705    50793   102832    96719    66054        0    95528    57799    83231    91704    71649    58282   109258   105667   108572   123040    66856   125130    67873   131381   144933    19930    66054    45269   117680   141318   101199    96570    57248    84480    85416   102657   144933   105667    50793    74336    94362    56954   117120   110966   108496    71649    56954   123040   101968    91090   141378    84480   124311   103781    82160    79937    56954 
   81398    53625    87866    58579    85741    66758    77472    76391    88555    33171   101504    92800   103598    98081    81150    22856   112931    92157    82481    52041    55889    71691    60775    86350    86410   101172    53625    41896   103598    83785   124194    66755        0    80579    88273    76405    83785   112931    41896   101440    46414    98081    63441    70077    57519    93595    58579    79576    59640    69271    83594    63854    93961    73068    86350   114920    45962    86350   101440    67775    86410    57519    69271    66755    45962    92655    63761    98750    73068    79760    70094    46363    48526    92800    23068    88273    13703    94581    94855    53625    69271    41802    80801    97816    41896    80579    62775    55889    90067    88555    94855    46363    67775    42122    42621    86968    87896    83785    85741    73068    86968    92800    87866    87305    97818    55889    72503    52041    22856    49275    86968 
    9590    93315    10110    61136    12745    61260    35413    54751    10800    67206    64124    27289    29730    24979    87816    63844    73480    37198    14510    42371    30376    21041    78444    18354     7081    30536    93315    61673    29730    15599    68136    96570    80579        0    44207     6025    15599    73480    61673    35954    45291    24979    35429    54151    23673    42663    61136    34371    64889    34538    24373    30377    16625    21085    18354    46031    41917    18354    35954    57682     7081    23673    34538    96570    41917    69137    26272    29411    21085    48787    26054    67198    58224    27289    72304    44207    69890    53116    49182    93315    34538    80644    31922    45567    61673        0    52474    30376    20728    10800    49182    67198    57682    57951    48833    42169    21369    15599    12745    21085    42169    27289    10110     5480    46051    30376    58478    42371    63844    45964    42169 
   52170   123800    50447    49768    33483    49891    65897    85236    44356    75000    97049    18039    43593    31136   125292    71638   106787    18873    61891    43797    49519    39238   107003    24352    38173    26415   123800    69467    43593    36255   103903   125130    88273    44207        0    48581    36255   106787    69467    22261    48360    31136    61103    84635    31423     7837    49768    19804    94011    61522    16693    55000    44455    54341    24352    81798    49679    24352    22261    88166    38173    31423    61522   125130    49679    97696    46337    67490    54341    79271    18163    60379    65974    18039    86991        0    77652    18895    14670   123800    61522   109203     9323    12047    69467    44207    82958    49519    64526    44356    14670    60379    88166    65745    56627    72843    20950    36255    33483    54341    72843    18039    50447    48458    18718    49519    48982    43797    71638    60696    72843 
    6426    90597    13311    55946    17520    56069    32695    52033    14001    63063    61405    32065    34104    29754    92090    59702    71144    41973    13692    38229    26588    16083    76122    22728    11856    35311    90597    57531    34104    19973    71337    94249    76405     6025    48581        0    19973    71144    57531    40730    41149    29754    33364    51432    19499    47038    55946    34329    62171    32217    29149    27261    20999    18366    22728    49233    37742    22728    40730    54963    11856    19499    32217    94249    37742    66816    20396    29327    18366    46068    29742    63024    54049    32065    66877    48581    65716    49334    53958    90597    32217    78322    36296    50343    57531     6025    49755    26588    20644    14001    53958    63024    54963    53809    44691    39848    26145    19973    17520    18366    39848    32065    13311     9088    50425    26588    52366    38229    59702    40537    39848 
   23562   107287    24082    54267    17312    54390    49385    68723    24772    70511    78096    27453    35169    28226   108780    67150    87834    26615    28481    39308    45031    30574    92840    17993    19587    30700   107287    64979    35169        0    86478   110966    83785    15599    36255    19973        0    87834    64979    36118    43871    28226    49401    68122    26946    43957    54267    27501    78861    48905    18788    44349    28846    35057    17993    64373    45190    17993    36118    71654    19587    26946    48905   110966    45190    83533    41848    50065    35057    62759    18800    64877    62909    27453    82503    36255    73163    42506    50777   107287    48905    95040    25575    47163    64979    15599    66445    45031    34700    24772    50777    64877    71654    61257    52139    56524    18653        0    17312    35057    56524    27453    24082    19850    47345    45031    51225    39308    67150    56208    56524 
   66634    75883    67458   112189    81437   112312    57250    38463    79566   109636    15485    94591    92759    92281    59141   103822        0   102854    54980    94473    65772    72185    61469    83059    72736    97837    75883   106202    92759    87834    23018    79596   112931    73480   106787    71144    87834        0   106202   103256    90224    92281    65318    43597    75924   105244   112189    95400    62261    64652    90029    60266    79655    51162    83059    41625    76947    83059   103256    45083    72736    75924    64652    79596    76947    27262    60141    46175    51162    52571    86167   111822   102848    94591   102193   106787   109962   118772   114838    75883    64652    78484    94502   111223   106202    73480    63105    65772    50718    79566   114838   111822    45083    85892    93362    45664    92025    87834    81437    51162    45664    94591    67458    67984   108631    65772   108791    94473   103822    75853    45664 
   62525    89589    68992    19354    66781    27514    67881    82721    69681    14163    96591    73926    84638    79151   108116    26097   106202    71519    65156    26358    41567    52885    88958    67543    67536    82298    89589        0    84638    64979   107324   101199    41896    61673    69467    57531    64979   106202        0    82566    20732    79151    54398    73155    38713    64316    19354    53175    61718    61303    64720    54195    75154    56324    67543    97242    31640    67543    82566    70853    67536    38713    61303   101199    31640    97477    49496    81424    56324    76733    51288     7119     7194    73926    55877    69467    34061    62634    75974    89589    61303    76246    61995    70666        0    61673    65853    41567    72741    69681    75974     7119    70853    33451    16119    74892    69022    64979    66781    56324    74892    73926    68992    64760    79012    41567    30093    26358    26097    40435    74892 
