dep4 0 0 60
**************************************DATA
16 182 480 8 1.33
**************************************DISTANCE
       0    65314    48609    57649    21296    61547    74446    75842    37865    11991    96605    74446    29184    48738    34697    76389    60615    95214    30614    30614    78259    71942    63615   106590    34697    49702    61801    42555    65314    63615    55589    49874    37257    30848    31505    57649    81495    23181    74275    90436   120279    47486    37257   103315    90676    50512    90436    33283    78259    74275    61900    47037   109938    83114    90436    57649    42472   103650    66682    60031    53400   123562    37241    21296    62003    56074   132763    53400    34697    87893    82415    69012    37865    76389    75660    37865    51995    35315    82415    69178    27198    97760    94028    25531   122177    87893    61801    45429    53400    51995   104884    29832    27610    24539    19090    18069    57649    95214    39869    34043    33202    60554    58436    41460    55839    24539    55244    66682    79485    69735    22205    85420    62626    29184    55244    90436    30848    35315    25531    25531   100831    61894    29184    61494   109938    10060    31505    42472    74446    47824    18069   107377    39662    30848    69012    26874    23181    49216    75842    61547    62003    27198    54415    90676    39869    51995    60031    79497    90676    37241    37257    76389    22205    10151    30087    18069    69178    69988    61494    48738   103315    44131    34697    24539    54036   122177    95017    48776   112347    41460    29184    13303   109938    81495    84445    79425    30848    79425    54036    75660    40937    77983    34043 
   65314        0    33277    94686    66349   107297    81294    82446    82918    55809   103202    81294    64531    55329    42489    91190   105669   101818    75668    75668   104951    10914    70178   113195    42489    40393    14184    87631        0    70178   110402    86962    79086    52244    76559    94686    99525    43040   100967    89543    69713    78918    79086   109911    97216    34234    89543    61162   104951   100967    98821    92091    59687    32765    89543    94686    80487    53375    78385    78105    90066    72996    56962    66349   105489   101128    82197    90066    42489    94439    18635    74509    82918    91190    77787    82918    97049    45247    18635    75750    41936    45529   100876    60675   128781    94439    14184    28512    90066    97049    98926    89509    60076    73886    85746    50677    94686   101818    31546    31919    46058    67150    62698    45943    66631    73886    61816    78385    86182    83513    65357    91966    69195    64531    61816    89543    52244    45247    60675    60675   107435    99949    64531   106553    59687    74974    76559    80487    81294    65873    50677    85538    46253    52244    74509    60491    43040   108893    82446   107297   105489    41936    74551    97216    31546    97049    78105    81677    97216    56962    79086    91190    65357    61993    89764    50677    75750    24481   106553    55329   109911    34167    42489    73886    85433   128781   101613    74989    61782    45943    64531    72980    59687    99525    91041    85950    52244    85950    85433    77787    71878    84832    31919 
   48609    33277        0    97957    62368   103316   115230   116276    78937    58864   137031   115230    69630    89159    80524   116994   101688   136386    71687    71687   114751    27320   104007   141613    80524    68437    47461    83650    33277   104007    95868    90232    77484    77726    72578    97957   134888    69106   110768   131474    71277    88719    77484   128946    98171    62278   131474    30548   114751   110768   102091    88110    61251    34329   131474    97957    83758    54870   106909   113467    93337    74560    90653    62368   102278    97147    83760    93337    80524   128269    24692   108338    78937   116994   115860    78937    93068    81280    24692   109580    74077    47093   129730    65773   162771   128269    47461    56555    93337    93068   100490    70112    67791    44338    47881    71481    97957   136386    59589    65748    15445   100979    98875    20299    96258    44338    96028   106909   120012   110340    34744   125796   103024    69630    96028   131474    77726    81280    65773    65773   140763   103220    69630   102572    61251    53499    72578    83758   115230   101235    71481    87312    80083    77726   108338    29878    69106    89496   116276   103316   102278    74077   109914    98171    59589    93068   113467   119865    98171    90653    77484   116994    34744    56889    70367    71481   109580    21205   102572    89159   128946     8522    80524    44338    95234   162771   135443    89101    63345    20299    69630    53583    61251   134888   110869   119780    77726   119780    95234   115860    81372   119745    65748 
   57649    94686    97957        0    46679    36205    94016    95413    35481    49825   116218    94016    36116    63508    64069    30826    28630   114785    40530    40530    24698   100532    83186   126161    64069    79074    91173    35919    94686    83186    52281    19244    35482    60220    56889        0    73914    52553    20714    44873   168644    32751    35482   122927   110247    79884    44873    81648    24698    20714     4507    29612   158302   131479    44873        0    27738   152015    20842    52450    20287   171927    40323    46679    47510    46641   181127    20287    64069   107464   130780    88583    35481    30826    30097    35481    51499    52728   130780    88749    56570   146125   113599    41085   141748   107464    91173    74801    20287    51499   124455    79180    34261    73886    67454    46864        0   114785    69240    63415    82549    80166    36296    90808    32197    73886    74815    20842    99055    24172    69939   104991    82197    36116    74815    44873    60220    52728    41085    41085   120402     5610    36116    48575   158302    62620    56889    27738    94016    36678    46864   126947    59233    60220    88583    74607    52553    62608    95413    36205    47510    56570    41991   110247    69240    51499    52450    43989   110247    40323    35482    30826    69939    55401    79435    46864    88749   118353    48575    63508   122927    93230    64069    73886    26884   141748   114629    34042   160712    90808    36116    62651   158302    73914   104058    98996    60220    98996    26884    30097    26202    97554    63415 
   21296    66349    62368    46679        0    41333    75481    77027    16955    19886    97782    75481    15163    49773    35733    64697    39705    96399     9704     9704    49086    73119    64650   107625    35733    50737    62836    21645    66349    64650    44438    34891    15501    31883    10594    46679    81953    24299    46980    80196   142135    29664    15501   104492    91711    51547    80196    55139    49086    46980    50207    26127   131793   104970    80196    46679    27584   125506    55631    60563    34451   145418    37699        0    39524    35164   154618    34451    35733    88928    97338    69089    16955    64697    63967    16955    31085    36473    97338    70213    28233   119616    95063    11817   123362    88928    62836    46464    34451    31085   105919    39868    14827    37424    33731    18527    46679    96399    41164    35078    46961    61730    47597    55219    44146    37424    56279    55631    80520    59062    36815    86455    63775    15163    56279    80196    31883    36473    11817    11817   101866    51943    15163    40589   131793    27031    10594    27584    75481    48331    18527   108412    40697    31883    69089    41484    24299    54617    77027    41333    39524    28233    57009    91711    41164    31085    60563    64135    91711    37699    15501    64697    36815    20693    40123    18527    70213    91844    40589    49773   104492    56877    35733    37424    31446   123362    96194    37083   134203    55219    15163    23339   131793    81953    85622    80460    31883    80460    31446    63967    30094    79018    35078 
   61547   107297   103316    36205    41333        0   116428   117278    35338    60834   138034   116428    57726    90721    76680    62959    11402   136650    38017    38017    15294   113371   105598   148573    76680    91685   103784    29502   107297   105598    23731    34952    47597    72831    39913    36205   106047    65163    22885    77525   183083    37553    47597   144743   132659    92495    77525    96087    15294    22885    38362    14743   172741   145918    77525    36205    45300   166454    52960    84582    32445   186365    72455    41333    23963    24402   195566    32445    76680   129876   145219   109341    35338    62959    62229    35338    26780    77298   145219   111161    69181   160564   136010    57273   163614   129876   103784    87412    32445    26780   146866    54748    55775    77675    81893    59475    36205   136650    81851    76026    87909   101982    68339    96167    64329    77675    97227    52960   121467    56391    77067   127403   104609    57726    97227    77525    72831    77298    57273    57273   142814    31509    57726    16215   172741    67979    39913    45300   116428    68818    59475   149359    81645    72831   109341    81735    65163    34475   117278        0    23963    69181    74130   132659    81851    26780    84582    79119   132659    72455    47597    62959    77067    60945    46841    59475   111161   132792    16215    90721   144743    97129    76680    77675    35545   163614   136445    60753   175151    96167    57726    64287   172741   106047   125873   121408    72831   121408    35545    62229    52100   119966    76026 
   74446    81294   115230    94016    75481   116428        0     7232    92049    64940    25054        0    73663    41282    57290    87317   114800    26604    84799    84799   114082    87910    27386    37981    57290    65788    77781    96762    81294    27386   119533    96093    88217    61375    85690    94016    47247    52172   110098    85669    95406    88049    88217    34697    31320    66598    85669   105063   114082   110098    98151   101222    85306    96104    85669    94016    89619    78978    74512    62930    99197    98689    53089    75481   114620   110259   107890    99197    57290    16823   100588     8959    92049    87317    73708    92049   106180    41374   100588    36540    53112    81393    25418    69806    53567    16823    77781    61515    99197   106180    45527    98640    69208    89246    90835    58286    94016    26604    55954    50119   106242    27940    58824   114175    62758    89246    22607    74512    20286    79640    93920    27050    11819    73663    22607    85669    61375    41374    69806    69806    32221    99279    73663   115684    85306    84105    85690    89619        0    61999    58286    47994    37779    61375     8959    98588    52172   118024     7232   116428   114620    53112    75600    31320    55954   106180    62930    77803    31320    53089    88217    87317    93920    71124    98895    58286    36540   111697   115684    41282    34697   116705    57290    89246    94564    53567    26399    73754    87475   114175    73663    82111    85306    47247    25145    20054    61375    20054    94564    73708    76442    18600    50119 
   75842    82446   116276    95413    77027   117278     7232        0    93596    66019    17822     7232    75086    42691    58664    90134   116197    21934    86345    86345   116073    89306    28815    33311    58664    66834    78933    98286    82446    28815   120931    97489    89613    62838    87236    95413    40012    53634   112089    87894    97072    89586    89613    30027    32689    67644    87894   105525   116073   112089    99714   102768    86661    97510    87894    95413    85246    80333    75908    55651    96174   100355    54513    77027   116160   111805   109555    96174    58664     9591   101634    11026    93596    90134    76532    93596   107726    42798   101634    32926    54508    82748    20748    71433    48897     9591    78933    62560    96174   107726    46897   103057    70765    91464    91331    59709    95413    21934    57000    51826   106426    33039    60248   114685    64182    91464    24047    75908    21498    82504    95316    19868    13251    75086    24047    87894    62838    42798    71433    71433    27551    99708    75086   117225    86661    85510    87236    85246     7232    63423    59709    49390    39189    62838    11026    99984    53634   122441        0   117278   116160    54508    68355    32689    57000   107726    55651    70309    32689    54513    89613    90134    95316    72520   103312    59709    32926   107480   117225    42691    30027   118102    58664    91464    96136    48897    21729    75178    89140   114685    75086    86528    86661    40012    26541    21439    62838    21439    96136    76532    77870    19996    51826 
   37865    82918    78937    35481    16955    35338    92049    93596        0    36498   114352    92049    25795    66341    52301    60032    33710   112968    14486    14486    32662    89689    81219   124194    52301    67306    79405    15008    82918    81219    38443    16548     9169    48451    15534    35481    89804    40869    28638    69214   151524     8342     9169   121061   108279    68377    69214    71708    32662    28638    39153    20131   148362   114576    69214    35481    16141   142075    50046    68384    18028   154807    45222    16955    33529    29168   164008    18028    52301   105497   113908    85659        0    60032    59302        0    25090    55889   113908    86781    44802   127340   111631    25193   139932   105497    79405    63294    18028    25090   122487    56437    30874    53993    50301    35146    35481   112968    57733    51647    62984    78300    40358    71788    38598    53993    72848    50046    97333    53477    53385   103117    80345    25795    72848    69214    48451    55889    25193    25193   118435    33219    25795    34594   148362    43600    15534    16141    92049    51047    35146   124980    57265    48451    85659    58054    40869    48633    93596    35338    33529    44802    56359   108279    57733    25090    68384    61348   108279    45222     9169    60032    53385    37263    56692    35146    86781   101453    34594    66341   121061    73447    52301    53993    13104   139932   112763    30585   150771    71788    25795    39908   148362    89804   102192    97101    48451    97101    13104    59302    22855    95586    51647 
   11991    55809    58864    49825    19886    60834    64940    66019    36498        0    86774    64940    18614    39232    25192    67621    59206    85391    29204    29204    59195    62111    54110    97085    25192    40197    52296    41167    55809    54110    65762    42100    33305    21342    30138    49825    71942    13291    55186    61960   129564    33114    33305    93484    81171    40800    61960    42569    59195    55186    53132    45627   119223    93559    61960    49825    30957   112936    58776    50522    44632   133790    27736    19886    59025    54664   142991    44632    25192    78388    74790    58082    36498    67621    50000    36498    50586    25465    74790    59672    17693   106323    84522    14894   112354    78388    52296    35716    44632    50586    95378    40087    15215    34797    29284     8535    49825    85391    30156    24538    43788    50723    34277    51715    38736    34797    45739    58776    69755    62208    32368    75539    52768    18614    45739    61960    21342    25465    14894    14894    91326    55088    18614    60089   119223    21786    30138    30957    64940    38290     8535    97871    30157    21342    58082    37036    13291    59389    66019    60834    59025    17693    46968    81171    30156    50586    50522    54094    81171    27736    33305    67621    32368     8669    40342     8535    59672    80435    60089    39232    93484    54251    25192    34797    39652   112354    85186    30127   121633    51715    18614    23558   119223    71942    74614    69523    21342    69523    39652    50000    27016    68478    24538 
   96605   103202   137031   116218    97782   138034    25054    17822   114352    86774        0    25054    95841    63446    79420    97415   137102    39756   107101   107101   136828   109711    46637    48516    79420    87590    99689   119042   103202    46637   141687   113403   110561    83594   107991   116218    47293    74390   132845    95132   114893   110342   110561    41612    50511    88399    95132   126281   136828   132845   120469   123524   104482   115332    95132   116218   106001    98155    96722    62932   116929   118176    75268    97782   136916   132561   127377   116929    79420     8762   122390    28848   114352    97415    83813   114352   128482    63553   122390    41720    75264   100570    38570    92188    36275     8762    99689    83316   116929   128482    64719   123812    91520   112220   112087    80465   116218    39756    77756    72582   127182    41709    81003   135440    84937   112220    41971    96722    39320    89739   116129    22070    31073    95841    41971    95132    83594    63553    92188    92188    45373   120464    95841   137980   104482   106265   107991   106001    25054    77099    80465    67212    59944    83594    28848   119806    74390   143196    17822   138034   136916    75264    75636    50511    77756   128482    62932    77558    50511    75268   110561    97415   116129    93334   124067    80465    41720   128235   137980    63446    41612   138915    79420   112220   116892    36275    35544    95933   106962   135440    95841   107283   104482    47293    44363    39261    83594    39261   116892    83813    98625    37818    72582 
   74446    81294   115230    94016    75481   116428        0     7232    92049    64940    25054        0    73663    41282    57290    87317   114800    26604    84799    84799   114082    87910    27386    37981    57290    65788    77781    96762    81294    27386   119533    96093    88217    61375    85690    94016    47247    52172   110098    85669    95406    88049    88217    34697    31320    66598    85669   105063   114082   110098    98151   101222    85306    96104    85669    94016    89619    78978    74512    62930    99197    98689    53089    75481   114620   110259   107890    99197    57290    16823   100588     8959    92049    87317    73708    92049   106180    41374   100588    36540    53112    81393    25418    69806    53567    16823    77781    61515    99197   106180    45527    98640    69208    89246    90835    58286    94016    26604    55954    50119   106242    27940    58824   114175    62758    89246    22607    74512    20286    79640    93920    27050    11819    73663    22607    85669    61375    41374    69806    69806    32221    99279    73663   115684    85306    84105    85690    89619        0    61999    58286    47994    37779    61375     8959    98588    52172   118024     7232   116428   114620    53112    75600    31320    55954   106180    62930    77803    31320    53089    88217    87317    93920    71124    98895    58286    36540   111697   115684    41282    34697   116705    57290    89246    94564    53567    26399    73754    87475   114175    73663    82111    85306    47247    25145    20054    61375    20054    94564    73708    76442    18600    50119 
   29184    64531    69630    36116    15163    57726    73663    75086    25795    18614    95841    73663        0    47955    33915    55306    50138    94458    25658    25658    46367    71178    62832   105808    33915    48920    61018    31459    64531    62832    60303    26085    20341    30065    25588    36116    84826    22358    42222    64237   139614    20287    20341   102551    89893    49866    64237    53321    46367    42222    40816    41992   129975   102666    64237    36116    17992   123688    45068    63406    29784   142897    35881    15163    55389    51028   152098    29784    33915    87110   101997    67148    25795    55306    54576    25795    47038    34532   101997    68395    26416   115430    93245     5185   121421    87110    61018    44783    29784    47038   104101    50853    12945    45312    38391    16635    36116    94458    39223    33260    54303    59789    35381    62481    33872    45312    54461    45068    78822    48499    41475    84606    61834        0    54461    64237    30065    34532     5185     5185   100048    35371        0    56454   129975    34293    25588    17992    73663    46069    16635   106594    38879    30065    67148    46143    22358    69904    75086    57726    55389    26416    51381    89893    39223    47038    63406    56371    89893    35881    20341    55306    41475    20825    51108    16635    68395    89542    56454    47955   102551    64766    33915    45312    26688   121421    94253    25607   132385    62481        0    34324   129975    84826    83681    78590    30065    78590    26688    54576    17877    77200    33260 
   48738    55329    89159    63508    49773    90721    41282    42691    66341    39232    63446    41282    47955        0    31582    56809    88053    62063    59091    59091    84120    62202    30422    73439    31582    40080    51816    71054    55329    30422    93825    60685    62509    35721    59982    63508    65143    26464    80137    55161   121547    59171    62509    70156    57512    40890    55161    79355    84120    80137    67642    75514   111446    89010    55161    63508    54210   105156    44004    43723    63789   124830    22581    49773    88912    84551   134031    63789    31582    54684    74881    34754    66341    56809    43173    66341    80472    13861    74881    35995    27391   107534    60864    44098    89026    54684    51816    35807    63789    80472    71668    72932    43500    63538    65127    32578    63508    62063    30246    24411    80534    27395    28316    87568    32250    63538    22080    44004    46427    49132    68212    52211    29440    47955    22080    55161    35721    13861    44098    44098    67680    68771    47955    89976   111446    58398    59982    54210    41282    31491    32578    74213    12072    35721    34754    72880    26464    92316    42691    90721    88912    27391    40170    57512    30246    80472    43723    47295    57512    22581    62509    56809    68212    45416    73187    32578    35995    80726    89976        0    70156    90998    31582    63538    65686    89026    61858    43246   113616    87568    47955    59410   111446    65143    51286    46195    35721    46195    65686    43173    45934    44819    24411 
   34697    42489    80524    64069    35733    76680    57290    58664    52301    25192    79420    57290    33915    31582        0    67408    75052    78036    45051    45051    83741    49019    46396    89435        0    26898    38976    57014    42489    46396    79785    56345    48469    18134    45942    64069    75743    12424    70350    65761   112776    48301    48469    86129    73520    27708    65761    65315    83741    70350    68204    61474   102750    75828    65761    64069    49871    96327    54604    54323    59449   116059    33112    35733    74872    70511   125259    59449        0    70658    61698    50727    52301    67408    53703    52301    66432    21466    61698    52022    11150    88592    76872    30058   105000    70658    38976    22624    59449    66432    87642    58892    29460    36910    51087    22780    64069    78036    17064    11228    66494    43368    38916    73375    42781    36910    38088    54604    62401    59731    54172    68185    45413    33915    38088    65761    18134    21466    30058    30058    83676    69333    33915    75936   102750    44357    45942    49871    57290    42091    22780    90221    22471    18134    50727    58840    12424    78276    58664    76680    74872    11150    50770    73520    17064    66432    54323    57895    73520    33112    48469    67408    54172    31376    59147    22780    52022    67543    75936    31582    86129    76957        0    36910    54816   105000    77831    44372   104844    73375    33915    45218   102750    75743    67259    62168    18134    62168    54816    53703    41261    60827    11228 
   76389    91190   116994    30826    64697    62959    87317    90134    60032    67621    97415    87317    55306    56809    67408        0    55371   108078    59540    59540    51538    98004    76486   119462    67408    75578    87677    62982    91190    76486    74762    40522    54223    79256    75925    30826    56878    70453    47455    11272   186819    51697    54223   116171   103547    76692    11272   100685    51538    47455    35179    52095   177339   149871    11272    30826    46736   171052    28226    35458    38665   190102    36197    64697    69849    82552   199303    38665    67408    88689   110682    80768    60032        0    13601    60032    78562    45994   110682    82049    59897   162635   106899    59022   134438    88689    87677    71608    38665    78562   117755    98217    52368    92517    85596    64730    30826   108078    66048    59919   101508    73409    41897   109845    33876    92517    68115    28226    92442    10062    88680    86180    75454    55306    68115    11272    79256    45994    59022    59022   113702    36089    55306    70913   177339    81657    75925    46736    87317    27896    64730   120248    52533    79256    80768    93348    70453    84952    90134    62959    69849    59897    24964   103547    66048    78562    35458    22490   103547    36197    54223        0    88680    74142    98472    64730    82049   136747    70913    56809   116171   111971    67408    92517    49507   134438   107873    48945   178888   109845    55306    81687   177339    56878    97301    92210    79256    92210    49507    13601    40051    90854    59919 
   60615   105669   101688    28630    39705    11402   114800   116197    33710    59206   137102   114800    50138    88053    75052    55371        0   135569    36389    36389    14154   112439   103970   146945    75052    90057   102156    27874   105669   103970    31925    27708    40023    71202    38285    28630    98459    63535    15297    69417   181455    29965    40023   143811   131031    90867    69417    94459    14154    15297    30774    13811   171113   144290    69417    28630    37712   164826    45385    76995    24857   184737    64868    39705    27153    26945   193938    24857    75052   128248   143591   109367    33710    55371    54641    33710    29322    75670   143591   109533    67553   158935   134382    49731   162532   128248   102156    85784    24857    29322   145238    62525    53384    77617    80265    57847    28630   135569    80223    74398    86280   101050    60841    94539    56741    77617    95599    45385   119839    48717    94482   125775   102981    50138    95599    69417    71202    75670    49731    49731   141186    23922    50138    23523   171113    66351    38285    37712   114800    61222    57847   147731    80017    71202   109367    99150    63535    42252   116197    11402    27153    67553    66536   131031    80223    29322    76995    71545   131031    64868    40023    55371    94482    60013    54618    57847   109533   131164    23523    88053   143811    96197    75052    77617    27958   162532   135514    53165   173523    94539    50138    62659   171113    98459   124942   119780    71202   119780    27958    54641    45326   118338    74398 
   95214   101818   136386   114785    96399   136650    26604    21934   112968    85391    39756    26604    94458    62063    78036   108078   135569        0   105717   105717   135445   108678    48187    16505    78036    86206    98305   117658   101818    48187   140303   116861   108985    82210   106608   114785    61946    73006   131461   109828   102559   108958   108985     9601    37744    87016   109828   124897   135445   131461   119086   122140    92148   103804   109828   114785   104618    85821    95280    77585   115545   105842    73885    96399   135532   131177   115043   115545    78036    31526   116126    30398   112968   108078    94476   112968   127098    62169   116126    54860    73880    89043     6693    90805    34798    31526    98305    81932   115545   127098    51951   122429    90137   110014   110703    79081   114785        0    76372    71198   125798    48708    79593   134057    83553   110014    43419    95280    40870   100408   114688    41802    32623    94458    43419   109828    82210    62169    90805    90805    12308   119080    94458   136596    92148   104882   106608   104618    26604    82795    79081    54444    58560    82210    30398   119356    73006   141812    21934   136650   135532    73880    90290    37744    76372   127098    77585    92243    37744    73885   108985   108078   114688    91892   122684    79081    54860   119396   136596    62063     9601   139899    78036   110014   115508    34798    16052    94550    94628   134057    94458   105899    92148    61946    38374    40811    82210    40811   115508    94476    97242    39368    71198 
   30614    75668    71687    40530     9704    38017    84799    86345    14486    29204   107101    84799    25658    59091    45051    59540    36389   105717        0        0    41407    82438    73968   116944    45051    60056    72155    18329    75668    73968    41122    25293     5797    41201     8283    40530    86466    33534    37424    68650   151453    16419     5797   113810   101029    60866    68650    64458    41407    37424    45050    22811   141112   114288    68650    40530    18757   134824    49481    67819    26773   154736    44729     9704    36208    31847   163937    26773    45051    98247   113589    78408    14486    59540    58810    14486    27769    45669   113589    79531    37552   128934   104381    21135   132680    98247    72155    55782    26773    27769   115237    49187    24145    46742    50264    27845    40530   105717    50222    44397    56279    71049    39794    64538    38106    46742    65597    49481    89838    52912    46134    95774    73094    25658    65597    68650    41201    45669    21135    21135   111185    41964    25658    37273   141112    36350     8283    18757    84799    50483    27845   117730    50015    41201    78408    50802    33534    51301    86345    38017    36208    37552    55795   101029    50222    27769    67819    60784   101029    44729     5797    59540    46134    30011    49442    27845    79531   101163    37273    59091   113810    66196    45051    46742    21877   132680   105512    31043   143521    64538    25658    32657   141112    86466    94940    89779    41201    89779    21877    58810    22291    88336    44397 
   30614    75668    71687    40530     9704    38017    84799    86345    14486    29204   107101    84799    25658    59091    45051    59540    36389   105717        0        0    41407    82438    73968   116944    45051    60056    72155    18329    75668    73968    41122    25293     5797    41201     8283    40530    86466    33534    37424    68650   151453    16419     5797   113810   101029    60866    68650    64458    41407    37424    45050    22811   141112   114288    68650    40530    18757   134824    49481    67819    26773   154736    44729     9704    36208    31847   163937    26773    45051    98247   113589    78408    14486    59540    58810    14486    27769    45669   113589    79531    37552   128934   104381    21135   132680    98247    72155    55782    26773    27769   115237    49187    24145    46742    50264    27845    40530   105717    50222    44397    56279    71049    39794    64538    38106    46742    65597    49481    89838    52912    46134    95774    73094    25658    65597    68650    41201    45669    21135    21135   111185    41964    25658    37273   141112    36350     8283    18757    84799    50483    27845   117730    50015    41201    78408    50802    33534    51301    86345    38017    36208    37552    55795   101029    50222    27769    67819    60784   101029    44729     5797    59540    46134    30011    49442    27845    79531   101163    37273    59091   113810    66196    45051    46742    21877   132680   105512    31043   143521    64538    25658    32657   141112    86466    94940    89779    41201    89779    21877    58810    22291    88336    44397 
   78259   104951   114751    24698    49086    15294   114082   116073    32662    59195   136828   114082    46367    84120    83741    51538    14154   135445    41407    41407        0   121142   103804   146227    83741    99021   101438    31204   104951   103804    38719    23445    36090    70484    47665    24698    94536    72322    11364    66018   188689    26081    36090   143538   130312    99831    66018   101692        0    11364    26854    26625   178663   151740    66018    24698    33880   168809    41453    73116    20937   191971    60935    49086    38950    42110   201172    20937    83741   128066   151072   108135    32662    51538    50709    32662    44487    73361   151072   108814    66835   164504   133664    45766   162408   128066   101438    94747    20937    44487   145050    69414    48612    94387    87465    66599    24698   135445    89187    83351   103377   100776    56832   107602    52809    94387    94880    41453   119809    44884    90549   125593   102821    46367    94880    66018    70484    73361    45766    45766   140467    20002    46367    31074   178663    83148    47665    33880   114082    57310    66599   147013    79880    70484   108135    95218    72322    49141   116073    15294    38950    66835    62622   130312    89187    44487    73116    67612   130312    60935    36090    51538    90549    76012    61508    66599   108814   138617    31074    84120   143538   113840    83741    94387    24038   162408   135240    48323   180757   107602    46367    79445   178663    94536   124668   119577    70484   119577    24038    50709    40593   117619    83351 
   71942    10914    27320   100532    73119   113371    87910    89306    89689    62111   109711    87910    71178    62202    49019    98004   112439   108678    82438    82438   121142        0    77079   120055    49019    41117    25102    94379    10914    77079   117024    92758    85595    58930    83328   100532   106393    49727   117159    96394    63957    85679    85595   121159    90629    34958    96394    55234   121142   117159   104784    98861    53616    26792    96394   100532    85356    47328    84895    84928    96284    67240    63811    73119   112253   107898    76441    96284    49019   101357    12678    82477    89689    98004    84402    89689   103819    52096    12678    82642    48552    41438   107492    67525   135641   101357    25102    29235    96284   103819    92916   105490    66857    67929    79432    60216   100532   108678    32269    38563    40131    74042    69546    39986    73480    67929    68708    84895    92949    90328    59400    98885    76091    71178    68708    96394    58930    52096    67525    67525   114295   104778    71178   113317    53616    88930    83328    85356    87910    72721    60216    79770    53126    58930    82477    54535    49727   124874    89306   113371   112253    48552    79312    90629    32269   103819    84928    88595    90629    63811    85595    98004    59400    68502   105745    60216    82642    18524   113317    62202   121159    28210    49019    67929    92229   135641   108123    81808    56025    39986    71178    88961    53616   106393    97551    92890    58930    92890    92229    84402    83820    91447    38563 
   63615    70178   104007    83186    64650   105598    27386    28815    81219    54110    46637    27386    62832    30422    46396    76486   103970    48187    73968    73968   103804    77079        0    59531    46396    54958    66665    85931    70178        0   108703    85262    77386    50570    74859    83186    62122    41341    99268    74839   107671    77219    77386    56280    43617    55768    74839    93257   103804    99268    87320    90392    97571   108369    74839    83186    78788    91260    63682    63401    88367   110954    42244    64650   103789    99428   120155    88367    46396    38406    89758    20878    81219    76486    62836    81219    95350    30544    89758    25712    42240    93658    46969    58975    75150    38406    66665    50684    88367    95350    57793    90789    58377    78415    80005    47455    83186    48187    45124    39288    95412    17110    47994   102416    51913    78415    11779    63682    32551    68809    83089    41926    15564    62832    11779    74839    50570    30544    58975    58975    53772    88449    62832   104854    97571    73275    74859    78788    27386    51169    47455    60317    26920    50570    20878    87757    41341   107193    28815   105598   103789    42240    59848    43617    45124    95350    63401    66973    43617    42244    77386    76486    83089    60293    88064    47455    25712    95603   104854    30422    56280   105875    46396    78415    83734    75150    47982    62924    99740   102416    62832    74259    97571    62122    28856    15962    50570    15962    83734    62836    65612    30924    39288 
  106590   113195   141613   126161   107625   148573    37981    33311   124194    97085    48516    37981   105808    73439    89435   119462   146945    16505   116944   116944   146227   120055    59531        0    89435    97933   109682   128907   113195    59531   151678   128238   120362    93587   117835   126161    73325    84317   142243   121205   107276   120194   120362    14828    49120    98743   121205   137208   146227   142243   130296   133367    97176   108780   121205   126161   121764    91048   106657    89009   131342   110559    85261   107625   146765   142404   119760   131342    89435    42902   121085    41104   124194   119462   105853   124194   138325    73519   121085    66236    85257    94070    18070   101951    42889    42902   109682    93659   131342   138325    59841   130785   101353   121390   122980    90431   126161    16505    88099    82263   150740    60085    90969   145434    94930   121390    54796   106657    52431   111785   126064    53129    43964   105808    54796   121205    93587    73519   101951   101951     5759   131424   105808   147829    97176   116250   117835   121764    37981    94144    90431    65821    69924    93587    41104   130733    84317   150169    33311   148573   146765    85257   101679    49120    88099   138325    89009   103620    49120    85261   120362   119462   126064   103269   131040    90431    66236   124374   147829    73439    14828   145126    89435   121390   126709    42889    27428   105899    99345   145434   105808   117276    97176    73325    49751    52199    93587    52199   126709   105853   108587    50745    82263 
