dep50 0 0 60
**************************************DATA
12 186 480 8 1.33
**************************************DISTANCE
       0    52823    20108   127262   158288    77055    30091    51391    46451   143335    47777   146467    44881   123865    55256    10031    40477    40295    47334    14995    74123   104116    47777    56026    37638    72532    37012    26137   143335    10031   143394    74123   141152    46031   137313    49132    68069   133453   136811    52823   108661   137393    72561   121171    41336    35828    23546   140061    49132    77159    37012    66509    20717    68485   151684   138125   136742   138114    81135   137762   146467    10453   102729    49132   149265    59649   138114    37880    65700   149265    54287    46451   148693    90902    61379   117838    84759    38113    69701   142140    46031    36831   136581    81348    70684    64523   141152    68485    20717    13995    30345    38744    30345    52823    64845    10031    93862   141792   108661    66203    42971   142140   133356    40477   134835    70221    77055    40295    27172    38293    59649    83578    59584    92220   145396    60784    35828    86867    84759    74431    42858   103400    59584   137393    56604    77159    62928   121171     7487    61304    46031    60674   123698    37638    69945    78426   131369    47777    40477    67737    86056    86056    72532    89920   132988    10453    86056    95552    70684   123698    62552    30091   134888    88134    14995    81135    64523    44881    70684   140263    47334    72532   133356    76475    81348   133356    30091    56604    74123    95552    68485   140061   145396    66465    68074   136811   130232    68485    86867   102921    88134    26137    60696    51391    70684    64560    20108 
   52823        0    50472    91939   110211    41684    72439    25145    24768    90437     8700   111110    23284    88541    25149    63240    28372    53560    18433    59851    28234    68792     8700    19253    15683    44372    45667    33068    90437    63240   108038    28234   104483    13086   109132    45434    37467    79478   108630        0    72841   103486    26548    85847    46396    37889    64649   104965    45434    22218    45667    33796    64196    22472   116360   102215   101386   102475    35250   102406   111110    63428    67406    45434   113909    14445   102475    55457    19830   113909    38301    24768   113337    45016     8139    69020    36426    43344    18210   106783    13086    36373    87889    35463    35770    26338   104483    22472    64196    46399    42919    40429    42919        0    23530    63240    58505   106435    72841    20318    37513   106783    98033    28372    99161    24275    41684    53560    68270    52324    14445    48221    30227    56864   110072    32710    37889    42401    36426    28546    56214    54707    30227   103486    38833    22218    27644    85847    52047    39643    13086    32586    73612    15683    39342    43102    82677     8700    28372    25129    43536    43536    44372    54596    97631    63428    43536    47130    35770    73612    27196    72439    85729    52763    59851    35250    26338    23284    35770   104907    18433    44372    98033    30601    35463    98033    72439    38833    28234    47130    22472   104965   110072    19849    22189   108630    94908    22472    42401    54289    52763    33068    21027    25145    35770    11948    50472 
   20108    50472        0   165732   196960   115478     8960    90063    84920   133970    45423   185139    83553   162335    48638    22258    79149    20279    79033    10591    71782   142585    45423    85013    35311   111204    20865    20068   133970    22258   182066    71782   179824    77170   175985    37173   111285   123012   182423    50472   146634   177280    71776   159641    21258    29789     3515   178733    37173    77986    20865   105181    21405    67700   190153   176797   175414   176786    78783   176434   185139    27465   141199    37173   187937    60937   176786    17849    68295   187937    44128    84920   187365    88550    59057   112568    79974    24761    66393   180812    77170    26874   131437    78996   109564   102993   179824    67700    21405    12971    20389    28974    20389    50472    58198    22258   132534   180464   146634    64399    32812   180812   171826    79149   172955    67869   115478    20279     7144    18265    60937   122250    50692   130892   183866    99456    29789    85948    79974    72080    22828    98255    50692   177280    46445    77986    54010   159641    13824    51145    77170    49618   117146    35311   108617   116896   126224    45423    79149    58466   124478   124478   111204   128390   171660    27465   124478    89242   109564   117146   101224     8960   129276   126806    10591    78783   102993    83553   109564   178935    79033   111204   171826    74148    78996   171826     8960    46445    71782    89242    67700   178733   183866    65454    61030   182423   168702    67700    85948    96369   126806    20068    59790    90063   109564    62233        0 
  127262    91939   165732        0    32044    61155   166981    79826    80990    18849    91829    20223    84301     8398   130736   136222    89532   153729    88068   138767    79881    23725    91829    76012   115789    68814   145333   130220    18849   136222    26874    79881    14908    90025    30073   142202    63574    15001    29571    91939    24429    13189    83446     4394   146860   137555   165065    13818   142202    73223   145333    59897   144489    85915    30682    11881    18862    11870    62355    14820    20223   129853    33737   142202    23022    92775    11870   155123    82201    23022   149157    80990    22450    45081    87674    36139    60504   143010    69643    32359    90025   136040    21542    65635    57185    68226    14908    85915   144489   143390   142585   137198   142585    91939    93986   136222    39432    21384    24429    88228   137841    32359    23487    89532    20103    80631    61155   153729   168692   149093    92775    48199    88579    42009    24395    75896   137555    50621    60504    60921   156792    42697    88579    13189   109407    73223    88200     4394   132134   110098    90025    93142    32075   115789    57426    48836    33729    91829    89532    95585    55414    55414    68814    38746     6744   129853    55414    41739    57185    32075    66658   166981    24472    40796   138767    62355    68226    84301    57185    14020    88068    68814    23487    64075    65635    23487   166981   109407    79881    41739    85915    13818    24395    67143    91970    29571     8957    85915    50621    33017    40796   130220    94652    79826    57185    84354   165732 
  158288   110211   196960    32044        0    92056   204080   109736   112965    23380   122801    14628   115038    36613   117100   167526   120123   185201   118804   171167    93402    55700   122801   107987   118955    99586   177308   161103    23380   167526    33988    93402    21932   122000    49140   173506    94345    30733    48808   110211    55382    25205    96967    36369   178037   169530   196290    25475   173506    90294   177308    90717   175512    99436     6643    20196    31284    30088    82837    27514    14628   160859    65712   173506    11593   106135    30088   187098    96996    11593   130774   112965    13395    67593   100876    44419    82551   174985   101112    45684   122000   168014    26434    86548    88004    99539    21932    99436   175512   176119   174560   168502   174560   110211   108771   167526    70136    30045    55382   102804   169154    45684    49029   120123    50599    94152    92056   185201   199911   180295   106135    79024   113304    73313    15038   106747   169530    72930    82551    84764   187855    59768   113304    25205   124115    90294   112925    36369   163363   125101   122000   117867    39141   118955    88163    79654    28801   122801   120123   110388    75466    75466    99586    70615    27828   160859    75466    65586    88004    39141    97962   204080    27637    71554   171167    82837    99539   115038    88004    18579   118804    99586    49029    87709    86548    49029   204080   124115    93402    65586    99436    25475    15038    98612   105491    48808    34885    99436    72930    57864    71554   161103   109421   109736    88004    97693   196960 
   77055    41684   115478    61155    92056        0   122847    29572    31732    67812    41574    80234    34047    57758    53262    85967    39277   103968    37813    88513    32865    38008    41574    26754    66531    27027    96075    79966    67812    85967    77162    32865    74919    40767    71081    91948    22699    56854    77847    41684    38197    71161    36430    55064    96605    88297   115057    73829    91948    13327    96075    15059    94235    38898    85576    71892    70510    71882    32269    71530    80234    79599    36622    91948    83033    42524    71882   105865    35185    83033    98903    31732    82461    27649    26078    45128    15457    93752    15974    75907    40767    86782    63919    36308    10769    15302    74919    38898    94235    93136    93327    86943    93327    41684    46969    85967    17390    75559    38197    41212    87587    75907    67249    39277    68603    33614        0   103968   118438    98838    42524    12973    51542    19795    79289    25642    88297    25065    15457    24175   106622    30737    51542    71161    62391    13327    51163    55064    81880    63082    40767    56105    50988    66531    17977    12319    58706    41574    39277    48569    13347    13347    27027    23813    66755    79599    13347    22843    10769    50988    14680   122847    62179    15709    88513    32269    15302    34047    10769    74031    37813    27027    67249    28712    36308    67249   122847    62391    32865    22843    38898    73829    79289    16456    44954    77847    64125    38898    25065    30212    15709    79966    47636    29572    10769    27481   115478 
   30091    72439     8960   166981   204080   122847        0    97183    86169   155937    69668   192259    90674   163584    55758    31138    86270    13716    86153    18048    93738   143834    69668    86262    43924   118324    22114    27588   155937    31138   189187    93738   186944    78419   183106    44294   112534   179246   182603    72439   154454   183185    78896   160890    21427    38402     9117   185854    44294   122952    22114   112301    22992    74820   191402   183917   182534   183906   100750   183555   192259    36345   142448    44294   195058    68057   183906    11286    76013   195058    51249    86169   194486   110517    80994   133253    96030    26010    90604   187932    78419    35487   147493   100964   116476   104242   186944    74820    22992    23955    29002    38636    29002    72439    65319    31138   139654   187584   154454    71519    39933   187932   173075    86270   180628    80849   122847    13716     5164    18154    68057   129370    51941   138013   185115   106576    38402   106483    96030    94047    16265   114312    51941   183185    53566   122952    55259   160890    22703    58265    78419    50867   139113    43924   115737   118145   142281    69668    86270    65586   131849   131849   118324   129639   178780    36345   131849   111209   116476   139113   108344        0   150304   133926    18048   100750   104242    90674   116476   186056    86153   118324   173075    90205   100964   173075        0    53566    93738   111209    74820   185854   185115    89697    68150   182603   169951    74820   106483   118337   133926    27588    66910    97183   116476    78290     8960 
   51391    25145    90063    79826   109736    29572    97183        0     5768    95318    25015    98472     7652    76429    55081    59866    11451    78304     8306    64270    49623    56679    25015     6320    40867    21143    70411    53864    95318    59866    95594    49623    92371    13416    97020    65846    20779    84902    96517    25145    60728    91374    53188    73735    71140    62633    89393    92852    65846    29352    70411    19219    68615    47373   104247    90103    88955    90362    48880    90473    98472    53962    55293    65846   100714    40716    90362    80201    51559   100714    72036     5768   100672    51275    27962    70276    37322    68088    22910   101846    13416    61117    89145    49093    23658    17087    92371    47373    68615    69222    67663    60842    67663    25145    64663    59866    45310    93240    60728    46589    62257   101846    85920    11451    87049    50372    29572    78304    93014    73398    40716    35934    60143    43669    97960     8283    62633    50290    37322    42976    80958    55963    60143    91374    75890    29352    63486    73735    56466    79817    13416    66918    75146    40867    22655    30990    83932    25015    11451    66842    38572    38572    21143    42484    84436    53962    38572    48068    23658    75146    14000    97183    86984    40651    64270    48880    17087     7652    23658    92241     8306    21143    85920    45037    49093    85920    97183    75890    49623    48068    47373    92852    97960    17914    48460    96517    82796    47373    50290    55545    40651    53864    60515        0    23658    31292    90063 
   46451    24768    84920    80990   112965    31732    86169     5768        0    98012    24658   101144     2793    78892    49924    55410     6821    72917     6559    57955    51681    59438    24658    11440    35760    22760    65691    49409    98012    55410    98071    51681    95829    11661    91990    61390    22746    88130    91488    24768    63339    92070    51199    76198    66048    58043    84253    94738    61390    31836    65691    21186    63678    47123   106913    92802    91419    92791    52109    92440   101144    49041    57785    61390   103943    38968    92791    75085    44338   103943    68345        0   103371    55035    33294    72515    39770    63425    24379    96817    11661    56940    91384    52322    25361    19566    95829    47123    63678    62579    63485    56386    63485    24768    59494    55410    48539    96469    63339    44841    57029    96817    86584     6821    89512    52430    31732    72917    87880    68281    38968    38255    54973    46897   100654    13418    58043    52451    39770    45405    75980    58106    54973    92070    70662    31836    58379    76198    51323    75362    11661    61848    78375    35760    24622    33311    86172    24658     6821    49653    40733    40733    22760    44391    87665    49041    40733    50229    25361    78375    17229    86169    89565    42811    57955    52109    19566     2793    25361    94940     6559    22760    86584    47500    52322    86584    86169    70662    51681    50229    47123    94738   100654    21142    46712    91488    84083    47123    52451    57598    42811    49409    55345     5768    25361    36472    84920 
  143335    90437   133970    18849    23380    67812   155937    95318    98012        0   107847    24215    99793    19699    99565   151714   105170   137058   103559   156214    73628    40747   107847    93034    99181    84306   129165   114023        0   151714    36593    73628    14895   107046    46893   109804    79392     9401    46391    90437    34618     9282    77193    23318   129894   121388   148148    21977   109804    70520   129165    75764   160559    79662    22960    13840    30750    23943    63099    26169    24215   145345    50758   109804    15315    85488    23943   138955    77222    15315   107218    98012    18633    47240    81102    24645    62777   126842    86159    45182   107046   119872     4804    66013    73051    84586    14895    79662   160559   129898   126417   152689   126417    90437    86698   151714    54923    31103    34618    80941   113524    45182    41785   105170    36923    74378    67812   137058   151768   164584    85488    63691    93530    48584    16045    91793   121388    53156    62777    62729   139712    39994    93530     9282   104341    70520    93151    23318   148410   102811   107046    98093    18606    99181    73210    64700     9027   107847   105170    88298    55692    55692    84306    55662    18730   145345    55692    45812    73051    18606    82150   155937     7863    51741   156214    63099    84586    99793    73051     8680   103559    84306    41785    67935    66013    41785   155937   104341    73628    45812    79662    21977    16045    82635    85747    46391    26269    79662    53156    34821    51741   114023    89647    95318    73051    77919   133970 
   47777     8700    45423    91829   122801    41574    69668    25015    24658   107847        0   110979    23153    88431    27204    56477    33339    50789    18302    53351    35034    68682        0    19143    12998    44241    42896    26304   107847    56477   107907    35034   105665    12976   101826    38670    37357    97966   108520     8700    72731   103376    33491    85737    43625    35118    61878   104574    38670    27983    42896    33717    59073    29415   116250   102637   101255   102627    42065   102275   110979    56664    67296    38670   113778    20579   102627    52686    26630   113778    45625    24658   113206    51832    15833    75819    43226    40573    23499   106652    12976    33602    94689    42278    35660    26228   105665    29415    59073    39474    40148    33666    40148     8700    30199    56477    58375   106304    72731    27134    34309   106652    97923    33339    99051    31151    41574    50789    65160    45561    20579    48091    32898    56733   109962    32493    35118    49200    43226    35362    53443    61507    32898   103376    47942    27983    36242    85737    46718    52642    12976    39674    80428    12998    39296    42992    89476        0    33339    31945    50575    50575    44241    54487    97500    56664    50575    52524    35660    80428    27065    69668    92528    52647    53351    42065    26228    23153    35660   104776    18302    44241    97923    37400    42278    97923    69668    47942    35034    52524    29415   104574   109962    22616    29004   108520    94798    29415    49200    59651    52647    26304    25582    25015    35660    19642    45423 
  146467   111110   185139    20223    14628    80234   192259    98472   101144    24215   110979        0   103217    24792   110181   154868   108302   173380   106714   159346    94237    43879   110979    96166   135943    87461   165487   148867    24215   154868    19787    94237     9656   110178    34939   160848    82524    24267    34607   111110    43561    18825    97802    24548   166216   157709   184469    11275   160848    92302   165487    78896   163691   100271     8459    11572    17084    15887    83498    13217        0   149038    53890   160848     8963   100355    15887   175277    90077     8963   167803   101144     5997    67639    93957    45254    80658   163164    89291    31484   110178   156193    27269    86412    76183    87718     9656   100271   163691   164298   162739   155844   162739   111110   101565   154868    58078    15780    43561   103459   157333    31484    34828   108302    34700    94986    80234   173380   188090   167739   100355    67203   106385    60655    11422    94926   157709    73765    80658    77845   176034    60603   106385    18825   117196    92302   106006    24548   151542   117677   110178   110948    39004   135943    76342    67833    29636   110979   108302   103164    63987    63987    87461    58794    16537   149038    63987    58667    76183    39004    85304   192259    28472    59733   159346    83498    87718   103217    76183    13862   106714    87461    34828    88544    86412    34828   192259   117196    94237    58667   100271    11275    11422    85789   106146    34607    21906   100271    73765    49753    59733   148867   102502    98472    76183    90774   185139 
   44881    23284    83553    84301   115038    34047    90674     7652     2793    99793    23153   103217        0    80904    48292    53778     5189    71795     5069    57761    51272    61155    23153    11804    34358    26652    63901    47777    99793    53778   100145    51272    96846    10179   101495    59758    27335    90204   100993    23284    65204    95849    49587    78210    64631    56124    82884    97327    59758    33828    63901    25775    62105    45511   108723    94578    93431    94837    54182    94513   103217    47409    59768    59758   106016    37478    94837    73692    42868   106016    66713     2793   105444    57109    31178    74751    41798    61578    27386    98890    10179    54608    93620    54395    28133    21562    96846    45511    62105    62713    61153    54754    61153    23284    57862    53778    50612    98542    65204    43351    55747    98890    90395     5189    91524    47313    34047    71795    86505    66649    37478    40409    53633    48971   102435    14839    56124    54766    41798    47452    74449    60439    53633    95849    69381    33828    56977    78210    49957    73730    10179    60409    80448    34358    29211    35465    88408    23153     5189    48163    43048    43048    26652    46959    89738    47409    43048    52544    28133    80448    19302    90674    91460    45126    57761    54182    21562        0    28133    97014     5069    26652    90395    49513    54395    90395    90674    69381    51272    52544    45511    97327   102435    23215    45222   100993    87271    45511    54766    60020    45126    47777    54005     7652    28133    34986    83553 
  123865    88541   162335     8398    36613    57758   163584    76429    78892    19699    88431    24792    80904        0   127338   132824    86134   150332    84670   135370    64366    21237    88431    73657   113424    65417   143105   126823    19699   132824    26581    64366    19477    84222    27993   138805    60177     9818    27491    88541    21032    13757    67931     4407   143462   135458   161667    18386   138805    69826   143105    56499   141092    70400    30561    16450    19929    16439    55935    19388    24792   126456    32365   138805    27590    77260    16439   152499    66686    27590   145760    78892    27018    38661    84276    25760    58178   140840    66246    32820    84222   134354    23266    59215    53788    64829    19477    70400   141092   139993   140899   133800   140899    88541    78470   132824    36034    24979    21032    72713   134444    32820    22587    86134    18023    65116    57758   150332   165295   145695    77260    44802    82983    38612    24301    72499   135458    44201    58178    54501   153394    36277    82983    13757    93892    69826    82623     4407   128737    94583    84222    87590    26892   113424    54029    45439    22964    88431    86134    80070    52016    52016    65417    35348    11312   126456    52016    35320    53788    26892    63261   163584    21528    37399   135370    55935    64829    80904    53788    18588    84670    65417    22587    57926    59215    22587   163584    93892    64366    35320    70400    18386    24301    63746    76455    27491    12387    70400    44201    26597    37399   126823    79137    76429    53788    68839   162335 
   55256    25149    48638   130736   117100    53262    55758    55081    49924    99565    27204   110181    48292   127338        0    64053    43888    36879    44051    54717    28404   107589    27204    50016    18796    76222    28986    30299    99565    64053   147085    28404   143280    42173   147929    17050    76288    86367   147427    25149    78361    97980    23333   124644    29715    20449    47968   143762    17050    43006    28986    55082    65851    19257   118241   141012   139865   141272    39113   141453   110181    64371   106202    17050   109035    11173   141272    38776    21076   109035    15459    49924   112353    51906    25480    78991    46397    21864    39058   152755    42173    19174    97860    37263    51426    46793   143280    19257    65851    41415    25719    17972    25719    25149    14174    64053    66151   145482    78361    16555    17173   152755   136830    43888   137958    25209    53262    36879    51589    31379    11173    86843     9646    68556   111326    60966    20449    52372    46397    38510    39533    64678     9646    97980    15312    43006    12989   124644    54415    18911    42173    13099    80502    18796    78164    81899    92648    27204    43888    17067    53507    53507    76222    93393   136678    64371    53507    57101    51426    80502    66243    55758    95699    67106    54717    39113    46793    48292    51426    98536    44051    76222   136830    40572    37263   136830    55758    15312    28404    57101    19257   143762   111326    40708    17507   147427   133705    19257    52372    64260    67106    30299    10018    55081    51426    28656    48638 
   10031    63240    22258   136222   167526    85967    31138    59866    55410   151714    56477   154868    53778   132824    64053        0    49374    42457    56220    11770    82836   113075    56477    64985    46365    79259    43043    34865   151714        0   151990    82836   148766    54990   153415    57838    81774   141880   152913    63240   117124   147769    81150   130130    43435    44556    25693   149248    57838    85748    43043    78104     9169    77074   160643   146499   145351   146758    91035   146869   154868    10661   111689    57838   158225    69052   146758    40027    74432   158225    64083    55410   157067   101037    70111   126671    91028    46575    79306   158242    54990    45293   145541    90120    80053    73482   148766    77074     9169    22656    38808    47450    38808    63240    72832        0   102093   150401   117124    76412    54303   158242   142316    49374   143445    78877    85967    42457    29313    40438    69052    92329    68311   101180   154355    66453    44556    97002    91028    83141    45005   112359    68311   147769    67937    85748    71655   130130    11150    72450    54990    71796   132578    46365    83650    87386   140328    56477    49374    80000    94968    94968    79259    98880   139951    10661    94968   104464    80053   132578    71511    31138   143380    97046    11770    91035    73482    53778    80053   148637    56220    79259   142316    85202    90120   142316    31138    67937    82836   104464    77074   149248   154355    76806    76286   152913   139191    77074    97002   111940    97046    34865    68684    59866    80053    73287    22258 
   40477    28372    79149    89532   120123    39277    86270    11451     6821   105170    33339   108302     5189    86134    43888    49374        0    67391     9063    53357    59328    66385    33339    18295    29954    34367    59497    43373   105170    49374   105229    59328   102076    15267   106725    55354    35084    95288   106223    28372    70434   101079    63185    83440    60227    51720    78480   102558    55354    39058    59497    31414    57701    59110   113953    99808    98577   100067    59267    99598   108302    43005    64998    55354   111101    46955   100067    69288    56467   111101    62310     6821   110529    62193    36266    79981    47028    57174    32616   103975    15267    50204    98850    59480    33363    26792   102076    59110    57701    58309    56749    50350    56749    28372    53458    49374    55697   103627    70434    53510    51344   103975    95625        0    96754    60912    39277    67391    82101    62245    46955    45413    49229    54056   107665    16630    51720    59996    47028    52563    70045    65669    49229   101079    64977    39058    52573    83440    45553    69326    15267    56005    85533    29954    36960    40695    93638    33339        0    56351    48278    48278    34367    52189    94823    43005    48278    57774    33363    85533    24387    86270    96690    50356    53357    59267    26792     5189    33363   102098     9063    34367    95625    54743    59480    95625    86270    64977    59328    57774    59110   102558   107665    28300    56791   106223    92501    59110    59996    65250    50356    43373    49601    11451    33363    40074    79149 
   40295    53560    20279   153729   185201   103968    13716    78304    72917   137058    50789   173380    71795   150332    36879    42457    67391        0    67274    29367    74859   130582    50789    73010    41998    99445     9987    34215   137058    42457   170307    74859   168065    65166   164227    25415    99281   160367   163724    53560   135575   164306    60017   147638     7948    28128    19321   166975    25415   104073     9987    93422    36612    55941   178150   165038   163655   165027    81871   164676   173380    47663   129196    25415   176179    49178   165027     4243    57134   176179    32370    72917   175607    91638    62115   114374    82778    13884    71725   169053    65166    17316   134241    82084    97597    90990   168065    55941    36612    28619    17461    19757    17461    53560    46439    42457   120775   168705   135575    52640    21054   169053   159823    67391   161749    61969   103968        0    18522     7204    49178   110491    38688   119134   171863    87697    28128    87604    82778    75168     9211   101059    38688   164306    34687   104073    42007   147638    34022    39386    65166    37615   120234    41998    96858   104893   129029    50789    67391    46707   112969   112969    99445   116387   159901    47663   112969    92330    97597   120234    89465    13716   131425   115047    29367    81871    90990    71795    97597   167176    67274    99445   159823    76953    82084   159823    13716    34687    74859    92330    55941   166975   171863    70818    49271   163724   156699    55941    87604    99457   115047    34215    48031    78304    97597    65038    20279 
   47334    18433    79033    88068   118804    37813    86153     8306     6559   103559    18302   106714     5069    84670    44051    56220     9063    67274        0    60213    46421    64921    18302    12642    29837    33048    59381    42888   103559    56220   103836    46421   100612     5328   105261    54869    29765    93970   104759    18433    68970    99615    44735    81976    60110    51603    78363   101094    54869    37594    59381    28205    64558    40660   112489    98344    97197    98603    53432    98279   106714    49905    63534    54869   109782    32627    98603    69171    38017   109782    61006     6559   108913    60875    26327    78517    45564    57058    20583   110087     5328    50087    97386    53645    31899    25328   100612    40660    64558    58192    56633    49865    56633    18433    41712    56220    54378   102308    68970    38500    51227   110087    94162     9063    95290    42462    37813    67274    81984    62368    32627    44175    49113    52737   106201    17268    51603    58532    45564    46727    69928    64205    49113    99615    64860    37594    52456    81976    52409    68841     5328    55888    84214    29837    31640    39231    92174    18302     9063    43312    46814    46814    33048    50725    93504    49905    46814    56310    31899    84214    23068    86153    95226    48892    60213    53432    25328     5069    31899   100780        0    33048    94162    48788    53645    94162    86153    64860    46421    56310    40660   101094   106201    19676    40371   104759    91037    40660    58532    63786    48892    42888    39214     8306    31899    30135    79033 
   14995    59851    10591   138767   171167    88513    18048    64270    57955   156214    53351   159346    57761   135370    54717    11770    53357    29367    60213        0    79709   115620    53351    67531    43239    85411    31375    29298   156214    11770   156274    79709   154031    57536   150193    47734    84320   146333   155458    59851   119669   150315    79589   132676    31768    38958    11230   152941    47734    90039    31375    79388     8601    75513   163188   151004   149621   150993    88163   150642   159346    23696   114234    47734   162145    66676   150993    26937    71306   162145    54689    57955   161573    97929    66985   120495    87902    37325    74321   155019    57536    36043   139365    88376    82599    76028   154031    75513     8601    16404    29558    38204    29558    59851    68758    11770   106741   154671   119669    73231    43373   155019   144861    53357   145990    77248    88513    29367    16269    28825    66676    96457    61202   105100   156901    73663    38958    93876    87902    81459    31916   106183    61202   150315    57006    90039    64520   132676    10054    61705    57536    60129   126525    43239    82824    89931   134152    53351    53357    69026    97513    97513    85411   101425   145867    23696    97513    98621    82599   126525    75431    18048   137204   101013        0    88163    76028    57761    82599   153142    60213    85411   144861    82076    88376   144861    18048    57006    79709    98621    75513   152941   156901    79344    71590   155458   141737    75513    93876   105749   101013    29298    65869    64270    82599    70161    10591 
   74123    28234    71782    79881    93402    32865    93738    49623    51681    73628    35034    94237    51272    64366    28404    82836    59328    74859    46421    79709        0    57327    35034    39318    36982    57441    66966    52663    73628    82836    86259        0    78659    41078    87671    41780    49126    62342    96573    28234    51885    69618     6081    73790    67717    59188    85949    82098    41780    24468    66966    43590    85432     9147    90225    77604    79606    80151    12953    80627    94237    83023    55321    41780    85337    18486    80151    76756    11124    85337    39194    51681    88655    27881    18903    50944    19427    64643    30452    92497    41078    57673    69843    11103    39835    33307    78659     9147    85432    65833    64218    46105    64218    28234    18674    82836    42794    84656    51885    12515    43279    92497    85975    59328    77700     3288    32865    74859    89549    69950    18486    45012    22854    45199    83309    45693    59188    23846    19427     9755    77513    33666    22854    69618    34096    24468    24169    73790    73077    34787    41078    29112    56804    36982    49225    47077    64631    35034    59328    19522    27034    27034    57441    46394    75024    83023    27034    28572    39835    56804    36307    93738    67995    40617    79709    12953    33307    51272    39835    74511    46421    57441    85975    11297    11103    85975    93738    34096        0    28572     9147    82098    83309    33081    15202    96573    82851     9147    23846    35700    40617    52663    20066    49623    39835    15720    71782 
  104116    68792   142585    23725    55700    38008   143834    56679    59438    40747    68682    43879    61155    21237   107589   113075    66385   130582    64921   115620    57327        0    68682    53907    94237    45668   123356   107074    40747   113075    40807    57327    38564    68473    33429   119055    40427    30866    32927    68792     8192    34805    60892    18543   123713   116003   141918    37474   119055    50076   123356    36750   121342    63360    49649    35537    34154    35526    51781    35175    43879   106706    10924   119055    46678    70221    35526   132750    59646    46678   126010    59438    46106    36592    64527    32426    39021   121090    46497    38256    68473   114604    44314    55820    34039    45079    38564    63360   121342   120244   121150   114051   121150    68792    71431   113075    16285    39204     8192    65674   114694    38256    28023    66385    32248    58076    38008   130582   145545   125946    70221    25052    75943    18862    42768    52749   116003    42132    39021    50649   133645    34207    75943    34805    86853    50076    75687    18543   108988    87544    68473    80551    38286    94237    34279    25689    46167    68682    66385    73030    31139    31139    45668    15599    30400   106706    31139    33250    34039    38286    43511   143834    42576    17649   115620    51781    45079    61155    34039    37676    64921    45668    28023    53236    55820    28023   143834    86853    57327    33250    63360    37474    42768    43996    69416    32927    27604    63360    42132    25420    17649   107074    72098    56679    34039    61799   142585 
   47777     8700    45423    91829   122801    41574    69668    25015    24658   107847        0   110979    23153    88431    27204    56477    33339    50789    18302    53351    35034    68682        0    19143    12998    44241    42896    26304   107847    56477   107907    35034   105665    12976   101826    38670    37357    97966   108520     8700    72731   103376    33491    85737    43625    35118    61878   104574    38670    27983    42896    33717    59073    29415   116250   102637   101255   102627    42065   102275   110979    56664    67296    38670   113778    20579   102627    52686    26630   113778    45625    24658   113206    51832    15833    75819    43226    40573    23499   106652    12976    33602    94689    42278    35660    26228   105665    29415    59073    39474    40148    33666    40148     8700    30199    56477    58375   106304    72731    27134    34309   106652    97923    33339    99051    31151    41574    50789    65160    45561    20579    48091    32898    56733   109962    32493    35118    49200    43226    35362    53443    61507    32898   103376    47942    27983    36242    85737    46718    52642    12976    39674    80428    12998    39296    42992    89476        0    33339    31945    50575    50575    44241    54487    97500    56664    50575    52524    35660    80428    27065    69668    92528    52647    53351    42065    26228    23153    35660   104776    18302    44241    97923    37400    42278    97923    69668    47942    35034    52524    29415   104574   109962    22616    29004   108520    94798    29415    49200    59651    52647    26304    25582    25015    35660    19642    45423 
