dep47 0 0 60
**************************************DATA
7 110 480 8 1.33
**************************************DISTANCE
       0    35461    66887    73809    82909    35461    43161    67342    75761    52596    58996    21339    59654   102533    58192    82909    52596    33680   102533    31677    60344    56073    94727    91470    68489    61266    91470    17040    62054    27675    43527    81260    70478    20066    82909    77362    31677    73050    33904    58996    55712     4681    55396    70296    67721    57204    58996    61719    94727    39149    63652    31672    33455    43655    55396    21202    81260    68999    95525    81260    94727    92677    70478    62054    78415    27362    41078   102533    43527    61266    68999    55396    58192    47363    81260    38021    63652    27263    68489    59032    29445    57204    75159    75159    35345    59654    64069    33680    48529    63635    64099    63023    62054    55473    32354    95525    66887    34371    64099    20101    21339    73809    60646    30466    68999    35461    56073    33680    35173    21202    52596 
   35461        0    41935    88509    95330        0    57167    68320    66644    27600    57195    55098    34658    81315    33314    95330    27600    44502    81315    39582    76730    41323    73298    68916    69467    62244    68916    50799    37058    18766    54324   102276    84336    54289    95330    93748    39582    68681    67663    57195    26227    38441    64474    86682    68699    73589    57195    55404    73298    15671    73999    65431    67214    69208    64474    54961   102276    67815    74307   102276    73298    71458    84336    37058    78163    36725    74837    81315    54324    62244    67815    64474    33314    61369   102276    30365    73999    61023    69467    78728    50730    73589    64474    64474    57132    34658    53554    44502    72444    29130    62471    79408    37058    23770    57480    74307    41935    31799    62471    28829    55098    88509    45896    47440    67815        0    41323    44502    36723    54961    27600 
   66887    41935        0    96265    73332    41935    54852    46323    33183    14734    34314    84531    11320    58705    11944    73332    14734    42187    58705    39784    59000    16962    51295    46919    39297    39955    46919    80232    12754    41993    48262    95433    78274    77209    73332    80962    39784    35246   108273    34314    14937    67157    57167    69247    45675    63064    34314    32194    51295    29620    52001   103304   107712    78254    57167    76998    95433    38768    51697    95433    51295    49456    78274    12754    44702    44597   110332    58705    48262    39955    38768    57167    11944    59054    95433    35351    52001    90522    39297    70401    57879    63064    22539    22539    54312    11320    26092    42187    66382    31892    38791    73346    12754    19642    60250    51697        0    38548    38791    49561    84531    96265    25154    48777    38768    41935    16962    42187    35596    76998    14734 
   73809    88509    96265        0    45409    88509    61385    56589    72579    72260    63122   100946    71103    28724    83961    45409    72260    49472    28724    51005    35327    70911    20918    17661    25524    20139    17661    92878    82808    71294    44403    58476    53367    55820    45409    54713    51005    67619    77896    63122    74533    99641    34367    46810    19705    39391    63122    31781    20918    65903    44732    72927    49078    47876    34367    86135    58476    26607    21716    58476    20918    18868    53367    82808    28011    59658    79954    28724    44403    20139    26607    34367    83961    55930    58476    61220    44732    86752    25524    36456    38641    39391    47345    47345    64869    71103    36861    49472    30118   102393    25617    47470    82808    79426    36481    21716    96265    55239    25617    73744   100946        0    45017    54857    26607    88509    70911    49472    50837    86135    72260 
   82909    95330    73332    45409        0    95330    47991    27538    53059    88373    40189    95258    84730    32052    85337        0    88373    59217    32052    66020    26242    68515    28591    31971    41609    34069    31971    87190    79484    85191    45108    28286    23643    79595        0    15214    66020    48099    72208    40189    88519    78576    38709    14465    38932    25962    40189    51008    28591    79954    29732    67239    72853    38012    38709    65647    28286    45834    34747    28286    28591    31117    23643    79484    42213    67550    63570    32052    45108    34069    45834    38709    85337    42535    28286    75465    29732    81064    41609    26140    58594    25962    61201    61201    51474    84730    56088    59217    35207   105365    44844    20629    79484    93281    51496    34747    73332    71065    44844    81636    95258    45409    64244    62749    45834    95330    68515    59217    65852    65647    88373 
   35461        0    41935    88509    95330        0    57167    68320    66644    27600    57195    55098    34658    81315    33314    95330    27600    44502    81315    39582    76730    41323    73298    68916    69467    62244    68916    50799    37058    18766    54324   102276    84336    54289    95330    93748    39582    68681    67663    57195    26227    38441    64474    86682    68699    73589    57195    55404    73298    15671    73999    65431    67214    69208    64474    54961   102276    67815    74307   102276    73298    71458    84336    37058    78163    36725    74837    81315    54324    62244    67815    64474    33314    61369   102276    30365    73999    61023    69467    78728    50730    73589    64474    64474    57132    34658    53554    44502    72444    29130    62471    79408    37058    23770    57480    74307    41935    31799    62471    28829    55098    88509    45896    47440    67815        0    41323    44502    36723    54961    27600 
   43161    57167    54852    61385    47991    57167        0    37764    49141    53685    33530    54430    56556    61820    53621    47991    53685    14034    61820    20664    25383    40570    54014    49707    39585    31443    49707    46366    52467    39150    12435    51062    28992    30914    47991    42495    20664    44181    47043    33530    55722    40870    16221    35582    36111    22243    33530    36323    54014    43374    29155    42302    46481    13912    16221    25457    51062    40113    54812    51062    54014    51964    28992    52467    61050    22286    49455    61820    12435    31443    40113    16221    53621     6958    51062    30258    29155    40240    39585    27480    17085    22243    50621    50621     5941    56556    38687    14034    12801    72052    38703    28188    52467    60759    10412    54812    54852    25887    38703    36372    54430    61385    39580    17484    40113    57167    40570    14034    20496    25457    53685 
   67342    68320    46323    56589    27538    68320    37764        0    23775    61025    12696    91648    57611    20036    58327    27538    61025    36395    20036    41107    16481    39899     6134     3499    13884     6721     3499    83580    52475    58217    24943    48726    33822    75894    27538    35167    41107    18199    68598    12696    61229    90343    22222    23453    10715    20544    12696    16723     6134    52826     9468    63628    68036    38578    22222    76837    48726    14235    13028    48726     6134    10180    33822    52475    19323    46582    70656    20036    24943     6721    14235    22222    58327    32308    48726    48143     9468    77454    13884    27865    58715    20544    33853    33853    41247    57611    23785    36395    24943    78356    13019    28624    52475    65933    41225    13028    46323    42162    13019    60668    91648    56589    31940    41780    14235    68320    39899    36395    36563    76837    61025 
   75761    66644    33183    72579    53059    66644    49141    23775        0    47914    16707   107637    44500    24209    45188    53059    47914    44573    24209    44818    35837    28365    27609    24352    10516    17249    24352    99569    39335    53650    39465    72107    52909    91968    53059    57798    44818     5940    84587    16707    48117    73344    34614    46084    16002    39901    16707    20268    27609    48258    29486    79618    84025    54567    34614    92826    72107    10984    19035    72107    27609    24301    52909    39335    13614    46208    86645    24209    39465    17249    10984    34614    45188    50193    72107    43575    29486    93443    10516    48043    74788    39901    16821    16821    55493    44500    14869    44573    42754    65216    16653    47981    39335    52822    59556    19035    33183    40461    16653    61094   107637    72579    23053    49958    10984    66644    28365    44573    38088    92826    47914 
   52596    27600    14734    72260    88373    27600    53685    61025    47914        0    49107    70252     7481    73456     6038    88373        0    41329    73456    41363    69501    21551    66046    61573    54030    54706    61573    70004     9782    27676    47490    96283    77107    66086    88373    87716    41363    49978    77609    49107     5534    52819    57245    82911    60426    67464    49107    40467    66046    15268    66737    75066    76910    65112    57245    62681    96283    53519    64735    96283    66046    62224    77107     9782    59453    42373    84598    73456    47490    54706    53519    57245     6038    57887    96283    29961    66737    76204    54030    72701    57122    67464    37290    37290    53145     7481    33802    41329    65610    21867    53542    73409     9782    10573    64611    64735    14734    33194    53542    35223    70252    72260    26143    53854    53519    27600    21551    41329    37911    62681        0 
   58996    57195    34314    63122    40189    57195    33530    12696    16707    49107        0    76526    45693    25562    46319    40189    49107    27866    25562    32761    25858    27982    18153    13776    14035     6812    13776    90113    40466    46609    22828    62670    44568    84879    40189    47819    32761    18427    75131        0    49311    56637    22853    36105    12532    29921        0     3933    18153    41217    18408    70161    74569    45111    22853    58325    62670    14754    18554    62670    18153    16313    44568    40466    21597    38053    77189    25562    22828     6812    14754    22853    46319    38433    62670    36534    18408    83987    14035    39088    46920    29921    21935    21935    38786    45693     9674    27866    31207    66347     5648    39639    40466    54016    45773    18554    34314    33633     5648    52139    76526    63122    19835    33251    14754    57195    27982    27866    28217    58325    49107 
   21339    55098    84531   100946    95258    55098    54430    91648   107637    70252    76526        0    77279   101458    75835    95258    70252    51234   101458    49275    74184    73559    93651    89268   100198    92873    89268     8386    79580    45331    65570    84892    80315    24190    95258    89295    49275   102677    30381    76526    73330    22242    74978    82849    92438    70111    76526    79262    93651    56774    80770    30553    32397    56628    74978    32368    84892    99341    94373    84892    93651    91525    80315    79580   100744    44960    35542   101458    65570    92873    99341    74978    75835    64681    84892    59122    80770    17920   100198    72494    41072    70111    92815    92815    52887    77279    75706    51234    66156    83272    98351    71381    79580    73129    44758    94373    84531    52027    98351    37698        0   100946    76281    48009    99341    55098    73559    51234    52817    32368    70252 
   59654    34658    11320    71103    84730    34658    56556    57611    44500     7481    45693    77279        0    70103     5725    84730     7481    43891    70103    41770    70398    25842    62693    58316    50695    51353    58316    72980     8336    34741    49927    98720    79979    73144    84730    92360    41770    46564    84490    45693     7685    59905    60116    79497    57073    69232    45693    43592    62693    22368    63323    82258    83968    89652    60116    69746    98720    50166    63095    98720    62693    60854    79979     8336    56100    50204    91664    70103    49927    51353    50166    60116     5725    60759    98720    35456    63323    83270    50695    75138    64180    69232    33936    33936    56017        0    37490    43891    68048    21654    50189    75051     8336    12390    62867    63095    11320    38652    50189    42309    77279    71103    28630    50482    50166    34658    25842    43891    43419    69746     7481 
  102533    81315    58705    28724    32052    81315    61820    20036    24209    73456    25562   101458    70103        0    70709    32052    73456    49276        0    55488    32259    53888    18151    17656    15734    17406    17656    93393    64857    71242    36899    53380    40314    84544    32052    40331    55488    21083    78364    25562    73891    78046    34199    29846    14178    36323    25562    29073    18151    65939    28871    73623    77802    48288    34199    86688    53380    18307     7180    53380    18151    15174    40314    64857    10595    59462    80776        0    36899    17406    18307    34199    70709    56406    53380    61123    28871    87268    15734    43663    67365    36323    38935    38935    65005    70103    35852    49276    40767    90738    20588    37367    64857    78666    65205     7180    58705    56336    20588    73548   101458    28724    44884    54660    18307    81315    53888    49276    50945    86688    73456 
   58192    33314    11944    83961    85337    33314    53621    58327    45188     6038    46319    75835     5725    70709        0    85337     6038    40956    70709    38553    69437    18688    63300    58923    51302    51959    58923    71536     4026    33297    47031    95889    77043    71800    85337    86454    38553    47251    83046    46319     5645    58461    57181    81252    57680    66296    46319    39292    63300    20925    63947    80814    82597    64687    57181    68303    95889    50773    63701    95889    63300    61461    77043     4026    56707    48761    90220    70709    47031    51959    50773    57181        0    57823    95889    32179    63947    81826    51302    72307    62836    66296    34543    34543    53081     5725    32242    40956    65151    23252    50795    72115     4026    10349    60036    63701    11944    35375    50795    40865    75835    83961    24584    47546    50773    33314    18688    40956    34447    68303     6038 
   82909    95330    73332    45409        0    95330    47991    27538    53059    88373    40189    95258    84730    32052    85337        0    88373    59217    32052    66020    26242    68515    28591    31971    41609    34069    31971    87190    79484    85191    45108    28286    23643    79595        0    15214    66020    48099    72208    40189    88519    78576    38709    14465    38932    25962    40189    51008    28591    79954    29732    67239    72853    38012    38709    65647    28286    45834    34747    28286    28591    31117    23643    79484    42213    67550    63570    32052    45108    34069    45834    38709    85337    42535    28286    75465    29732    81064    41609    26140    58594    25962    61201    61201    51474    84730    56088    59217    35207   105365    44844    20629    79484    93281    51496    34747    73332    71065    44844    81636    95258    45409    64244    62749    45834    95330    68515    59217    65852    65647    88373 
   52596    27600    14734    72260    88373    27600    53685    61025    47914        0    49107    70252     7481    73456     6038    88373        0    41329    73456    41363    69501    21551    66046    61573    54030    54706    61573    70004     9782    27676    47490    96283    77107    66086    88373    87716    41363    49978    77609    49107     5534    52819    57245    82911    60426    67464    49107    40467    66046    15268    66737    75066    76910    65112    57245    62681    96283    53519    64735    96283    66046    62224    77107     9782    59453    42373    84598    73456    47490    54706    53519    57245     6038    57887    96283    29961    66737    76204    54030    72701    57122    67464    37290    37290    53145     7481    33802    41329    65610    21867    53542    73409     9782    10573    64611    64735    14734    33194    53542    35223    70252    72260    26143    53854    53519    27600    21551    41329    37911    62681        0 
   33680    44502    42187    49472    59217    44502    14034    36395    44573    41329    27866    51234    43891    49276    40956    59217    41329        0    49276    10747    36826    27905    41259    36878    37429    30205    36878    45440    39802    26501    16910    62288    44432    40933    59217    53721    10747    42033    58270    27866    43057    31389    24336    46808    36660    33685    27866    30659    41259    30709    40381    39718    57708    25100    24336    33033    62288    37938    42268    62288    41259    39435    44432    39802    47354    12805    59421    49276    16910    30205    37938    24336    40956    18236    62288    17593    40381    50987    37429    38706    21604    33685    42020    42020    13494    43891    30073        0    24951    59387    33039    39504    39802    48124    20456    42268    42187    13203    33039    26891    51234    49472    26768     7959    37938    44502    27905        0     7831    33033    41329 
  102533    81315    58705    28724    32052    81315    61820    20036    24209    73456    25562   101458    70103        0    70709    32052    73456    49276        0    55488    32259    53888    18151    17656    15734    17406    17656    93393    64857    71242    36899    53380    40314    84544    32052    40331    55488    21083    78364    25562    73891    78046    34199    29846    14178    36323    25562    29073    18151    65939    28871    73623    77802    48288    34199    86688    53380    18307     7180    53380    18151    15174    40314    64857    10595    59462    80776        0    36899    17406    18307    34199    70709    56406    53380    61123    28871    87268    15734    43663    67365    36323    38935    38935    65005    70103    35852    49276    40767    90738    20588    37367    64857    78666    65205     7180    58705    56336    20588    73548   101458    28724    44884    54660    18307    81315    53888    49276    50945    86688    73456 
   31677    39582    39784    51005    66020    39582    20664    41107    44818    41363    32761    49275    41770    55488    38553    66020    41363    10747    55488        0    43456    25883    47471    41703    42254    35030    41703    43448    37400    21605    21031    69000    51062    38931    66020    60473        0    50598    50248    32761    41605    29387    32900    53408    42873    40315    32761    33681    47471    26391    47093    40683    49799    31730    32900    31075    69000    42763    48480    69000    47471    45632    51062    37400    53567     6604    57422    55488    21031    35030    42763    32900    38553    24866    69000    13276    47093    49028    42254    45418    19601    40315    43626    43626    17266    41770    31679    10747    33134    55688    37864    46134    37400    44240    23286    48480    39784     8307    37864    24888    49275    51005    24772     9483    42763    39582    25883    10747     5332    31075    41363 
   60344    76730    59000    35327    26242    76730    25383    16481    35837    69501    25858    74184    70398    32259    69437    26242    69501    36826    32259    43456        0    56386    23361    18785    26282    19427    18785    66120    68283    61942    22543    35339    17425    57271    26242    24356    43456    30877    51091    25858    71538    56116    16601    12614    22902     4417    25858    29429    23361    61355     7872    46350    50529    15409    16601    43039    35339    26810    28754    35339    23361    27195    17425    68283    34992    45078    53502    32259    22543    19427    26810    16601    69437    19928    35339    52541     7872    59994    26282    11757    36029     4417    46559    46559    28732    70398    36148    36826    12642    87868    25725    12466    68283    76575    28931    28754    59000    48679    25725    59163    74184    35327    44567    40276    26810    76730    56386    36826    43287    43039    69501 
   56073    41323    16962    70911    68515    41323    40570    39899    28365    21551    27982    73559    25842    53888    18688    68515    21551    27905    53888    25883    56386        0    46479    40943    34481    33979    40943    69260    17534    31144    34040    82833    63993    63023    68515    73404    25883    30429    83899    27982    23823    56185    44130    64431    40858    53246    27982    25581    46479    25753    45611    66254    83338    51636    44130    54787    82833    33952    46880    82833    46479    44639    63993    17534    39885    30316    85958    53888    34040    33979    33952    44130    18688    44773    82833    21070    45611    79550    34481    59251    43693    53246    19303    19303    40031    25842    18531    27905    52161    39553    32815    59065    17534    34165    46980    46880    16962    24266    32815    38589    73559    70911    10873    34496    33952    41323        0    27905    21391    54787    21551 
   94727    73298    51295    20918    28591    73298    54014     6134    27609    66046    18153    93651    62693    18151    63300    28591    66046    41259    18151    47471    23361    46479        0     4566    17751    11966     4566    85587    57448    63225    28882    49920    32086    76738    28591    33434    47471    22649    70558    18153    66482    70029    26182    21617    11998    27425    18153    21664        0    57923    14708    65817    69996    40482    26182    78882    49920    18582    11926    49920        0     3760    32086    57448    18163    51445    72970    18151    28882    11966    18582    26182    63300    47448    49920    53106    14708    79462    17751    34765    59559    27425    38855    38855    57199    62693    28443    41259    31869    83329    17572    29139    57448    71257    57398    11926    51295    48319    17572    65531    93651    20918    36867    46643    18582    73298    46479    41259    42928    78882    66046 
   91470    68916    46919    17661    31971    68916    49707     3499    24352    61573    13776    89268    58316    17656    58923    31971    61573    36878    17656    41703    18785    40943     4566        0    16913     7269        0    82330    53071    59925    25625    51672    35458    73481    31971    37201    41703    19392    67301    13776    62105    65648    22997    25384     8335    22798    13776    20412     4566    53541    11741    62560    66739    36198    22997    74457    51672    15238    11087    51672     4566     8332    35458    53071    16943    47063    68276    17656    25625     7269    15238    22997    58923    44252    51672    48724    11741    75074    16913    30138    56301    22798    34401    34401    53190    58316    24066    36878    27208    78952    14247    30847    53071    66481    54141    11087    46919    43869    14247    61149    89268    17661    32486    43487    15238    68916    40943    36878    37159    74457    61573 
   68489    69467    39297    25524    41609    69467    39585    13884    10516    54030    14035   100198    50695    15734    51302    41609    54030    37429    15734    42254    26282    34481    17751    16913        0     7694    16913    90193    45450    59261    27812    62937    43353    81344    41609    49888    42254     5556    75164    14035    54484    66199    25059    35770     5693    30346    14035    17530    17751    54092    19437    72179    74603    47129    25059    85388    62937     4213     8687    62937    17751    14028    43353    45450     7648    47614    79207    15734    27812     7694     4213    25059    51302    40638    62937    49275    19437    86005        0    37993    64165    30346    24199    24199    48358    50695    20833    37429    33325    71331     7216    38702    45450    58939    49506     8687    39297    43205     7216    61700   100198    25524    29168    42823     4213    69467    34481    37429    37710    85388    54030 
   61266    62244    39955    20139    34069    62244    31443     6721    17249    54706     6812    92873    51353    17406    51959    34069    54706    30205    17406    35030    19427    33979    11966     7269     7694        0     7269    84809    46107    52171    19615    54894    36472    75960    34069    40423    35030    12289    69780     6812    55141    58975    16915    28607     4651    23490     6812    10323    11966    46869    12433    65039    69218    39704    16915    78103    54894     8221    10357    54894    11966    10102    36472    46107    15248    40391    72191    17406    19615        0     8221    16915    51959    31921    54894    42052    12433    78683     7694    30830    58780    23490    27515    27515    40169    51353    17102    30205    25128    71988     6663    31539    46107    59916    41309    10357    39955    35878     6663    54477    92873    20139    25407    35589     8221    62244    33979    30205    30487    78103    54706 
   91470    68916    46919    17661    31971    68916    49707     3499    24352    61573    13776    89268    58316    17656    58923    31971    61573    36878    17656    41703    18785    40943     4566        0    16913     7269        0    82330    53071    59925    25625    51672    35458    73481    31971    37201    41703    19392    67301    13776    62105    65648    22997    25384     8335    22798    13776    20412     4566    53541    11741    62560    66739    36198    22997    74457    51672    15238    11087    51672     4566     8332    35458    53071    16943    47063    68276    17656    25625     7269    15238    22997    58923    44252    51672    48724    11741    75074    16913    30138    56301    22798    34401    34401    53190    58316    24066    36878    27208    78952    14247    30847    53071    66481    54141    11087    46919    43869    14247    61149    89268    17661    32486    43487    15238    68916    40943    36878    37159    74457    61573 
   17040    50799    80232    92878    87190    50799    46366    83580    99569    70004    90113     8386    72980    93393    71536    87190    70004    45440    93393    43448    66120    69260    85587    82330    90193    84809    82330        0    75281    45084    59742    76824    72251    16403    87190    81227    43448    94609    22313    90113    69031    20849    66914    74781    84374    62979    90113    96451    85587    52475    72702    22532    24329    48563    66914    24585    76824    91276    86385    76824    85587    83457    72251    75281    92680    39133    27478    93393    59742    84809    91276    66914    71536    56617    76824    55430    72702     9856    90193    64426    33285    62979   112015   112015    43734    72980    75830    45440    58088    78973    90286    63892    75281    72881    36027    86385    80232    49628    90286    36236     8386    92878    66419    42227    91276    50799    69260    45440    46989    24585    70004 
   62054    37058    12754    82808    79484    37058    52467    52475    39335     9782    40466    79580     8336    64857     4026    79484     9782    39802    64857    37400    68283    17534    57448    53071    45450    46107    53071    75281        0    37042    45877    94736    75890    75545    79484    85301    37400    41398    86790    40466     9389    62205    56027    75400    51827    65142    40466    38139    57448    24669    58157    78151    86341    63533    56027    72047    94736    44921    57849    94736    57448    55608    75890        0    50854    42213    93964    64857    45877    46107    44921    56027     4026    56670    94736    31025    58157    85571    45450    71154    55596    65142    27256    27256    51928     8336    31088    39802    63997    26996    44943    70962        0    14094    58883    57849    12754    34222    44943    44610    79580    82808    23430    46392    44921    37058    17534    39802    33293    72047     9782 
   27675    18766    41993    71294    85191    18766    39150    58217    53650    27676    46609    45331    34741    71242    33297    85191    27676    26501    71242    21605    61942    31144    63225    59925    59261    52171    59925    45084    37042        0    44341    88262    69548    41166    85191    79695    21605    55713    52688    46609    30792    27898    56211    72782    58626    59443    46609    45331    63225    14236    63929    50145    51990    50666    56211    37734    88262    54829    64105    88262    63225    61257    69548    37042    66815    17968    59613    71242    44341    52171    54829    56211    33297    43352    88262    16707    63929    50672    59261    64680    32202    59443    50336    50336    38605    34741    40476    26501    50925    41818    52399    65388    37042    30525    39691    64105    41993    13769    52399    10303    45331    71294    33866    33124    54829    18766    31144    26501    18721    37734    27676 
   43527    54324    48262    44403    45108    54324    12435    24943    39465    47490    22828    65570    49927    36899    47031    45108    47490    16910    36899    21031    22543    34040    28882    25625    27812    19615    25625    59742    45877    44341        0    48930    30150    50781    45108    39561    21031    32374    57391    22828    49762    45681    12006    32495    24283    19402    22828    25551    28882    38950    27023    52422    56829    25128    12006    37561    48930    28322    29891    48930    28882    27043    30150    45877    34977    27097    59449    36899        0    19615    28322    12006    47031    17655    48930    30171    27023    52613    27812    25348    31451    19402    39849    39849    18330    49927    27901    16910    18257    65463    27931    25221    45877    54285    24306    29891    48262    25242    27931    41183    65570    44403    28352    22295    28322    54324    34040    16910    20862    37561    47490 
   81260   102276    95433    58476    28286   102276    51062    48726    72107    96283    62670    84892    98720    53380    95889    28286    96283    62288    53380    69000    35339    82833    49920    51672    62937    54894    51672    76824    94736    88262    48930        0    19638    67993    28286    15161    69000    66669    61842    62670    98555    77348    41780    26846    58888    32198    62670    65393    49920    87742    42852    56872    58849    40634    41780    64419        0    62567    56076        0    49920    52445    19638    94736    63542    70621    58500    53380    48930    54894    62567    41780    95889    45606        0    78536    42852    70698    62937    29121    57262    32198    82026    82026    54545    98720    70473    62288    38240   116352    61193    23700    94736   103078    54477    56076    95433    74136    61193    84707    84892    58476    78629    65820    62567   102276    82833    62288    68764    64419    96283 
   70478    84336    78274    53367    23643    84336    28992    33822    52909    77107    44568    80315    79979    40314    77043    23643    77107    44432    40314    51062    17425    63993    32086    35458    43353    36472    35458    72251    75890    69548    30150    19638        0    63402    23643    16783    51062    47949    57222    44568    79144    66249    24207    11234    39902    14284    44568    47454    32086    68961    24943    52481    56660    25240    24207    53320    19638    43881    45949    19638    32086    37787        0    75890    51645    52684    47504    40314    30150    36472    43881    24207    77043    27667    19638    60147    24943    66125    43353    11182    46163    14284    63632    63632    36339    79979    52373    44432    20249    95475    42871     5734    75890    84182    36538    45949    78274    56286    42871    66770    80315    53367    60522    47882    43881    84336    63993    44432    50894    53320    77107 
   20066    54289    77209    55820    79595    54289    30914    75894    91968    66086    84879    24190    73144    84544    71800    79595    66086    40933    84544    38931    57271    63023    76738    73481    81344    75960    73481    16403    75545    41166    50781    67993    63402        0    79595    73616    38931    86529    15915    84879    69202    20269    58065    66982    75525    54130    84879    87601    76738    52640    64784    13683    15465    39714    58065     6763    67993    82427    77536    67993    76738    74688    63402    75545    83831    34616    23089    84544    50781    75960    82427    58065    71800    32035    67993    50089    64784    15106    81344    56188    19468    54130   103166   103166    28283    73144    71323    40933    37073    80249    81437    55042    75545    68963    21253    77536    77209    45121    81437    31719    24190    55820    61912    37720    82427    54289    63023    40933    42472     6763    66086 
   82909    95330    73332    45409        0    95330    47991    27538    53059    88373    40189    95258    84730    32052    85337        0    88373    59217    32052    66020    26242    68515    28591    31971    41609    34069    31971    87190    79484    85191    45108    28286    23643    79595        0    15214    66020    48099    72208    40189    88519    78576    38709    14465    38932    25962    40189    51008    28591    79954    29732    67239    72853    38012    38709    65647    28286    45834    34747    28286    28591    31117    23643    79484    42213    67550    63570    32052    45108    34069    45834    38709    85337    42535    28286    75465    29732    81064    41609    26140    58594    25962    61201    61201    51474    84730    56088    59217    35207   105365    44844    20629    79484    93281    51496    34747    73332    71065    44844    81636    95258    45409    64244    62749    45834    95330    68515    59217    65852    65647    88373 
   77362    93748    80962    54713    15214    93748    42495    35167    57798    87716    47819    89295    92360    40331    86454    15214    87716    53721    40331    60473    24356    73404    33434    37201    49888    40423    37201    81227    85301    79695    39561    15161    16783    73616    15214        0    60473    52838    66245    47819    88555    73133    33213    12579    44418    23631    47819    50426    33434    78372    30635    61275    66874    32516    33213    60151    15161    48096    43027    15161    33434    39133    16783    85301    50493    62095    57607    40331    39561    40423    48096    33213    86454    37039    15161    69969    30635    75101    49888    20593    53047    23631    67555    67555    45978    92360    57487    53721    29660   104886    46722    15133    85301    99636    45949    43027    80962    65569    46722    76181    89295    54713    65642    57253    48096    93748    73404    53721    60305    60151    87716 
   31677    39582    39784    51005    66020    39582    20664    41107    44818    41363    32761    49275    41770    55488    38553    66020    41363    10747    55488        0    43456    25883    47471    41703    42254    35030    41703    43448    37400    21605    21031    69000    51062    38931    66020    60473        0    50598    50248    32761    41605    29387    32900    53408    42873    40315    32761    33681    47471    26391    47093    40683    49799    31730    32900    31075    69000    42763    48480    69000    47471    45632    51062    37400    53567     6604    57422    55488    21031    35030    42763    32900    38553    24866    69000    13276    47093    49028    42254    45418    19601    40315    43626    43626    17266    41770    31679    10747    33134    55688    37864    46134    37400    44240    23286    48480    39784     8307    37864    24888    49275    51005    24772     9483    42763    39582    25883    10747     5332    31075    41363 
   73050    68681    35246    67619    48099    68681    44181    18199     5940    49978    18427   102677    46564    21083    47251    48099    49978    42033    21083    50598    30877    30429    22649    19392     5556    12289    19392    94609    41398    55713    32374    66669    47949    86529    48099    52838    50598        0    79627    18427    50182    70805    29654    41124    11042    34941    18427    21989    22649    50321    24048    74658    79065    49607    29654    87866    66669     6649    14075    66669    22649    19341    47949    41398    12830    52220    81685    21083    32374    12289     6649    29654    47251    45233    66669    45638    24048    88483     5556    42605    69350    34941    20666    20666    52954    46564    16932    42033    37794    67279    11811    43020    41398    54886    54117    14075    35246    42524    11811    66306   102677    67619    25116    47418     6649    68681    30429    42033    40125    87866    49978 
   33904    67663   108273    77896    72208    67663    47043    68598    84587    77609    75131    30381    84490    78364    83046    72208    77609    58270    78364    50248    51091    83899    70558    67301    75164    69780    67301    22313    86790    52688    57391    61842    57222    15915    72208    66245    50248    79627        0    75131    80540    33261    51885    59799    69345    47950    75131    81421    70558    63985    57720     7503     5765    33534    51885    18285    61842    76247    71356    61842    70558    68475    57222    86790    77651    45933     7696    78364    57391    69780    76247    51885    83046    41588    61842    61612    57720    15511    75164    49444    29445    47950    96986    96986    35586    84490    86502    58270    43106    91567    75257    48862    86790    80486    28540    71356   108273    56643    75257    43037    30381    77896    94657    42002    76247    67663    83899    58270    53789    18285    77609 
