dep92 0 0 60
**************************************DATA
2 34 480 8 1.33
**************************************DISTANCE
       0    13188    13188    13188    19389    15994    14843     6675    13188    19389    15994     7178     8709     3515    12027    12027    13017    14843    15994    15994    15994    14843    13188    19389     8651    15994    14843    13017    12696    10667    19363     9610     2435    10435    19389 
   13188        0        0        0     6602    30484    24256     6527        0     6602    30484     9481    18866    12405    22184    22184     2722    24256    30484    30484    30484    24256        0     6602    19453    30484    24256     2722    19817     6846     5466     6673    16558    21164     6602 
   13188        0        0        0     6602    30484    24256     6527        0     6602    30484     9481    18866    12405    22184    22184     2722    24256    30484    30484    30484    24256        0     6602    19453    30484    24256     2722    19817     6846     5466     6673    16558    21164     6602 
   13188        0        0        0     6602    30484    24256     6527        0     6602    30484     9481    18866    12405    22184    22184     2722    24256    30484    30484    30484    24256        0     6602    19453    30484    24256     2722    19817     6846     5466     6673    16558    21164     6602 
   19389     6602     6602     6602        0    35689    37782    12680     6602        0    35689    15438    25109    18606    28870    28870     4884    37782    35689    35689    35689    37782     6602        0    25654    35689    37782     4884    25328     9003     5280    11327    21871    27240        0 
   15994    30484    30484    30484    35689        0     3089    21957    30484    35689        0    24473    10917    19328     8015     8015    30312     3089        0        0        0     3089    30484    35689    14857        0     3089    30312     7053    24361    28863    22010    16283    10889    35689 
   14843    24256    24256    24256    37782     3089        0    16859    24256    37782     3089    19555     6879    18215     4440     4440    25394        0     3089     3089     3089        0    24256    37782    12174     3089        0    25394     5038    20673    26263    18714    15550     6423    37782 
    6675     6527     6527     6527    12680    21957    16859        0     6527    12680    21957     6101    12342     7846    16196    16196     8869    16859    21957    21957    21957    16859     6527    12680    12940    21957    16859     8869    12419     4899     9726     2992     8841    14536    12680 
   13188        0        0        0     6602    30484    24256     6527        0     6602    30484     9481    18866    12405    22184    22184     2722    24256    30484    30484    30484    24256        0     6602    19453    30484    24256     2722    19817     6846     5466     6673    16558    21164     6602 
   19389     6602     6602     6602        0    35689    37782    12680     6602        0    35689    15438    25109    18606    28870    28870     4884    37782    35689    35689    35689    37782     6602        0    25654    35689    37782     4884    25328     9003     5280    11327    21871    27240        0 
   15994    30484    30484    30484    35689        0     3089    21957    30484    35689        0    24473    10917    19328     8015     8015    30312     3089        0        0        0     3089    30484    35689    14857        0     3089    30312     7053    24361    28863    22010    16283    10889    35689 
    7178     9481     9481     9481    15438    24473    19555     6101     9481    15438    24473        0    12898     5655    16659    16659     9066    19555    24473    24473    24473    19555     9481    15438    13443    24473    19555     9066    16280    13504    15412     8566     9660    15029    15438 
    8709    18866    18866    18866    25109    10917     6879    12342    18866    25109    10917    12898        0    12081     3307     3307    18737     6879    10917    10917    10917     6879    18866    25109     5547    10917     6879    18737     4905    16156    20507    14197    10007     1623    25109 
    3515    12405    12405    12405    18606    19328    18215     7846    12405    18606    19328     5655    12081        0    15399    15399    12234    18215    19328    19328    19328    18215    12405    18606    12022    19328    18215    12234    20742    13222    18580    10205     5806    13806    18606 
   12027    22184    22184    22184    28870     8015     4440    16196    22184    28870     8015    16659     3307    15399        0        0    22498     4440     8015     8015     8015     4440    22184    28870     5834     8015     4440    22498     6727    20010    23831    18051    13325     3269    28870 
   12027    22184    22184    22184    28870     8015     4440    16196    22184    28870     8015    16659     3307    15399        0        0    22498     4440     8015     8015     8015     4440    22184    28870     5834     8015     4440    22498     6727    20010    23831    18051    13325     3269    28870 
   13017     2722     2722     2722     4884    30312    25394     8869     2722     4884    30312     9066    18737    12234    22498    22498        0    25394    30312    30312    30312    25394     2722     4884    19282    30312    25394        0    22119     9369     5520     8095    15499    20868     4884 
   14843    24256    24256    24256    37782     3089        0    16859    24256    37782     3089    19555     6879    18215     4440     4440    25394        0     3089     3089     3089        0    24256    37782    12174     3089        0    25394     5038    20673    26263    18714    15550     6423    37782 
   15994    30484    30484    30484    35689        0     3089    21957    30484    35689        0    24473    10917    19328     8015     8015    30312     3089        0        0        0     3089    30484    35689    14857        0     3089    30312     7053    24361    28863    22010    16283    10889    35689 
   15994    30484    30484    30484    35689        0     3089    21957    30484    35689        0    24473    10917    19328     8015     8015    30312     3089        0        0        0     3089    30484    35689    14857        0     3089    30312     7053    24361    28863    22010    16283    10889    35689 
   15994    30484    30484    30484    35689        0     3089    21957    30484    35689        0    24473    10917    19328     8015     8015    30312     3089        0        0        0     3089    30484    35689    14857        0     3089    30312     7053    24361    28863    22010    16283    10889    35689 
   14843    24256    24256    24256    37782     3089        0    16859    24256    37782     3089    19555     6879    18215     4440     4440    25394        0     3089     3089     3089        0    24256    37782    12174     3089        0    25394     5038    20673    26263    18714    15550     6423    37782 
   13188        0        0        0     6602    30484    24256     6527        0     6602    30484     9481    18866    12405    22184    22184     2722    24256    30484    30484    30484    24256        0     6602    19453    30484    24256     2722    19817     6846     5466     6673    16558    21164     6602 
   19389     6602     6602     6602        0    35689    37782    12680     6602        0    35689    15438    25109    18606    28870    28870     4884    37782    35689    35689    35689    37782     6602        0    25654    35689    37782     4884    25328     9003     5280    11327    21871    27240        0 
    8651    19453    19453    19453    25654    14857    12174    12940    19453    25654    14857    13443     5547    12022     5834     5834    19282    12174    14857    14857    14857    12174    19453    25654        0    14857    12174    19282    12556    19406    23908    18389     8767     3924    25654 
   15994    30484    30484    30484    35689        0     3089    21957    30484    35689        0    24473    10917    19328     8015     8015    30312     3089        0        0        0     3089    30484    35689    14857        0     3089    30312     7053    24361    28863    22010    16283    10889    35689 
   14843    24256    24256    24256    37782     3089        0    16859    24256    37782     3089    19555     6879    18215     4440     4440    25394        0     3089     3089     3089        0    24256    37782    12174     3089        0    25394     5038    20673    26263    18714    15550     6423    37782 
   13017     2722     2722     2722     4884    30312    25394     8869     2722     4884    30312     9066    18737    12234    22498    22498        0    25394    30312    30312    30312    25394     2722     4884    19282    30312    25394        0    22119     9369     5520     8095    15499    20868     4884 
   12696    19817    19817    19817    25328     7053     5038    12419    19817    25328     7053    16280     4905    20742     6727     6727    22119     5038     7053     7053     7053     5038    19817    25328    12556     7053     5038    22119        0    16233    21469    14274    13982     6220    25328 
   10667     6846     6846     6846     9003    24361    20673     4899     6846     9003    24361    13504    16156    13222    20010    20010     9369    20673    24361    24361    24361    20673     6846     9003    19406    24361    20673     9369    16233        0     5144     2494    14004    17580     9003 
   19363     5466     5466     5466     5280    28863    26263     9726     5466     5280    28863    15412    20507    18580    23831    23831     5520    26263    28863    28863    28863    26263     5466     5280    23908    28863    26263     5520    21469     5144        0     7468    21845    21442     5280 
    9610     6673     6673     6673    11327    22010    18714     2992     6673    11327    22010     8566    14197    10205    18051    18051     8095    18714    22010    22010    22010    18714     6673    11327    18389    22010    18714     8095    14274     2494     7468        0    12045    15621    11327 
    2435    16558    16558    16558    21871    16283    15550     8841    16558    21871    16283     9660    10007     5806    13325    13325    15499    15550    16283    16283    16283    15550    16558    21871     8767    16283    15550    15499    13982    14004    21845    12045        0    10646    21871 
   10435    21164    21164    21164    27240    10889     6423    14536    21164    27240    10889    15029     1623    13806     3269     3269    20868     6423    10889    10889    10889     6423    21164    27240     3924    10889     6423    20868     6220    17580    21442    15621    10646        0    27240 
   19389     6602     6602     6602        0    35689    37782    12680     6602        0    35689    15438    25109    18606    28870    28870     4884    37782    35689    35689    35689    37782     6602        0    25654    35689    37782     4884    25328     9003     5280    11327    21871    27240        0 
**************************************TimeWindows
  0 0  0     0  1440 480
  1 4 4   960  1200 61
  2 1 1   780   960 61
  3 2 2   780   960 61
  4 4 4   480   660 76
  5 2 2   300   420 92
  6 1 1   720   960 76
  7 2 2   240   480 26
  8 2 2   480   720 61
  9 3 3   240   480 76
 10 3 3   720   900 61
 11 4 4   300   420 33
 12 1 1   720   960 33
 13 2 2   960  1200 38
 14 4 4   480   720 37
 15 2 2   240   480 27
 16 1 1   240   420 42
 17 2 2   240   480 76
 18 4 -4  1099  1159 61
 19 1 -1   826  1006 61
 20 2 -2   827  1007 61
 21 4 -4   510   750 76
 22 2 -2   332   512 92
 23 1 -1   837   957 76
 24 2 -2   260   500 26
 25 2 -2   557   737 61
 26 3 -3   389   449 76
 27 3 -3   798   918 61
 28 4 -4   268   508 33
 29 1 -1   775   955 33
 30 2 -2  1019  1199 38
 31 4 -4   511   751 37
 32 2 -2   291   471 27
 33 1 -1   271   451 42
 34 2 -2   298   538 76
