dep89 0 0 60
**************************************DATA
10 134 480 8 1.33
**************************************DISTANCE
       0    28804   108384    55423   124851    56647    67915   127057    60492    51839    32933    44672    34231    49428   106379    58989    58103    67450   117715   115084    56647    38025   126648    58103    82192    53076    47389    82192    68053    24337    73446   117715    78554   108526   103342   131309    58989    32933    32559   127057    98555    27480    47389    48262    34231    73446    50886    58103   101680    88472   129300    64363   124288    55650   116897    68053    67915    27480    71121    42210    39702    46628    68053   124851   115873   103342    32038    72575   100994    32559    50031    52175   131309    13147   116613    32933    71121    13147   116613    73221    72575    52136    68053    43752    39108    53204    35193    78554    63320    55545   115873    33054    19662    34231   123281    53076    85216    12943    73221    55650    53076    88472    54704   116613    44750    46380    56308    45524    23896    66691    50031    45524   108252    19696    35139    63320    25370    70364    66691   113260    48262    52175    31272   124851   131309   117715   116897    73653    29689    66691    38045   117715    56308    82192    23290 
   28804        0    92472    56463   109730    39300    57044   111490    62029    52312    33974    27266    12206    34307    90596    38125    63371    50104   100606    95857    39300    35022   109580    63371    55269    35763    32269    55269    50649    19832    58326   100606    49208    92664    87506   115703    38125    33974    34095   111490    82460     5305    32269    27595    12206    58326    33282    63371    86560    72231   112113    48767   107228    40556   100752    50649    57044     5305    53775    26122    47108    30559    50649   109730    99907    87506    15005    57486    84898    34095    34911    34831   115703    19084   100133    33974    53775    19084   100133    43955    57486    36316    50649    43213    21271    56179     8140    49208    48199    39857    99907     8384    14900    12206   108255    35763    67873    25123    43955    40556    35763    72231    37295   100133    27407    45090    41187    25012    39558    68228    34911    25012    73111    21492    19070    48199    11819    54768    68228    97654    27595    34831    28135   109730   115703   100606   100752    56939    30730    68228    39585   100606    41187    55269     6139 
  108384    92472        0    69811    22659    43629    34613    22405    82483    93674    69812    80615   122859    52797     6214   100679    56786    33836    12923    11724    43629    70740    21996    56786   126945    47280    50638   126945    52138    87393    25363    12923   119143     4620     5244    28059   100679    69812    86468    22405    17222    88017    50638    93964   122859    25363    63348    56786    23314    26291    24648    33784    20094    42089     8140    52138    34613    88017    56810    79894    96421    63479    52138    22659    23181     5244    77066    28756    11839    86468    46169    51474    28059   106920    10389    69812    56810   106920    10389   113890    28756    57418    52138   132108    73062    49594    99207   119143    35762    43716    23181    86713   105967   122859    19938    47280    40850   116189   113890    42089    47280    26291    62022    10389    78436    80960    40938    76315   106584    73668    46169    76315    10693    83548    76988    35762    82338    25383    73668     8188    93964    51474    73677    22659    28059    12923     8140   139830    79776    73668    84042    12923    40938   126945    94498 
   55423    56463    69811        0    78538    57086    34927    88484    15108    20329    22490    64265    66920    45388    67805    83575    13157    64348    79141    76510    57086    28928    88074    13157   110399    50042    44006   110399    89861    39872    62200    79141   103140    69952    64769    92735    83575    22490    28473    88484    59981    55139    44006    77418    66920    62200    65722    13157    64264    35558    90726    43873    85714    46101    78323    89861    34927    55139    71561    38652    32239    32468    89861    78538    77299    64769    46369    39941    50555    28473    41764    69784    92735    55442    78039    22490    71561    55442    78039    97807    39941    24465    89861   116032    56717    20217    62853   103140    55637    51642    77299    55735    64546    66920    84707    50042   100455    68148    97807    46101    50042    35558    78772    78039    62359    13549    37461    60632    44120    16240    41764    60632    69678    36173    43115    55637    43958    52274    16240    74686    77418    69784    33545    78538    92735    79141    78323   123888    34413    16240    20473    79141    37461   110399    50950 
  124851   109730    22659    78538        0    60674    67615     8500    91210   110787    87071    97600   140117    89451    16725   116910    65513    50881    12189    17839    60674    87867     4380    65513   135673    64191    70108   135673    79035   105079    42409    12189   136474    19256    23975    30270   116910    87071   103726     8500    32094   104935    70108   102691   140117    42409   108146    65513    16303    36646     6014    53119    14856    61435    27204    79035    67615   104935    67894    88621   113679    80161    79035        0     7327    23975    85794    47558    33274   103726    65638    68379    30270   124870    26920    87071    67894   124870    26920   131142    47558    66145    79035   149367    90052    66721   116120   136474    52807    60720     7327   103599   122889   140117    25760    64191    51288   124916   131142    61435    64191    36646    78951    26920    95694    98103    60408    93967   117770    82552    65638    93967    29401   100667    94665    52807    99596    44718    82552    23567   102691    68379    90359        0    30270    12189    27204   157223    96904    82552   101300    12189    60408   135673   111445 
   56647    39300    43629    57086    60674        0    29908    60936    72256    70749    46948    15884    49756    12973    45915    27684    46634    10804    51594    45391        0    44709    60527    46634    56679     7385    17848    56679    19005    37547    21190    51594    48855    43770    41883    52757    27684    46948    61939    60936    39860    34505    17848    34416    49756    21190    19687    46634    61622    47246    63179    23031    58167    14317    37638    19005    29908    34505    19216    27831    73641    29105    19005    60674    65242    41883    25079    36105    43891    61939    13784     7845    52757    53432    35859    46948    19216    53432    35859    39558    36105    30605    19005    86065    19344    39440    45690    48855    10389     8762    65242    33169    52459    49756    45308     7385    28572    62681    39558    14317     7385    47246    22740    35859    12553    58065    20322    19294    67401    73079    13784    19294    37682    49335    27133    10389    31392    22127    73079    41138    34416     7845    37848    60674    52757    51594    37638    66336    42154    73079    61262    51594    20322    56679    41015 
   67915    57044    34613    34927    67615    29908        0    56111    47600    58777    35060    36800    87431    24443    50247    64223    21903    34501    46768    40127    29908    35857    55701    21903    92761    24999    22285    92761    44858    43712    32353    46768    83788    34702    30261    56791    64223    35060    51716    56111    21367    53833    22285    59780    87431    32353    39144    21903    44444    17053    58354    14228    53341    16307    32798    44858        0    53833    44382    31417    61669    25687    44858    67615    59741    30261    42882    10907    23910    51716    17815    29323    56791    67926    36549    35060    44382    67926    36549    79706    10907    21067    44858    96680    37366    14711    65022    83788    25790    21848    59741    50913    70203    87431    48763    24999    48459    82005    79706    16307    24999    17053    42198    36549    32411    46093    12584    29563    71701    48350    17815    29563    28979    48657    35786    25790    46910    22629    48350    36313    59780    29323    35885    67615    56791    46768    32798   104537    41699    48350    49290    46768    12584    92761    60314 
  127057   111490    22405    88484     8500    60936    56111        0   101156   112347    88700    99288   139232    99396    23412   119352    75459    51143    12517    18423    60936    89413     8350    75459   145618    64587    70370   145618    79314   106066    42671    12517   137816    19501    24992    22890   119352    88700   105256        0    38268   106690    70370   112637   139232    42671   109746    75459    26033    51394     8277    53516     9958    61821    27353    79314    56111   106690    68155    98567   115209    82152    79314     8500    12301    24992    95739    48686    33614   105256    65900    68781    22890   125593    26734    88700    68155   125593    26734   132564    48686    76091    79314   150986    91735    68267   117880   137816    53069    61023    12301   105386   124640   139232    23482    64587    51515   134862   132564    61821    64587    51394    79329    26734    97623    99633    60669    94988   125257    94945    65900    94988    31149   102221    95661    53069   101799    45115    94945    24256   112637    68781    92350     8500    22890    12517    27353   158503    98449    94945   102830    12517    60669   145618   113171 
   60492    62029    82483    15108    91210    72256    47600   101156        0    15670    32450    69467    72485    70770    80477    96247    25733    77059    91813    89182    72256    38888   100746    25733   123111    73276    59230   123111    92848    49832    74670    91813   115812    82624    77441   105407    96247    32450    29035   101156    60612    60705    59230    90573    72485    74670    75681    25733    76937    48131   103399    56545    98386    58773    90995    92848    47600    60705    86673    51924    28030    53824    92848    91210    89971    77441    52829    52514    63128    29035    60725    74872   105407    60512    90711    32450    86673    60512    90711   110480    52514    39302    92848   128704    61806    35045    68419   115812    68100    64315    89971    66279    69616    72485    97379    73276   113127    73217   110480    58773    73276    48131    79499    90711    67448    23182    61239    66299    44683     6489    60725    66299    82350    41210    53075    68100    58596    64947     6489    87358    90573    74872    43505    91210   105407    91813    90995   136561    44373     6489    27037    91813    61239   123111    56516 
   51839    52312    93674    20329   110787    70749    58777   112347    15670        0    23830    60602    62769    60528    91653    74374    33492    79064   101662    96914    70749    30248   111937    33492   100641    65426    59146   100641    83985    41182    76916   101662    92839    93721    88562   116760    74374    23830    19319   112347    83516    52051    59146    67660    62769    76916    66618    33492    87616    73288   114590    58790   109577    60994   102186    83985    58777    52051    85223    43284    13812    47613    83985   110787   100964    88562    47779    65699    85955    19319    58614    66279   116760    51858   101902    23830    85223    51858   101902    87586    65699    43006    83985    89499    53222    44066    59634    92839    70353    64285   100964    57607    60962    62769   108570    65426   124318    64782    87586    60994    65426    73288    70631   101902    58829    14533    52606    58449    36834    21869    58614    58449    82088    32700    44456    70353    48879    67192    21869    98711    67660    66279    34855   110787   116760   101662   102186   108433    35724    21869    17320   101662    52606   100641    47862 
   32933    33974    69812    22490    87071    46948    35060    88700    32450    23830        0    36802    44430    36812    67936    50574    25257    55347    77946    73198    46948     6447    88291    25257    76841    41626    35430    76841    60185    17382    53199    77946    69039    70005    64846    93043    50574        0    16740    88700    59800    32650    35430    43860    44430    53199    42818    25257    63900    49571    90943    35074    84568    37278    78092    60185    35060    32650    61423    19484    26693    23897    60185    87071    77247    64846    23978    42747    62238    16740    34898    42479    93043    32952    77473        0    61423    32952    77473    63786    42747    19290    60185    83205    29421    20350    40233    69039    46636    40569    77247    33213    42056    44430    85595    41626   100671    45876    63786    37278    41626    49571    46831    77473    35055    11116    28890    34649    36719    38649    34898    34649    58372    13683    20626    46636    21468    43476    38649    74994    43860    42479    11055    87071    93043    77946    78092    90722    11924    38649    14314    77946    28890    76841    28460 
   44672    27266    80615    64265    97600    15884    36800    99288    69467    60602    36802        0    37722    10024    78610    18111    51241    26688    89946    83727    15884    34562    98879    51241    52983    12354    13435    52983    24256    26532    35717    89946    45261    80534    75573    68680    18111    36802    49904    99288    70786    22684    13435    20594    37722    35717     7202    51241    74429    60703   101531    28561    96519    19847    53560    24256    36800    22684    30358    21414    63494    28475    24256    97600    88104    75573    13107    41452    49610    49904    14498     7807    68680    41398    51782    36802    30358    41398    51782    39928    41452    34542    24256    71127     8467    43754    33873    45261    26333    16938    88104    21134    40425    37722    61231    12354    44495    50855    39928    19847    12354    60703    13168    51782     3799    47918    20774    11254    55427    77393    14498    11254    53605    37301    16986    26333    19357    34584    77393    85491    20594     7807    27701    97600    68680    89946    53560    62742    32230    77393    51115    89946    20774    52983    29164 
   34231    12206   122859    66920   140117    49756    87431   139232    72485    62769    44430    37722        0    44763   120983    32009    93758    60560   130992   126244    49756    45478   138823    93758    43952    46219    42725    43952    53117    30289    68782   130992    40959   123051   117892   146090    32009    44430    44552   139232   112846    15761    42725    21251        0    68782    34595    93758   116946   102618   141475    59223   137614    51012   131138    53117    87431    15761    58798    36579    57564    41015    53117   140117   130294   117892    25461    67943   115285    44552    45367    45287   146090    21634   130520    44430    58798    21634   130520    35706    67943    46772    53117    44926    31727    86566     9625    40959    58655    50314   130294    16495    15866        0   138641    46219    78418    26344    35706    51012    46219   102618    34801   130520    37863    55546    51643    35468    44985    78684    45367    35468    83568    31948    29526    58655    22275    65224    78684   128041    21251    45287    38591   140117   146090   130992   131138    45622    41186    78684    50041   130992    51643    43952    16595 
   49428    34307    52797    45388    89451    12973    24443    99396    70770    60528    36812    10024    44763        0    78718    25108    51056    26476    90054    56984    12973    30763    98987    51056    62793     5596     4357    62793    31253    29656    28468    90054    55076    52938    75682    62004    25108    36812    54720    99396    40042    29512     4357    31840    44763    28468    17110    51056    75177    60811   101639    18765    96627    10051    49215    31253    24443    29512    27390    17229    63421    17519    31253    89451    88212    75682    18677    29095    42067    54720     7057    11176    62004    49447    45106    36812    27390    49447    45106    49744    29095    20570    31253    76199    11893    43862    40697    55076    15489     7142    88212    28176    47466    44763    54556     5596    41545    57688    49744    10051     5596    60811    20164    45106     7606    47844    13313    10048    60183    77501     7057    10048    45396    42116    19242    15489    24173    24765    77501    52730    31840    11176    27472    89451    62004    90054    49215    84056    34263    77501    51042    90054    13313    62793    36022 
  106379    90596     6214    67805    16725    45915    50247    23412    80477    91653    67936    78610   120983    78718        0    98673    54780    36121    11318    14010    45915    68733    20285    54780   124940    49532    76679   124940    54384    85387    27649    11318   117138     4165     9232    30323    98673    67936    84592    23412    19508    86012    76679    91958   120983    27649    89012    54780    15981    25903    22044    36070    21101    44375    10497    54384    50247    86012    59096    77888    94545    61027    54384    16725    16967     9232    75061    36815    14125    84592    48454    53759    30323   104914    12746    67936    59096   104914    12746   111885    36815    55412    54384   130232    71056    47588    97201   117138    38048    46002    16967    84465   103961   120983    22295    49532    43207   114184   111885    44375    49532    25903    93080    12746    76560    78954    43223    74309   104578    71809    48454    74309    12979    81533    75531    38048    80462    27669    71809    10445    91958    53759    71225    16725    30323    11318    10497   138089    77771    71809    82166    11318    43223   124940    92492 
   58989    38125   100679    83575   116910    27684    64223   119352    96247    74374    50574    18111    32009    25108    98673        0    70550    38488   110009   103037    27684    48335   118942    70550    36761    24154    28520    36761    26301    35275    47518   110009    28958    99844    95637    80480        0    50574    65224   119352    90849    32386    28520    11819    32009    47518     9985    70550    93739    80766   121595    40383   116582    32173    65360    26301    64223    32386    31979    31501    78245    39065    26301   116910   108167    95637    21850    53252    92078    65224    31182    19607    80480    51289    63582    50574    31979    51289    63582    23706    53252    44628    26301    57925    21056    63358    33009    28958    38133    28738   108167    33448    45652    32009    73031    24154    56295    55730    23706    32173    24154    80766     7982    63582    21982    61690    35858    28756    69744    97457    31182    28756    63936    52620    27576    38133    33379    46384    97457   105554    11819    19607    41473   116910    80480   110009    65360    46556    40539    97457    64888   110009    35858    36761    38867 
   58103    63371    56786    13157    65513    46634    21903    75459    25733    33492    25257    51241    93758    51056    54780    70550        0    51227    66117    63485    46634    31608    75050        0    97278    41769    49018    97278    76836    42552    49079    66117    90115    56927    51744    79710    70550    25257    41912    75459    34915    58576    49018    64297    93758    49079    61787        0    51240    22434    77702    30849    72690    33077    65299    76836    21903    58576    61108    33627    43869    27604    76836    65513    64275    51744    47399    26817    37431    41912    34863    56759    79710    58122    65014    25257    61108    58122    65014    84783    26817    21918    76836   103007    43693    11975    69761    90115    42516    38618    64275    57240    67226    93758    71682    41769    87430    70828    84783    33077    41769    22434    65747    65014    49335    25179    29633    47608    55957    26481    34863    47608    56654    38853    37703    42516    53237    39250    26481    61662    64297    56759    36225    65513    79710    66117    65299   110864    37094    26481    32103    66117    29633    97278    53630 
   67450    50104    33836    64348    50881    10804    34501    51143    77059    79064    55347    26688    60560    26476    36121    38488    51227        0    41800    35598    10804    55513    50733    51227    62520    18189    28645    62520    19312    48351    11397    41800    54659    33977    32090    41190    38488    55347    72742    51143    35824    45308    28645    45220    60560    11397    30490    51227    51829    42417    53385    22605    48373    21209    27844    19312    34501    45308     9918    38635    81956    37055    19312    50881    55448    32090    35879    37471    34098    72742    24588    18648    41190    64236    26065    55347     9918    64236    26065    45362    37471    39050    19312    96868    30148    44033    56494    54659     9937    17984    55448    43972    63262    60560    33742    18189    17769    73485    45362    21209    18189    42417    29220    26065    23356    66380    27547    30097    78205    77672    24588    30097    27889    60138    37936     9937    42195    15891    77672    31345    45220    18648    48651    50881    41190    41800    27844    72140    52958    77672    69577    41800    27547    62520    51819 
  117715   100606    12923    79141    12189    51594    46768    12517    91813   101662    77946    89946   130992    90054    11318   110009    66117    41800        0     9039    51594    80071    12108    66117   136276    55245    61028   136276    69972    96723    33328        0   128474     9519    15010    21207   110009    77946    94602    12517    28926    97348    61028   103295   130992    33328    99022    66117    17632    29611    14760    44173    10206    52478    18079    69972    46768    97348    58813    89225   104555    72810    69972    12189    16041    15010    86397    37504    24272    94602    56558    59438    21207   116250    17795    77946    58813   116250    17795   123221    37504    66748    69972   140242    82392    58924   108537   128474    43727    51681    16041    94474   115297   130992    16636    55245    42163   125520   123221    52478    55245    29611    69987    17795    86570    90290    51327    85645   115914    86525    56558    85645    21806    92879    85540    43727    90471    35772    86525    14442   103295    59438    81234    12189    21207        0    18079   148098    89107    86525    92176        0    51327   136276   103828 
  115084    95857    11724    76510    17839    45391    40127    18423    89182    96914    73198    83727   126244    56984    14010   103037    63485    35598     9039        0    45391    73994    17972    63485   133645    48361    54825   133645    53213    91206    27126     9039   122601    11934    12160    21151   103037    73198    89853    18423    22109    91062    54825   100663   126244    27126    64391    63485    25923    32996    20625    37289    13706    45605    10272    53213    40127    91062    56182    86593    99806    66288    53213    17839    22687    12160    83765    30798    17444    89853    50355    52549    21151   110997    11090    73198    56182   110997    11090   117269    30798    64117    53213   135494    76179    52848   105906   122601    37524    44890    22687    89726   109016   126244    14378    48361    37415   122888   117269    45605    48361    32996    63121    11090    81821    84230    45125    80094   103897    81777    50355    80094    13572    86794    80792    37524    85723    28888    81777     7336   100663    52549    76486    17839    21151     9039    10272   143350    83031    81777    87427     9039    45125   133645   101197 
   56647    39300    43629    57086    60674        0    29908    60936    72256    70749    46948    15884    49756    12973    45915    27684    46634    10804    51594    45391        0    44709    60527    46634    56679     7385    17848    56679    19005    37547    21190    51594    48855    43770    41883    52757    27684    46948    61939    60936    39860    34505    17848    34416    49756    21190    19687    46634    61622    47246    63179    23031    58167    14317    37638    19005    29908    34505    19216    27831    73641    29105    19005    60674    65242    41883    25079    36105    43891    61939    13784     7845    52757    53432    35859    46948    19216    53432    35859    39558    36105    30605    19005    86065    19344    39440    45690    48855    10389     8762    65242    33169    52459    49756    45308     7385    28572    62681    39558    14317     7385    47246    22740    35859    12553    58065    20322    19294    67401    73079    13784    19294    37682    49335    27133    10389    31392    22127    73079    41138    34416     7845    37848    60674    52757    51594    37638    66336    42154    73079    61262    51594    20322    56679    41015 
   38025    35022    70740    28928    87867    44709    35857    89413    38888    30248     6447    34562    45478    30763    68733    48335    31608    55513    80071    73994    44709        0    89004    31608    74601    33154    27263    74601    57945    15142    53996    80071    66799    70801    65698    93664    48335     6447    23187    89413    60596    29562    27263    41620    45478    53996    40992    31608    64696    50827    91656    35871    86644    38074    79253    57945    35857    29562    59183    14027    33140    15378    57945    87867    78229    65698    21739    38894    63035    23187    29320    40240    93664    38044    78968     6447    59183    38044    78968    61546    38894    20087    57945    81404    27182    21146    40993    66799    47433    36313    78229    31006    47148    45478    85636    33154   101384    50968    61546    38074    33154    50827    44591    78968    28825    17554    29686    26177    41811    41037    29320    26177    59168    18775    16050    47433    19229    44272    41037    75616    41620    40240     8226    87867    93664    80071    79253    89260     9684    41037    20761    80071    29686    74601    33552 
  126648   109580    21996    88074     4380    60527    55701     8350   100746   111937    88291    98879   138823    98987    20285   118942    75050    50733    12108    17972    60527    89004        0    75050   145209    64178    69961   145209    78905   105656    42261    12108   137407    19092    24583    30140   118942    88291   104847     8350    37859   106281    69961   112228   138823    42261   109337    75050    20899    50985     3491    53106    14715    61411    26944    78905    55701   106281    67746    98158   114800    81743    78905     4380     5161    24583    95330    48276    33205   104847    65491    68371    30140   125183    26325    88291    67746   125183    26325   132154    48276    75681    78905   150577    91326    67857   117470   137407    52660    60614     5161   104977   124230   138823    25650    64178    51138   134453   132154    61411    64178    50985    78920    26325    97214    99223    60260    94578   124848    94535    65491    94578    30740   101812    95251    52660   101389    44705    94535    23846   112228    68371    91940     4380    30140    12108    26944   158093    98040    94535   102421    12108    60260   145209   112762 
   58103    63371    56786    13157    65513    46634    21903    75459    25733    33492    25257    51241    93758    51056    54780    70550        0    51227    66117    63485    46634    31608    75050        0    97278    41769    49018    97278    76836    42552    49079    66117    90115    56927    51744    79710    70550    25257    41912    75459    34915    58576    49018    64297    93758    49079    61787        0    51240    22434    77702    30849    72690    33077    65299    76836    21903    58576    61108    33627    43869    27604    76836    65513    64275    51744    47399    26817    37431    41912    34863    56759    79710    58122    65014    25257    61108    58122    65014    84783    26817    21918    76836   103007    43693    11975    69761    90115    42516    38618    64275    57240    67226    93758    71682    41769    87430    70828    84783    33077    41769    22434    65747    65014    49335    25179    29633    47608    55957    26481    34863    47608    56654    38853    37703    42516    53237    39250    26481    61662    64297    56759    36225    65513    79710    66117    65299   110864    37094    26481    32103    66117    29633    97278    53630 
   82192    55269   126945   110399   135673    56679    92761   145618   123111   100641    76841    52983    43952    62793   124940    36761    97278    62520   136276   133645    56679    74601   145209    97278        0    61844    68422        0    48990    66782    72907   136276     9452   127087   121903   104474    36761    76841    87484   145618   117116    56921    68422    34921    43952    72907    46883    97278   121399   107033   147861    78051   142849    69337    89354    48990    92761    56921    57541    66615   100505    70510    48990   135673   134434   121903    53329   103299   119555    87484    71130    57297   104474    61432    87576    76841    57541    61432    87576    21279   103299    79407    48990    39957    56226    90084    50204     9452    67216    61504   134434    50488    56093    43952    97025    61844    80281    63718    21279    69337    61844   107033    45672    87576    59672    87957    77385    66117    92946   123723    71130    66117    89399    74880    59020    67216    59645    76719   123723   131821    34921    57297    67740   135673   104474   136276    89354    10106    72047   123723    91155   136276    77385        0    59652 
   53076    35763    47280    50042    64191     7385    24999    64587    73276    65426    41626    12354    46219     5596    49532    24154    41769    18189    55245    48361     7385    33154    64178    41769    61844        0     9008    61844    21943    31510    22871    55245    54042    47368    45534    56408    24154    41626    58401    64587    38022    31087     9008    30783    46219    22871    16149    41769    77774    63379    66830    18241    61818    10030    41289    21943    24999    31087    21859    19634    68319    22170    21943    64191    68893    45534    21511    31122    40052    58401     9039     4427    56408    49990    39510    41626    21859    49990    39510    43603    31122    25221    21943    78768    15785    34576    42276    54042    13487     7767    68893    29631    49037    46219    48959        0    35949    59259    43603    10030        0    63379    19071    39510     9015    51943    14198    12473    63830    80070     9039    12473    39908    45798    21810    13487    27854    22991    80070    44789    30783     4427    29864    64191    56408    55245    41289    71597    36039    80070    55940    55245    14198    61844    37568 
   47389    32269    50638    44006    70108    17848    22285    70370    59230    59146    35430    13435    42725     4357    76679    28520    49018    28645    61028    54825    17848    27263    69961    49018    68422     9008        0    68422    34665    27617    28382    61028    61269    50780    73643    71050    28520    35430    52086    70370    37884    27473        0    36029    42725    28382    20522    49018    73139    58772    72613    18726    67601    10012    47057    34665    22285    27473    32266    13729    62039    16024    34665    70108    86173    73643    16511    26937    39909    52086     4899    14588    71050    47409    50808    35430    32266    47409    50808    55936    26937    17476    34665    74161    12904    24470    38658    61269    18255     9907    86173    26137    45427    42725    63022     9008    46421    55650    55936    10012     9008    58772    23576    50808    12170    46462    11155     9534    58144    75463     4899     9534    43238    40078    17203    18255    22134    24726    75463    50572    36029    14588    23972    70108    71050    61028    47057    82017    32225    75463    49660    61028    11155    68422    33984 
   82192    55269   126945   110399   135673    56679    92761   145618   123111   100641    76841    52983    43952    62793   124940    36761    97278    62520   136276   133645    56679    74601   145209    97278        0    61844    68422        0    48990    66782    72907   136276     9452   127087   121903   104474    36761    76841    87484   145618   117116    56921    68422    34921    43952    72907    46883    97278   121399   107033   147861    78051   142849    69337    89354    48990    92761    56921    57541    66615   100505    70510    48990   135673   134434   121903    53329   103299   119555    87484    71130    57297   104474    61432    87576    76841    57541    61432    87576    21279   103299    79407    48990    39957    56226    90084    50204     9452    67216    61504   134434    50488    56093    43952    97025    61844    80281    63718    21279    69337    61844   107033    45672    87576    59672    87957    77385    66117    92946   123723    71130    66117    89399    74880    59020    67216    59645    76719   123723   131821    34921    57297    67740   135673   104474   136276    89354    10106    72047   123723    91155   136276    77385        0    59652 
   68053    50649    52138    89861    79035    19005    44858    79314    92848    83985    60185    24256    53117    31253    54384    26301    76836    19312    69972    53213    19005    57945    78905    76836    48990    21943    34665    48990        0    49912    29693    69972    41188    52219    50392    58147    26301    60185    73287    79314    54119    46065    34665    32929    53117    29693    18301    76836    90954    60719    81557    38100    76545    29889    46147        0    44858    46065    11159    43452    86877    47180        0    79035    83620    50392    36488    51208    52627    73287    28898    17499    58147    64967    44368    60185    11159    64967    44368    32467    51208    45673        0    86595    32719    69644    54119    41188    29542    23853    83620    44517    64014    53117    50698    21943    33899    74236    32467    29889    21943    60719    18587    44368    28152    71515    34057    34901    78807   102966    28898    34901    44760    60684    40369    29542    42740    33711   102966    49647    32929    17499    51084    79035    58147    69972    46147    57601    55611   102966    74498    69972    34057    48990    52545 
   24337    19832    87393    39872   105079    37547    43712   106066    49832    41182    17382    26532    30289    29656    85387    35275    42552    48351    96723    91206    37547    15142   105656    42552    66782    31510    27617    66782    49912        0    53674    96723    58995    88013    82351   110317    35275    17382    22015   106066    59311    14054    27617    33801    30289    53674    32746    42552    81908    67480   108308    41430   103296    34658    68484    49912    43712    14054    52021    16886    35036    20369    49912   105079    94881    82351    13920    48364    61336    22015    30259    34034   110317    24356    95621    17382    52021    24356    95621    53727    48364    26126    49912    73592    20968    35641    26539    58995    43548    34553    94881    19628    33461    30289   102289    31510    67076    37280    53727    34658    31510    67480    36563    95621    26610    28498    35285    24533    35092    51971    30259    24533    64665     9411    12983    43548    10323    49871    51971    92268    33801    34034     8281   105079   110317    96723    68484    71786     8662    51971    31696    96723    35285    66782    14767 
   73446    58326    25363    62200    42409    21190    32353    42671    74670    76916    53199    35717    68782    28468    27649    47518    49079    11397    33328    27126    21190    53996    42261    49079    72907    22871    28382    72907    29693    53674        0    33328    65040    25505    23617    34491    47518    53199    69855    42671    27329    53530    28382    54250    68782        0    39520    49079    43357    33921    44913    18125    39901    24716    19372    29693    32353    53530    20298    41247    79808    41116    29693    42409    46976    23617    46269    28975    25625    69855    24163    27678    34491    73466    17593    53199    20298    73466    17593    55742    28975    36910    29693   100218    39178    41885    64715    65040    11354    19400    46976    52194    71484    68782    27043    22871    17631    81707    55742    24716    22871    33921    39600    17593    32386    64232    27508    35591    84201    75524    24163    35591    19417    66796    43260    11354    48191    11411    75524    22873    54250    27678    51314    42409    34491    33328    19372    82521    57575    75524    67429    33328    27508    72907    60041 
  117715   100606    12923    79141    12189    51594    46768    12517    91813   101662    77946    89946   130992    90054    11318   110009    66117    41800        0     9039    51594    80071    12108    66117   136276    55245    61028   136276    69972    96723    33328        0   128474     9519    15010    21207   110009    77946    94602    12517    28926    97348    61028   103295   130992    33328    99022    66117    17632    29611    14760    44173    10206    52478    18079    69972    46768    97348    58813    89225   104555    72810    69972    12189    16041    15010    86397    37504    24272    94602    56558    59438    21207   116250    17795    77946    58813   116250    17795   123221    37504    66748    69972   140242    82392    58924   108537   128474    43727    51681    16041    94474   115297   130992    16636    55245    42163   125520   123221    52478    55245    29611    69987    17795    86570    90290    51327    85645   115914    86525    56558    85645    21806    92879    85540    43727    90471    35772    86525    14442   103295    59438    81234    12189    21207        0    18079   148098    89107    86525    92176        0    51327   136276   103828 
