dep21 0 0 60
**************************************DATA
9 126 480 8 1.33
**************************************DISTANCE
       0     4935    52624    58881    26532    26532    49826    53705    57867    30065    67965    65437    67373    76426    65437    94189    38649    62360    53485    32961    60239   133984    57621    77042    62271    51278    37754     8680    75205    38649    25741    48192    49355    59409    62228    26532    62228    30027    82323    47102    24766    68223    58739    46140    30699    44161    53705    41822    73492    94189    47102    78180    76426    57621    73492    56812    48054    62228    77634    97264    81681    55663    35107     4935    72149    24425    77400    59263   102963    53705    67373    24425    81681    59263    24766    77042    57867    67173    68223    48192    67763    21282    24425     4033    97264     8972    18914    44291    24425    26954    32961    81681     9332    47102    68297    53485    41292   101544    93803    75205    94189   101544    97264    41292    65437    77400    26954    11579    67965    67965    12495    89368    68204    32613    71022    65437    46826    78180    63667    93803    32961    72465    69533    59263    76426     7261    47743 
    4935        0    48310    55037    30769    30769    44248    48423    53996    41853    66489    60559    62725    71950    60559    91434    45061    58262    49638    35830    55413   129632    52258    72769    57048    48572    46894     5787    71056    45061    33061    37071    45430    54709    55807    30769    55807    33373    77998    42067    28178    63270    54133    40585    25825    39127    48423    36762    68452    91434    42067    73899    71950    52258    68452    52497    45802    55807    72754    92135    76554    50716    42204        0    68050    20034    88136    54716    98655    48423    62725    20034    76554    54716    28178    72769    53996    38987    63270    37071    63508    23228    20034     7877    92135     8315    13617    38732    20034    21885    35830    76554     4243    42067    63831    49638    34725    97219    89548    71056    91434    97219    92135    34725    60559    88136    21885    11022    66489    66489     8150    86726    63436    27749    67128    60559    42504    73899    58255    89548    35830    81884    65434    54716    71950    10044    43380 
   52624    48310        0    14350    32742    32742    48751    42518    19708    11062    73097    23613    10305    20946    23613   131951    10319    41003    20269    17383    48015   128325    45397   114805    50047    30334    15932    52534    48983    10319    20583    35621    37131    47185   118747    32742   118747    47613   120086    22282    35251    46866    46515    45065    29641    25244    42518    27590    67208   131951    22282   115943    20946    45397    67208     8098    37778   118747    23811    75907    60324    43438    12757    48310    16669    67800    44449    66067   140725    42518    10305    67800    60324    66067    35251   114805    19708    58708    46866    35621    83233    25085    67800    42779    75907    53593    62768    43216    67800    70808    17383    60324    53186    22282    12518    20269    98956   139307   131834    48983   131951   139307    75907    98956    23613    44449    70808    34952    73097    73097    52284   127131    55980    76467    53905    23613     6508   115943    51442   131834    17383    65602    14053    66067    20946    37387    25855 
   58881    55037    14350        0    28092    28092    31096    23481     5754    25206    55441     9572     3488    16651     9572   112672     7169    17803     6555    13790    30470   107942    27741    92364    32106    12230     8099    59262    30800     7169    43776    20322    20488    29766    96316    28092    96316    29957    99236    12311    32099    23666    29191    27410    23038    15534    23481    17872    55103   112672    12311    95137    16651    27741    55103    20102    20123    96316    20929    60910    44699    25783    11686    55037    17173    74527    32830    48479    98775    23481     3488    74527    44699    48479    32099    92364     5754    40607    23666    20322    65049    32003    74527    61823    60910    60101    69495    25168    74527    76948    13790    44699    59306    12311     7091     6555    77256   118457    84793    30800   112672   118457    60910    77256     9572    32830    76948    43740    55441    55441    58747   107963    38325    82812    36250     9572    20767    95137    33312    84793    13790    50029    14556    48479    16651    50088    12182 
   26532    30769    32742    28092        0        0    13409    22298    27871    29512    41307    32446    40589    49815    32446    99024    24646    29365    22696    18754    29287    99491    26832    78717    30923    20490    18429    34993    17181    24646    36558    10945    19305    28583    82669        0    82669     4489    85588    14282     3608    35227    28008     7067     8338    12703    22298    10144    42326    99024    14282    81490    49815    26832    42326    51448    13469    82669    44641    65974    49616    17308    20513    30769    45271    44221    49781    34831   106246    22298    40589    44221    49616    34831     3608    78717    27871    26960    35227    10945    51402    32523    44221    26659    65974    36792    45227     7982    44221    53639    18754    49616    35997    14282    41419    22696    63121   104810    71146    17181    99024   104810    65974    63121    32446    49781    53639    15779    41307    41307    28918    94316    37415    59503    22116    32446    35016    81490    32129    71146    18754    41571    42655    34831    49815    21769    17254 
   26532    30769    32742    28092        0        0    13409    22298    27871    29512    41307    32446    40589    49815    32446    99024    24646    29365    22696    18754    29287    99491    26832    78717    30923    20490    18429    34993    17181    24646    36558    10945    19305    28583    82669        0    82669     4489    85588    14282     3608    35227    28008     7067     8338    12703    22298    10144    42326    99024    14282    81490    49815    26832    42326    51448    13469    82669    44641    65974    49616    17308    20513    30769    45271    44221    49781    34831   106246    22298    40589    44221    49616    34831     3608    78717    27871    26960    35227    10945    51402    32523    44221    26659    65974    36792    45227     7982    44221    53639    18754    49616    35997    14282    41419    22696    63121   104810    71146    17181    99024   104810    65974    63121    32446    49781    53639    15779    41307    41307    28918    94316    37415    59503    22116    32446    35016    81490    32129    71146    18754    41571    42655    34831    49815    21769    17254 
   49826    44248    48751    31096    13409    13409        0    24482    30056    37754    28648    34631    42774    52000    34631    86275    30773    31957    25697    27010    23630    88708    21944    65968    23115    23082    22938    48473     4431    30773    73245    13130    21490    21813    69920    13409    69920    11817    72839    17921    16022    37819    13169     9057    20752    15171    24482    12805    34518    86275    17921    68740    52000    21944    34518    53633    10436    69920    46826    67382    35773    11443    26486    44248    47863    40493    42793    22082    93496    24482    42774    40493    35773    22082    16022    65968    30056    14210    37819    13130    38653    41153    40493    52769    67382    51047    59625     5526    40493    74943    27010    35773    50251    17921    44011    25697    50462    92060    58397     4431    86275    92060    67382    50462    34631    42793    74943    27323    28648    28648    49692    81567    30541    58375     9276    34631    54155    68740    25360    58397    27010    34802    45247    22082    52000    34183    19439 
   53705    48423    42518    23481    22298    22298    24482        0    17877    51713    35526    16721    35884    31165    16721    98487    27308    11254    18085    33296    10031    90787     4260    80455    11873    17960    27449    52648    18890    27308    67011    11352     7520     7884    80615    22298    80615    23344    87326    22622    25869    13492     8531    20796    27870    18081        0    17342    23283    98487    22622    82479    31165     4260    23283    44313     7336    80615    28919    31809    20462     6387    31187    48423    40660    67913    22670    36569    81386        0    35884    67913    20462    36569    25869    80455    17877    28697    13492    11352    53140    51504    67913    55404    31809    54925    62882    18947    67913    70922    33296    20462    53299    22622    36808    18085    64569    83538    69825    18890    98487    83538    31809    64569    16721    22670    70922    37126    35526    35526    53570    93666    16679    76581    23564    16721    47922    82479    10704    69825    33296    20940    38044    36569    31165    43939    12168 
   57867    53996    19708     5754    27871    27871    30056    17877        0    30959    54401     6358     9242    19390     6358   111657    12527    11739     5514    19153    29456   106928    26701    91350    31092     7070    13457    58221    29785    12527    49530    19308    14105    28752    95302    27871    95302    28917    98222    11270    31084    17601    27819    26369    23948    14520    17877    16831    42572   111657    11270    94123    19390    26701    42572    25856    19082    95302    20428    40292    43684    24742    17044    53996    22926    73486    30502    47465    97761    17877     9242    73486    43684    47465    31084    91350        0    39593    17601    19308    64035    37362    73486    60809    40292    59087    68455    24154    73486    75934    19153    43684    58292    11270    13108     5514    76215   117443    83779    29785   111657   117443    40292    76215     6358    30502    75934    42699    54401    54401    57733   106949    37284    81798    35209     6358    26126    94123    32298    83779    19153    49015    17813    47465    19390    49074    10223 
   30065    41853    11062    25206    29512    29512    37754    51713    30959        0    99271    34658    22035    30992    34658   127158    15729    51120    24270    15916    58702   165356    55513   108493    60338    40451    15335    46077    41272    15729    14095    30938    48720    57998   109092    29512   109092    32494   113722    21482    27936    56983    57423    34067    22305    24647    51713    24948    81310   127158    21482   109623    30992    55513    81310    15249    36305   109092    33857    86487    70905    54005    11957    41853    25298    61343    57883    90439   134379    51713    22035    61343    70905    90439    27936   108493    30959    51051    56983    30938    99232    16405    61343    27416    86487    34170    56311    32073    61343    64129    15916    70905    46487    21482    23882    24270    92499   132943   125272    41272   127158   132943    86487    92499    34658    57883    64129    27612    99271    99271    45928   122450    66726    69993    46117    34658     5918   109623    61544   125272    15916    76236    24170    90439    30992    26262    46390 
   67965    66489    73097    55441    41307    41307    28648    35526    54401    99271        0    51137    67119    76345    51137    61368    58924    45544    50042    59666    29034    72256    35808    55483    32414    48977    53784    71547    25081    58924    90479    41823    36457    34570    59435    41307    59435    33549    48149    48958    43920    48922    28090    36956    48651    44986    35526    40704    44138    61368    48958    44541    76345    35808    44138    77978    32064    59435    63332    61736    47669    30620    54859    66489    72697    36576    54858    10279    51596    35526    67119    36576    47669    10279    43920    55483    54401    13110    48922    41823    25837    94939    36576    69364    61736    73052    81631    33425    36576    64458    59666    47669    72257    48958    68226    50042    42328    53513    35256    25081    61368    53513    61736    42328    51137    54858    64458    69328        0        0    67002    56660    42437    47890    21153    51137    99922    44541    35204    35256    59666    46963    70081    10279    76345    68350    43784 
   65437    60559    23613     9572    32446    32446    34631    16721     6358    34658    51137        0    13074    19297        0   146533    16432    10090    11872    23058    29144   129422    18955    93828    31034     9916    17586    64783    32263    16432    54045    21501    14885    28313    94320    32446    94320    33492   133097    17628    36017    15953    27644    30944    32307    20843    16721    27491    43201   146533    17628   128192    19297    18955    43201    27258    20117    94320    17050    36105    35273    21808    20949    60559    24477    80049    26315    49942    96997    16721    13074    80049    35273    49942    36017    93828     6358    42070    15953    21501    66512    41214    80049    68379    36105    66657    75017    29095    80049    83057    23058    35273    65435    17628    15905    11872   111205   152318    85218    32263   146533   152318    36105   111205        0    26315    83057    49261    51137    51137    65303   139380    23535    88716    37269        0    30874   128192    22249    85218    23058    41595    17687    49942    19297    56075    13103 
   67373    62725    10305     3488    40589    40589    42774    35884     9242    22035    67119    13074        0    18279    13074   148469     7097    35025    10043    16366    42873   149225    39419   129804    44509    15718    11721    66949    43202     7097    40595    32725    32891    42169   104978    40589   104978    41635   135033    15799    44501    40888    40537    39087    26532    19156    35884    35633    61230   148469    15799   130934    18279    39419    61230    14635    31800   104978    21141    69929    55076    37460    12357    62725    14002    82214    36332    60881   155690    35884        0    82214    55076    60881    44501   129804     9242    53009    40888    32725    77452    45055    82214    70315    69929    68593    77183    37570    82214    85440    16366    55076    67798    15799     4680    10043   113371   154254    97196    43202   148469   154254    69929   113371    13074    36332    85440    51427    67119    67119    67239   141545    50002    90882    47927    13074    17425   130934    45715    97196    16366    60406    11386    60881    18279    58241    15804 
   76426    71950    20946    16651    49815    49815    52000    31165    19390    30992    76345    19297    18279        0    19297   157522    24300    24203    23205    30446    43843   113862    33977   138857    45478    33582    24776    76175    52255    24300    49649    41778    29329    43139   139455    49815   139455    50861   144086    28962    53554    30066    49763    48313    39695    44642    31165    44859    42805   157522    28962   139987        0    33977    42805    20100    34559   139455     4907    38653    37215    36250    31861    71950    14046    91440    28862    69934   111458    31165    18279    91440    37215    69934    53554   138857    19390    62063    30066    41778    86505    54108    91440    79368    38653    77646    86409    46623    91440    94493    30446    37215    76851    28962    14154    23205   122597   163307    99663    52255   157522   163307    38653   122597    19297    28862    94493    60653    76345    76345    76292   150771    38634   100108    57153    19297    26350   139987    36526    99663    30446    41201     7527    69934        0    67467    39614 
   65437    60559    23613     9572    32446    32446    34631    16721     6358    34658    51137        0    13074    19297        0   146533    16432    10090    11872    23058    29144   129422    18955    93828    31034     9916    17586    64783    32263    16432    54045    21501    14885    28313    94320    32446    94320    33492   133097    17628    36017    15953    27644    30944    32307    20843    16721    27491    43201   146533    17628   128192    19297    18955    43201    27258    20117    94320    17050    36105    35273    21808    20949    60559    24477    80049    26315    49942    96997    16721    13074    80049    35273    49942    36017    93828     6358    42070    15953    21501    66512    41214    80049    68379    36105    66657    75017    29095    80049    83057    23058    35273    65435    17628    15905    11872   111205   152318    85218    32263   146533   152318    36105   111205        0    26315    83057    49261    51137    51137    65303   139380    23535    88716    37269        0    30874   128192    22249    85218    23058    41595    17687    49942    19297    56075    13103 
   94189    91434   131951   112672    99024    99024    86275    98487   111657   127158    61368   146533   148469   157522   146533        0   128703   108553   107275   120868   105733    77246   104380    22051   103184   107150   108274    99096    80813   128703   116703   100684    97512   104068    32019    99024    32019    97343    26355   103447   101503   114415    95272    94564   111795   100507    98487    98167   118151        0   103447    19241   157522   104380   118151   137907    93846    32019   158730   178360   160195    93700   127399    91434   153245    65715   125229    64472    46225    98487   148469    65715   160195    64472   101503    22051   111657    73199   114415   100684    35536   122794    65715    95587   178360    99276    86894    91033    65715    74992   120868   160195    95501   103447   149393   107275    49489    34923    37162    80813        0    34923   178360    49489   146533   125229    74992    97676    61368    61368    93225     9314   112863    58412    78847   146533   126146    19241   108326    37162   120868   117124   150629    64472   157522    95806    99516 
   38649    45061    10319     7169    24646    24646    30773    27308    12527    15729    58924    16432     7097    24300    16432   128703        0    29489     9631     9286    33843   114153    31224    96043    35874    15713     7836    49286    33847        0    25111    21449    22959    33012    96784    24646    96784    27641   116838    12459    24453    35352    32343    27087    21313    17512    27308    19493    47095   128703    12459   112695    24300    31224    47095    18417    23606    96784    28115    64393    48129    29266     5277    45061    20023    64551    39999    51895   137477    27308     7097    64551    48129    51895    24453    96043    12527    44536    35352    21449    68480    27443    64551    38514    64393    50344    59520    25238    64551    67560     9286    48129    49938    12459    10701     9631    80738   136058    88224    33847   128703   136058    64393    80738    16432    39999    67560    32475    58924    58924    49035   123882    41807    73219    39733    16432    13846   112695    37270    88224     9286    46068    17407    51895    24300    34909    15624 
   62360    58262    41003    17803    29365    29365    31957    11254    11739    51120    45544    10090    35025    24203    10090   108553    29489        0    20607    34709    26322    94453    10142    88245    16120    13863    28827    62075    26681    29489    65496    21594     9737    12937    92198    29365    92198    30927    95117    28431    33371     5863    19789    28293    48102    24459    11254    23954    23475   108553    28431    91018    24203    10142    23475    45884    14173    92198    21956    24741    17805    16152    32025    58262    40012    79923    15040    44360    91432    11254    35025    79923    17805    44360    33371    88245    11739    36488     5863    21594    60930    69956    79923    65302    24741    63580    72159    26440    79923    80427    34709    17805    62785    28431    36132    20607    72887    93349    79636    26681   108553    93349    24741    72887    10090    15040    80427    46752    45544    45544    62226   103844    13532    86291    31554    10090    46407    91018    12305    79636    34709    17792    37355    44360    24203    53568    16114 
   53485    49638    20269     6555    22696    22696    25697    18085     5514    24270    50042    11872    10043    23205    11872   107275     9631    20607        0    14850    25074   102546    22342    86968    26710     6831     8969    53863    25403     9631    55713    14926    15092    24370    90920    22696    90920    24559    93839     7140    26702    26470    23795    22011    20116    10389    18085    17285    49707   107275     7140    89741    23205    22342    49707    36101    14724    90920    25942    54884    39302    20377    12673    49638    30099    69128    35647    43082    93379    18085    10043    69128    39302    43082    26702    86968     5514    35211    26470    14926    59653    33064    69128    56427    54884    54705    64097    19771    69128    71551    14850    39302    53910     7140    13642        0    71857   113061    79397    25403   107275   113061    54884    71857    11872    35647    71551    38341    50042    50042    53350   102567    33098    77416    30277    11872    26687    89741    27916    79397    14850    44632    27482    43082    23205    44692     6786 
   32961    35830    17383    13790    18754    18754    27010    33296    19153    15916    59666    23058    16366    30446    23058   120868     9286    34709    14850        0    40285   110507    36606   102204    41921    20932     5847    40054    32278     9286    23336    21943    30303    39581   102802    18754   102802    21750   107432    12231    21737    40571    37725    23323    16100    15159    33296    14204    52477   120868    12231   103333    30446    36606    52477    24672    27053   102802    34724    69613    53280    34648     5156    35830    29278    55320    46620    49928   128089    33296    16366    55320    53280    49928    21737   102204    19153    42056    40571    21943    66499    19301    55320    30312    69613    37066    50288    23078    55320    57839        0    53280    40197    12231    19956    14850    86476   126653   118982    32278   120868   126653    69613    86476    23058    46620    57839    23243    59666    59666    39638   116160    47190    63703    40474    23058    16818   103333    43127   118982        0    58611    26662    49928    30446    29158    22028 
   60239    55413    48015    30470    29287    29287    23630    10031    29456    58702    29034    29144    42873    43843    29144   105733    33843    26322    25074    40285        0    85472    10295    85426     6919    24949    34438    59637    22966    33843    72508    18342    16002     9075    85827    29287    85827    30333    92297    29612    33457    23427    10034    27785    34859    24545    10031    24331    18877   105733    29612    88198    43843    10295    18877    51303    12626    85827    41339    36374    22174     9264    38176    55413    47649    74902    29363    37385    74868    10031    42873    74902    22174    37385    33457    85426    29456    33668    23427    18342    49766    58960    74902    63181    36374    61459    69871    25936    74902    78306    40285    22174    60664    29612    43797    25074    69781    76785    63072    22966   105733    76785    36374    69781    29144    29363    78306    44115    29034    29034    60105    98878    16997    77988    28776    29144    53419    88198     9709    63072    40285    21439    45033    37385    43843    50929    18702 
  133984   129632   128325   107942    99491    99491    88708    90787   106928   165356    72256   129422   149225   113862   129422    77246   114153    94453   102546   110507    85472        0    93669    81427    87229    97324   104660   137295    87805   114153   156498    95813    91521    90338    91451    99491    91451    99444    54581    99833   101970    89690    83146    96897   106721    96253    90787   101803    75035    77246    99833    64825   113862    93669    75035   157655    86944    91451   108955    95957    76881    85746   108398   129632   154001   111981    88304    80363    34642    90787   149225   111981    76881    80363   101970    81427   106928    82655    89690    95813    64078   160992   111981   135328    95957   139071   143282    94216   111981   132003   110507    76881   133699    99833   150149   102546   107216    38370    47627    87805    77246    38370    95957   107216   129422    88304   132003   135874    72256    72256   133021    72425    85704   115423    92022   129422   166119    64825    86034    47627   110507    76152   151385    80363   113862   134004    99012 
   57621    52258    45397    27741    26832    26832    21944     4260    26701    55513    35808    18955    39419    33977    18955   104380    31224    10142    22342    36606    10295    93669        0    84073     7487    17627    30725    56483    22509    31224    69890    19062    11779     4303    88025    26832    88025    28395    90945    26457    30838    11230    12582    25760    32369    21926     4260    21421    18890   104380    26457    86846    33977        0    18890    50278    11152    88025    31730    29447    17473    11979    35022    52258    44495    71748    20407    40188    81678     4260    39419    71748    17473    40188    30838    84073    26701    32316    11230    19062    56758    56342    71748    60563    29447    58841    67419    23908    71748    75688    36606    17473    58046    26457    40526    22342    68404    83595    69882    22509   104380    83595    29447    68404    18955    20407    75688    42013    35808    35808    57487    99672    12241    81552    27382    18955    50800    86846     7715    69882    36606    16501    41879    40188    33977    48828    16084 
   77042    72769   114805    92364    78717    78717    65968    80455    91350   108493    55483    93828   129804   138857    93828    22051    96043    88245    86968   102204    85426    81427    84073        0    84571    86843    87967    63955    62200    96043    99556    80377    79168    83761    10613    78717    10613    77036    29776    83140    81196    94108    74965    74257    93130    80199    80455    77860    97844    22051    83140    16842   138857    84073    97844   119243    73539    10613   106025   159695    97481    73393    91705    72769   134580    44309   104922    45859    50405    80455   129804    44309    97481    45859    81196        0    91350    54690    94108    80377    33126   104130    44309    78465   159695    81490    65488    70726    44309    53585   102204    97481    59485    83140   130728    86968    28082    48987    41326    62200    22051    48987   159695    28082    93828   104922    53585    79011    55483    55483    59957    13422    92556    37005    58540    93828   109257    16842    88019    41326   102204    96817   131964    45859   138857    77141    80903 
   62271    57048    50047    32106    30923    30923    23115    11873    31092    60338    32414    31034    44509    45478    31034   103184    35874    16120    26710    41921     6919    87229     7487    84571        0    26585    36074    61273    25058    35874    74540    19978    17160     4155    85311    30923    85311    31969    93494    31247    34494    17208    12717    29421    36495    26706    11873    25967    13303   103184    31247    87175    45478     7487    13303    52939    14262    85311    43232    31116    16960    11947    39812    57048    49285    76538    24105    40766    78275    11873    44509    76538    16960    40766    34494    84571    31092    33063    17208    19978    53201    60129    76538    64029    31116    62331    71507    27572    76538    79547    41921    16960    61925    31247    45433    26710    69266    80161    66506    25058   103184    80161    31116    69266    31034    24105    79547    45751    32414    32414    62137    98363    11177    85206    28260    31034    55784    87175     5753    66506    41921    15866    46669    40766    45478    52564    20734 
   51278    48572    30334    12230    20490    20490    23082    17960     7070    40451    48977     9916    15718    33582     9916   107150    15713    13863     6831    20932    24949    97324    17627    86843    26585        0    15051    52797    25278    15713    54827    12719     6674    24245    90795    20490    90795    23493    93714    13166    24496    19726    23670    19418    26026    11380    17960    15079    48821   107150    13166    89616    33582    17627    48821    35215    10322    90795    28011    53998    38416    12877    18699    48572    29743    68062    32626    42957    88158    17960    15718    68062    38416    42957    24496    86843     7070    35086    19726    12719    59528    59287    68062    54220    53998    52498    61077    17565    68062    69345    20932    38416    51703    13166    25463     6831    70791   112936    79272    25278   107150   112936    53998    70791     9916    32626    69345    35670    48977    48977    51144   102442    32973    75209    30152     9916    35738    89616    27791    79272    20932    43747    27127    42957    33582    42486     4602 
   37754    46894    15932     8099    18429    18429    22938    27449    13457    15335    53784    17586    11721    24776    17586   108274     7836    28827     8969     5847    34438   104660    30725    87967    36074    15051        0    51118    26430     7836    28129    16096    24456    33734    91644    18429    91644    21424    94838     6350    18369    34690    31843    19251    15096     9312    27449    11658    46596   108274     6350    90739    24776    30725    46596    23221    21172    91644    29252    63731    47433    28767     3738    46894    25271    66384    40929    44081   115495    27449    11721    66384    47433    44081    18369    87967    13457    36209    34690    16096    60651    24095    66384    35106    63731    53148    61352    17231    66384    69995     5847    47433    52353     6350    15189     8969    75598   114059    80396    26430   108274   114059    63731    75598    17586    40929    69995    28002    53784    53784    51794   104695    41308    75051    34593    17586    15367    90739    37280    80396     5847    52763    22655    44081    24776    30436    16181 
    8680     5787    52534    59262    34993    34993    48473    52648    58221    46077    71547    64783    66949    76175    64783    99096    49286    62075    53863    40054    59637   137295    56483    63955    61273    52797    51118        0    52156    49286    37286    41295    49655    58933    57708    34993    57708    37597    85660    46292    32403    67938    58358    44809    30050    43351    52648    40986    72676    99096    46292    81562    76175    56483    72676    56722    50027    57708    76978    96360    80778    54940    46018     5787    71864    24343    77115    62378   106318    52648    66949    24343    80778    62378    32403    63955    58221    71105    67938    41295    71171    26973    24343    11623    96360     6649    11867    42956    24343    21733    40054    80778     5943    46292    68056    53863    37997   104882    97211    52156    99096   104882    96360    37997    64783    77115    21733    16650    71547    71547    13778    94388    67661    28304    74791    64783    46729    81562    62479    97211    40054    86108    69248    62378    76175    15672    47604 
   75205    71056    48983    30800    17181    17181     4431    18890    29785    41272    25081    32263    43202    52255    32263    80813    33847    26681    25403    32278    22966    87805    22509    62200    25058    25278    26430    52156        0    33847    97915    18812    17603    22196    62941    17181    62941    15500    68948    21604    19659    32543    12505    12721    24411    18663    18890    16324    36279    80813    21604    64805    52255    22509    36279    51632    11974    62941    44460    50369    36209    11828    30169    71056    47978    36927    43357    18052    89587    18890    43202    36927    36209    18052    19659    62200    29785    10693    32543    18812    35407    51012    36927    54911    50369    53214    62389     9190    36927    55846    32278    36209    52807    21604    44126    25403    46895    88168    55151        0    80813    88168    50369    46895    32263    43357    55846    31006    25081    25081    41724    75992    30991    55102     5890    32263    41888    64805    26454    55151    32278    35252    45362    18052    52255    37819    19283 
   38649    45061    10319     7169    24646    24646    30773    27308    12527    15729    58924    16432     7097    24300    16432   128703        0    29489     9631     9286    33843   114153    31224    96043    35874    15713     7836    49286    33847        0    25111    21449    22959    33012    96784    24646    96784    27641   116838    12459    24453    35352    32343    27087    21313    17512    27308    19493    47095   128703    12459   112695    24300    31224    47095    18417    23606    96784    28115    64393    48129    29266     5277    45061    20023    64551    39999    51895   137477    27308     7097    64551    48129    51895    24453    96043    12527    44536    35352    21449    68480    27443    64551    38514    64393    50344    59520    25238    64551    67560     9286    48129    49938    12459    10701     9631    80738   136058    88224    33847   128703   136058    64393    80738    16432    39999    67560    32475    58924    58924    49035   123882    41807    73219    39733    16432    13846   112695    37270    88224     9286    46068    17407    51895    24300    34909    15624 
   25741    33061    20583    43776    36558    36558    73245    67011    49530    14095    90479    54045    40595    49649    54045   116703    25111    65496    55713    23336    72508   156498    69890    99556    74540    54827    28129    37286    97915    25111        0    60115    61624    71678   103498    36558   103498    40052   104837    32518    34792    71359    71008    69558    29733    35968    67011    32382    91701   116703    32518   100694    49649    69890    91701    24845    62271   103498    52514   100400    84836    67931    21509    33061    44913    52551    80536    81575   125477    67011    40595    52551    84836    81575    34792    99556    49530    89686    71359    60115    90367     4501    52551    22196   100400    38344    47519    67709    52551    55559    23336    84836    37937    32518    41520    55713    83707   124058   116407    97915   116703   124058   100400    83707    54045    80536    55559    39303    90479    90479    37035   111882    80473    61218    93536    54045    14859   100694    75935   116407    23336    90095    42755    81575    49649    22747    57247 
   48192    37071    35621    20322    10945    10945    13130    11352    19308    30938    41823    21501    32725    41778    21501   100684    21449    21594    14926    21943    18342    95813    19062    80377    19978    12719    16096    41295    18812    21449    60115        0     8360    17638    79682    10945    79682    11991    87248    11270    21409    27457    20180     9443    16517    10767    11352     5990    34933   100684    11270    83150    41778    19062    34933    41154     9210    79682    33696    58204    38671    17104    19834    37071    37501    56561    42011    36491    86647    11352    32725    56561    38671    36491    21409    80377    19308    28620    27457        0    53062    64574    56561    51134    58204    49412    51529    14478    56561    66258    21943    38671    48616    11270    33649    14926    63637   106470    72806    18812   100684   106470    58204    63637    21501    42011    66258    25773    41823    41823    48057    92734    29645    65228    22631    21501    41025    83150    21184    72806    21943    30626    34885    36491    41778    32587     6309 
   49355    45430    37131    20488    19305    19305    21490     7520    14105    48720    36457    14885    32891    29329    14885    97512    22959     9737    15092    30303    16002    91521    11779    79168    17160     6674    24456    49655    17603    22959    61624     8360        0    15172    79640    19305    79640    20351    86039    19629    22876    15600    14502    17803    24877    15088     7520    14349    29255    97512    19629    81504    29329    11779    29255    41321     5443    79640    27082    48418    32619     7129    28194    45430    37667    64920    24777    35282    82318     7520    32891    64920    32619    35282    22876    79168    14105    27411    15600     8360    51853    48511    64920    52411    48418    50576    59889    15954    64920    67929    30303    32619    50307    19629    33815    15092    63595    84272    70559    17603    97512    84272    48418    63595    14885    24777    67929    34133    36457    36457    49221    92692    23967    73588    22589    14885    42535    81504    19430    70559    30303    28228    35051    35282    29329    40946     6451 
   59409    54709    47185    29766    28583    28583    21813     7884    28752    57998    34570    28313    42169    43139    28313   104068    33012    12937    24370    39581     9075    90338     4303    83761     4155    24245    33734    58933    22196    33012    71678    17638    15172        0    84262    28583    84262    29629    90632    28907    32154    14024    11336    27081    34155    23714     7884    23627    15793   104068    28907    86533    43139     4303    15793    50599    11922    84262    40508    29960    15813    10266    37472    54709    46945    74198    22948    39875    80430     7884    42169    74198    15813    39875    32154    83761    28752    32003    14024    17638    55356    58130    74198    62351    29960    60629    69167    25232    74198    77207    39581    15813    59834    28907    43093    24370    68217    82375    68662    22196   104068    82375    29960    68217    28313    22948    77207    43411    34570    34570    59275    97314    10582    82866    27211    28313    52588    86533     6045    68662    39581    14843    44329    39875    43139    50225    17872 
