dep69 0 0 60
**************************************DATA
10 152 480 8 1.33
**************************************DISTANCE
       0    38541    30752    27129    27129    48947    55455    20620    16214    10938    43459    39091    21617    20470    56494    17180    19107    26890    48947    27536    25764     9971    65993    33265    63088    28024    29275    40552    21617    10933    10136    52805    13502     4750    20723    36964    18155    27785    18652    36585    24951    25764    37594     8002    43978    56556    27536    48765    28032    29410     9971    36964     4750    36588    63088    15834    36051    44120     5806    18272    13710    30099    23504    34026    24951    57203    27536    26831    48348    43459     4621    13437    48947    39546    10117    76487    34026     9971    28483    10933    10938    35060    29410    37796    60040    36585    75073    22681    36051    65993    76487    52805    34635    18155    65993    54194    56494    17850    53237    71905    17850    27536    10938    28024    25183    65993    77950    60040    77950    36051    22701    18155    19486    48259    10876    16214    44374    57203    10933    39546    18652    39546    50790    18155    56494    36588    15549    35060    63400    15259     8002    33265     8088    27626    28483    53237    37594    25183    82350    57203    53237    15834    10648    63088    52503    76487    71905    54194    32043    63400    39702    48947    36585 
   38541        0    49457    19001    19001    17414    24885    50388    24927    41230    12567    21064    57012    34041    40719    26387    37582    30488    17414    23746    18206    32224    32585    17469    34063    59412    16005    16539    57012    30985    35848    22645    39808    35543    49233     7048    22158    28885    53021    42576    34091    18206    13786    35535    13115    22840    23746    17902    14579    53363    32224     7048    35543     2543    34063    43480    24974     6261    33367    28924    46836    20881    30641    13330    34091    33259    23746    43675    49277    12567    36708    28135    17414     9979    37912    45624    13330    32224    58265    30985    41230    64842    53363    18983    28978    42576    44012    45747    24974    32585    45624    22645     4891    22158    32585    23132    40719    28380    34550    38740    28380    23746    41230    59412    20176    32585    46889    28978    46889    24974    39545    22158    49254    24316    41771    24927    14176    33259    30985     9979    53021     9979    34152    22158    40719     2543    45317    64842    32338    40849    35535    17469    39429    46555    58265    34550    13786    20176    51935    33259    34550    43480    44426    34063    14204    45624    38740    23132    60789    32338    21335    17414    42576 
   30752    49457        0    39020    39020    45067    66137    46543    32700    42991    54235    52345    13726    17506    83108    35339    23911    29438    45067    39374    50884    37679    75437    48283    74341    12226    41303    52459    13726    29100    26941    63934    44945    36714    10429    58136    29505    31184    48768    33625    18612    50884    48727    39841    68711    65692    39374    73418    40724    55295    37679    58136    36714    61321    74341    20685    47303    69566    30281    37877    16718    34266    51875    44832    18612    70016    39374    46455    72946    54235    32707    33016    45067    49063    40692   110308    44832    37679    56683    29100    42991    60632    55295    50707    75918    33625    84548    48830    47303    75437   110308    63934    59368    29505    75437    70072    83108    46220    70470    81592    46220    39374    42991    12226    36435    75437    93829    75918    93829    47303    42325    29505    46578    73380    23016    32700    54906    70016    29100    49063    48768    49063    75388    29505    83108    61321    41301    60632    79278    43629    39841    48283    37956     7656    56683    70470    48727    36435   109283    70016    70470    20685    16246    74341    61014   110308    81592    70072    12562    79278    41511    45067    33625 
   27129    19001    39020        0        0    39948    30406    39951    14490    30792    22292    13454    33668    23603    41022    10944    23347    19464    39948     2906     3449    21787    50884    21443    38399    36068    13401    16453    33668    20663    24437    26021    20940    24132    29130    19921    11720    17861    41610    29069    23176     3449    10708    25098    24384    41139     2906    29171    12788    29927    21787    19921    24132    20876    38399    32068    10417    27078    22929    12498    35425    16475    16581     8565    23176    33104     2906    17751    35058    22292    25297    17581    39948    22401    16673    56893     8565    21787    47827    20663    30792    54404    29927    19295    45080    29069    60114    20743    10417    50884    56893    26021    13876    11720    50884    39234    41022    13524    32213    57040    13524     2906    30792    36068     3509    50884    62991    45080    62991    10417    15737    11720    38817    22164    31333    14490    19718    33104    20663    22401    41610    22401    33941    11720    41022    20876    34879    54404    48440    19714    25098    21443    28018    41409    47827    32213    10708     3509    61661    33104    32213    32068    33014    38399    37543    56893    57040    39234    39233    48440    30703    39948    29069 
   27129    19001    39020        0        0    39948    30406    39951    14490    30792    22292    13454    33668    23603    41022    10944    23347    19464    39948     2906     3449    21787    50884    21443    38399    36068    13401    16453    33668    20663    24437    26021    20940    24132    29130    19921    11720    17861    41610    29069    23176     3449    10708    25098    24384    41139     2906    29171    12788    29927    21787    19921    24132    20876    38399    32068    10417    27078    22929    12498    35425    16475    16581     8565    23176    33104     2906    17751    35058    22292    25297    17581    39948    22401    16673    56893     8565    21787    47827    20663    30792    54404    29927    19295    45080    29069    60114    20743    10417    50884    56893    26021    13876    11720    50884    39234    41022    13524    32213    57040    13524     2906    30792    36068     3509    50884    62991    45080    62991    10417    15737    11720    38817    22164    31333    14490    19718    33104    20663    22401    41610    22401    33941    11720    41022    20876    34879    54404    48440    19714    25098    21443    28018    41409    47827    32213    10708     3509    61661    33104    32213    32068    33014    38399    37543    56893    57040    39234    39233    48440    30703    39948    29069 
   48947    17414    45067    39948    39948        0    43064    60263    36213    50253    24014    31856    35016    33971    52044    37584    31486    23878        0    40917    39145    45302    35811     6745    52242    31840    14087    27987    35016    36723    34564    34092    50364    44337    37645     9852    31585    27134    61814    13080    26746    39145    24121    48168    34925    26066    40917    33792    13289    68331    45302     9852    44337    15201    52242    35716    33764    17739    40318    40121    43457    10157    59497    19845    26746    45820    40917    54078    77974    24014    45502    40638        0     6768    48314    65099    19845    45302    68140    36723    50253    74717    68331     8618    30709    13080    45743    61865    33764    35811    65099    34092    15933    31585    35811    24863    52044    53843    45998    41966    53843    40917    50253    31840    37386    35811    48620    30709    48620    33764    49948    31585    59613    36477    41211    36213    25064    45820    36723     6768    61814     6768    45599    31585    52044    15201    54337    74717    34069    51252    48168     6745    48222    40645    68140    45998    24121    37386    69657    45820    45998    35716    41047    52242    21388    65099    41966    24863    37416    34069     9149        0    13080 
   55455    24885    66137    30406    30406    43064        0    67068    41608    57910    11279    21824    72639    50721    28475    42573    54262    45652    43064    32424    27886    48904    47374    36387     8644    75039    35088    17299    72639    47899    52762     5365    56488    52457    66147    27527    38838    44050    69935    56658    50771    27886    20575    52215    12917    33990    32424    10754    33215    50965    48904    27527    52457    22651     8644    60393    33305    23061    50047    45838    63750    42243    41085    23025    50771    12948    32424    44012    43341    11279    53622    44699    43064    30599    54825    21886    23025    48904    74945    47899    57910    81522    50965    37806    42136    56658    56515    63003    33305    47374    21886     5365    22031    38838    47374    29245    28475    39786    22187    53530    39786    32424    57910    75039    30394    47374    48807    42136    48807    33305    55537    38838    65934    21637    58451    41608    13564    12948    47899    30599    69935    30599    27785    38838    28475    22651    61997    81522    44842    57763    52215    36387    56343    61719    74945    22187    20575    30394    36804    12948    22187    60393    61340     8644    25002    21886    53530    29245    76416    44842    56051    43064    56658 
   20620    50388    46543    39951    39951    60263    67068        0    29130    12118    55166    53276    37669    36261    47206    27541    31351    37164    60263    39781    38008    21575    77933    47537    75272    44713    40897    53390    37669    24701    26774    64865    14071    17235    37044    49208    31145    37697    17220    48821    40742    38008    49658    19289    56222    68188    39781    60570    39887    15430    21575    49208    17235    48833    75272    31290    32100    56365    22914    30078    30319    42544    26413    45763    40742    54260    39781    16485    33081    55166    14226    25217    60263    51516    17993    88731    45763    21575    13479    24701    12118    14994    15430    50041    72284    48821    87044    12507    32100    77933    88731    64865    46879    31145    77933    66438    47206    21065    43732    84088    21065    39781    12118    44713    37366    77933    90195    72284    90195    32100    18748    31145     7891    60504    27408    29130    55837    54260    24701    51516    17220    51516    39486    31145    47206    48833     5557    14994    75644    15212    19289    47537    13471    44322    13479    43732    49658    37366    94534    54260    43732    31290    28618    75272    63511    88731    84088    66438    56875    75644    50334    60263    48821 
   16214    24927    32700    14490    14490    36213    41608    29130        0    19972    29705    27816    23705    17284    49144     3129    12095    21122    36213    11429    10245     8043    52472    19740    49811    30111    15437    27929    23705     8659    13522    39404    17634    13217    26907    22603     5684    21654    30694    32779    18353    10245    24198    10410    29617    42727    11429    35109    14426    31037     8043    22603    13217    22228    49811    21153    19077    29760    12108     5666    24510    16575    19803    20302    18353    45487    11429    21348    38280    29705    14382     5120    36213    26055    15585    62126    20302     8043    37006     8659    19972    43584    31037    23436    45679    32779    60713    23420    19077    52472    62126    39404    20274     5684    52472    39833    49144    21113    45940    58628    21113    11429    19972    30111    11905    52472    63590    45679    63590    19077    17218     5684    28494    32741    17393        0    30013    45487     8659    26055    30694    26055    45542     5684    49144    22228    24058    43584    49039    18523    10410    19740    17103    34185    37006    45940    24198    11905    69073    45487    45940    21153    22099    49811    38142    62126    58628    39833    34131    49039    26969    36213    32779 
   10938    41230    42991    30792    30792    50253    57910    12118    19972        0    46007    31816    33856    32709    45766    18382    22026    28006    50253    20759    28683     9629    68775    36183    66114    40789    31739    44232    33856    15543    17616    55707     4657     7941    33120    39883    21987    28539    15188    39663    28283    28683    40500     5699    46897    59030    20759    51412    30728    19630     9629    39883     7941    39507    66114    27366    24712    47039    11955    13834    26395    33018    19332    36605    28283    52819    20759    12680    37281    46007     9062    16059    50253    42358     6733    79406    36605     9629    22892    15543        0    23051    19630    40715    62959    39663    77992    13165    24712    68775    79406    55707    37554    21987    68775    57113    45766    13677    42292    74930    13677    20759        0    40789    28208    68775    80869    62959    80869    24712     9783    21987    10816    38889    23484    19972    46679    52819    15543    42358    15188    42358    38045    21987    45766    39507     5688    23051    66319     7271     5699    36183     9847    40398    22892    42292    40500    28208    85376    52819    42292    27366    24693    66114    55422    79406    74930    57113    52951    66319    41009    50253    39663 
   43459    12567    54235    22292    22292    24014    11279    55166    29705    46007        0    12834    49360    38818    31601    30670    42360    35406    24014    24520    18889    37002    53307    24069    19039    51760    23972     7491    49360    35878    40766     9992    44585    40461    44345    15209    26935    33803    57939    45011    38868    18889    11656    40313     5351    29552    24520     9052    22112    51196    37002    15209    40461    10333    19039    48398    24315    18789    38144    33619    51754    27481    32095    14013    38868    22019    24520    35656    41047        0    41626    32796    24014    17791    42830    32178    14013    37002    63042    35878    46007    69619    51196    25583    29419    45011    52243    51101    24315    53307    32178     9992     9713    26935    53307    24973    31601    31430    26320    59462    31430    24520    46007    51760    20930    53307    47105    29419    47105    24315    43634    26935    54032    15198    46548    29705     5059    22019    35878    17791    57939    17791    25922    26935    31601    10333    50094    69619    40569    45767    40313    24069    44347    57101    63042    26320    11656    20930    43059    22019    26320    48398    49344    19039    20730    32178    59462    24973    54925    40569    27935    24014    45011 
   39091    21064    52345    13454    13454    31856    21824    53276    27816    31816    12834        0    47017    36929    25838    21976    36695    31426    31856    11865    15109    35112    56449    31911    27452    49417    26749     5313    47017    33989    36399    13548    28219    36094    42456    23050    25046    29823    53572    41031    36525    15109     7849    28508    20518    47012    11865    25305    24593    36803    35112    23050    36094    18830    27452    44030    11841    26313    36255    23530    50729    29801    23357    14459    36525    18860    11865    22801    34072    12834    37259    30907    31856    25632    25558    42723    14459    35112    61153    33989    31816    67730    36803    28131    50496    41031    65529    27039    11841    56449    42723    13548    18210    25046    56449    44650    25838    18648    19780    61344    18648    11865    31816    49417    16270    56449    68406    50496    68406    11841    22034    25046    52142     9435    44659    27816     8802    18860    33989    25632    53572    25632    19751    25046    25838    18830    48205    67730    53856    24838    28508    31911    39980    54757    61153    19780     7849    16270    51819    18860    19780    44030    44977    27452    32226    42723    61344    44650    52582    53856    35776    31856    41031 
   21617    57012    13726    33668    33668    35016    72639    37669    23705    33856    49360    47017        0     4728    73974    28148     9854    13879    35016    34355    32583    30488    65386    38614    81817     8143    29463    47130        0    20105    17946    59060    35810    26326     5199    41722    25306    20855    39634    23574    10346    32583    43853    28688    50409    55641    34355    63367    28885    46160    30488    41722    26326    43020    81817     8386    41952    53152    20815    30685    11964    24953    44683    39957    10346    64688    34355    43674    63811    49360    23572    25824    35016    39012    33500    93894    39957    30488    45531    20105    33856    52109    46160    40487    59504    23574    74538    39695    41952    65386    93894    59060    41066    25306    65386    53658    73974    39029    65141    71541    39029    34355    33856     8143    31106    65386    77415    59504    77415    41952    35134    25306    37443    55078    13882    23705    48227    64688    20105    39012    39634    39012    66253    25306    73974    43020    32166    52109    62864    36438    28688    38614    28821     6302    45531    65141    43853    31106    99232    64688    65141     8386    11493    81817    50963    93894    71541    53658    11831    62864    25097    35016    23574 
   20470    34041    17506    23603    23603    33971    50721    36261    17284    32709    38818    36929     4728        0    72826    19923     4932     7674    33971    23958    23768    22263    64341    37187    58925    12910    20904    37043     4728    13684    11525    48518    34663    21298     9167    34580    12517    10260    38486    22529     5323    23768    33311    27240    39014    54596    23958    62322    20326    45013    22263    34580    21298    32015    58925     5224    31887    52041    19999    22460    14980    23170    36458    29416     5323    54600    23958    31039    62664    38818    22463    17599    33971    37967    25275    74103    29416    22263    44083    13684    32709    50350    45013    39611    58393    22529    73452    38547    31887    64341    74103    48518    30038    12517    64341    52548    72826    30804    55053    70496    30804    23958    32709    12910    21019    64341    76304    58393    76304    31887    26909    12517    36296    46263    12734    17284    39490    54600    13684    37967    38486    37967    65106    12517    72826    32015    31019    50350    61754    28213    27240    37187    27674    12520    44083    55053    33311    21019    98187    54600    55053     5224    12570    58925    49918    74103    70496    52548    17046    61754    23986    33971    22529 
   56494    40719    83108    41022    41022    52044    28475    47206    49144    45766    31601    25838    73974    72826        0    49490    57704    56997    52044    39363    39280    44216    79391    52099    36413    68980    49177    24898    73974    51297    56160    30594    42680    53109    72918    43239    49265    55394    55089    66602    60696    39280    32028    42458    40050    69646    39363    37874    47303    31850    44216    43239    53109    38363    36413    67165    34126    45846    53488    42548    66194    53972    25473    38320    60696    16316    39363    35616    20995    31601    50400    47817    52044    46061    40631    49584    38320    44216    63010    51297    45766    59195    31850    52302    60448    66602    82454    34088    34126    79391    49584    30594    37743    49265    79391    61574        0    32374     8075    85546    32374    39363    45766    68980    40472    79391    76608    60448    76608    34126    36151    49265    50717    21558    63282    49144    28422    16316    51297    46061    55089    46061     8606    49265        0    38363    44140    59195    70780    39433    42458    52099    49645    73064    63010     8075    32028    40472    54837    16316     8075    67165    64492    36413    51759    49584    85546    61574    76443    70780    55965    52044    66602 
   17180    26387    35339    10944    10944    37584    42573    27541     3129    18382    30670    21976    28148    19923    49490        0    14735    22088    37584    10343    10613     6838    53438    21111    50777    34555    16402    25231    28148     9624    14487    40370    12505    14182    27872    24810     6001    22620    31660    33745    20992    10613    25440     8588    31824    43693    10343    36611    15391    26518     6838    24810    14182    24435    50777    22118    18229    31967    10519     3993    25475    17946    18956    21872    20992    41089    10343    16830    37433    30670    15347     4309    37584    27021     9078    64333    21872     6838    35417     9624    18382    41994    26518    25643    47886    33745    62920    19020    18229    53438    64333    40370    22481     6001    53438    42040    49490    14011    43242    59593    14011    10343    18382    34555     8501    53438    65797    47886    65797    18229    11554     6001    26407    30845    18923     3129    32220    41089     9624    27021    31660    27021    41753     6001    49490    24435    22469    41994    51246    14004     8588    21111    18068    35150    35417    43242    25440     8501    70039    41089    43242    22118    23065    50777    40349    64333    59593    42040    38574    51246    28340    37584    33745 
   19107    37582    23911    23347    23347    31486    54262    31351    12095    22026    42360    36695     9854     4932    57704    14735        0     8387    31486    23701    22027    17075    61856    21357    62466    19987    19142    36809     9854     8496     6337    52059    22136    16109    10198    36011     6975     8920    33587    20044     6762    22027    36853    17909    42555    52111    23701    47764    18564    40103    17075    36011    16109    35556    62466     6441    31630    48867    10829    17272    15974    16520    31270    32957     6762    54366    23701    25851    49747    42360    17274    12411    31486    35482    20087    71915    32957    17075    39177     8496    22026    45451    40103    20782    55219    20044    70967    33638    31630    61856    71915    52059    33579     6975    61856    49373    57704    25615    54819    68011    25615    23701    22026    19987    20785    61856    73130    55219    73130    31630    21721     6975    31386    44075    13728    12095    43031    54366     8496    35482    33587    35482    49983     6975    57704    35556    26109    45451    58579    23025    17909    21357    19995    19596    39177    54819    36853    20785    81728    54366    54819     6441    13563    62466    47433    71915    68011    49373    31966    58579    21398    31486    20044 
   26890    30488    29438    19464    19464    23878    45652    37164    21122    28006    35406    31426    13879     7674    56997    22088     8387        0    23878    19870    18098    20976    54994    28151    53410    16279    14948    32887    13879    14672    12257    43003    28560    22554    17712    31258    12474     5320    39830    15651     3861    18098    27792    25069    35925    45557    19870    53467    14565    41803    20976    31258    22554    28535    53410    15536    27773    42689    17219    23180    23228    12616    32462    25973     3861    49537    19870    31739    50955    35406    23703    18345    23878    28872    26007    68434    25973    20976    45041    14672    28006    51618    41803    30024    49041    15651    64074    35075    27773    54994    68434    43003    26582    12474    54994    43195    56997    31644    50939    61294    31644    19870    28006    16279    16904    54994    66951    49041    66951    27773    27609    12474    36030    40594    20436    21122    34571    49537    14672    28872    39830    28872    51345    12474    56997    28535    32093    51618    52401    29204    25069    28151    26340    15882    45041    50939    27792    16904    90052    49537    50939    15536    20712    53410    41504    68434    61294    43195    23164    52401    14634    23878    15651 
   48947    17414    45067    39948    39948        0    43064    60263    36213    50253    24014    31856    35016    33971    52044    37584    31486    23878        0    40917    39145    45302    35811     6745    52242    31840    14087    27987    35016    36723    34564    34092    50364    44337    37645     9852    31585    27134    61814    13080    26746    39145    24121    48168    34925    26066    40917    33792    13289    68331    45302     9852    44337    15201    52242    35716    33764    17739    40318    40121    43457    10157    59497    19845    26746    45820    40917    54078    77974    24014    45502    40638        0     6768    48314    65099    19845    45302    68140    36723    50253    74717    68331     8618    30709    13080    45743    61865    33764    35811    65099    34092    15933    31585    35811    24863    52044    53843    45998    41966    53843    40917    50253    31840    37386    35811    48620    30709    48620    33764    49948    31585    59613    36477    41211    36213    25064    45820    36723     6768    61814     6768    45599    31585    52044    15201    54337    74717    34069    51252    48168     6745    48222    40645    68140    45998    24121    37386    69657    45820    45998    35716    41047    52242    21388    65099    41966    24863    37416    34069     9149        0    13080 
   27536    23746    39374     2906     2906    40917    32424    39781    11429    20759    24520    11865    34355    23958    39363    10343    23701    19870    40917        0     6553    23894    51291    21590    40627    31854    13872    15371    34355    19980    24843    24655    17245    24539    38228    22359    12138    18268    42016    29475    23464     6553    12800    16411    25959    41546        0    29925    13245    27575    23894    22359    24539    21984    40627    32475     8119    29516    22005     9804    35832    16597    12952    10874    23464    30564        0    14122    31429    24520    25704    17130    40917    24874    12840    58468    10874    23894    48182    19980    20759    54759    27575    19650    45435    29475    60402    18350     8119    51291    58468    24655    17266    12138    51291    39589    39363     9895    30624    57446     9895        0    20759    31854     4263    51291    63346    45435    63346     8119    13354    12138    39815    21606    28715    11429    19773    30564    19980    24874    42016    24874    31642    12138    39363    21984    34539    54759    48795    16085    16411    21590    28424    35938    48182    30624    12800     4263    63888    30564    30624    32475    33421    40627    36869    58468    57446    39589    39317    48795    31058    40917    29475 
   25764    18206    50884     3449     3449    39145    27886    38008    10245    28683    18889    15109    32583    23768    39280    10613    22027    18098    39145     6553        0    22122    49519    19818    36089    30081    12100    15223    32583    18208    23071    25683    27184    22766    36456    15110    10366    16496    40244    27703    21692        0    10476    22957    19084    39774     6553    24294     9839    40586    22122    15110    22766    15976    36089    30703    13355    22023    20233    12748    34059    14825    19022     5363    21692    32780     6553    20988    38295    18889    23931    15358    39145    17809    16415    51837     5363    22122    46484    18208    28683    52108    40586    16296    43808    27703    58630    32970    13355    49519    51837    25683    10500    10366    49519    37962    39280    16761    33234    55674    16761     6553    28683    30081     2426    49519    61719    43808    61719    13355    26768    10366    38043    22966    26943    10245    16654    32780    18208    17809    40244    17809    32835    10366    39280    15976    32767    52108    47168    28072    22957    19818    26652    34165    46484    33234    10476     2426    58257    32780    33234    30703    31649    36089    35097    51837    55674    37962    37545    47168    29383    39145    27703 
    9971    32224    37679    21787    21787    45302    48904    21575     8043     9629    37002    35112    30488    22263    44216     6838    17075    20976    45302    23894    22122        0    59769    29623    57108    34430    22734    35226    30488     8513    13376    46701    10496     6974    26761    33322    12981    21509    24481    32633    23332    22122    31494     5261    40336    50024    23894    42406    21723    23898        0    33322     6974    32947    57108    21007    22305    40479    12859     4995    24364    26458    18718    27599    23332    52783    23894    14210    37195    37002     8095     4798    45302    33352     5416    72845    27599        0    29452     8513     9629    36029    23898    34155    56398    32633    71432    16282    22305    59769    72845    46701    30993    12981    59769    50552    44216    13064    41678    65924    13064    23894     9629    34430    19202    59769    74309    56398    74309    22305    10080    12981    20029    44618    17248     8043    37673    52783     8513    33352    24481    33352    37432    12981    44216    32947    16504    36029    59758    11384     5261    29623    10816    34039    29452    41678    31494    19202    76370    52783    41678    21007    21954    57108    48861    72845    65924    50552    45155    59758    36058    45302    32633 
   65993    32585    75437    50884    50884    35811    47374    77933    52472    68775    53307    56449    65386    64341    79391    53438    61856    54994    35811    51291    49519    59769        0    40084    56613    67786    51860    55281    65386    58646    63301    46949    67353    62996    69218    34122    49703    58250    80474    48841    57116    49519    47442    63080    37819     9309    51291    38031    47990    80596    59769    34122    62996    35311    56613    66832    59317    28692    60912    56386    74574    43496    64117    43874    57116    59516    51291    71128    82594    53307    64161    55564    35811    34655    65364    56637    43874    59769    85810    58646    68775    92387    80596    41957    16554    48841    10612    73868    59317        0    56637    46949    44483    49703        0    16975    79391    70893    67327     6416    70893    51291    68775    67786    48520        0    14720    16554    14720    59317    66402    49703    76799    62988    69316    52472    54222    59516    58646    34655    80474    34655    66929    49703    79391    35311    72862    92387     4324    68302    63080    40084    66882    71338    85810    67327    47442    48520    53567    59516    67327    66832    72164    56613    21627    56637     6416    16975    69163     4324    48798    35811    48841 
   33265    17469    48283    21443    21443     6745    36387    47537    19740    36183    24069    31911    38614    37187    52099    21111    21357    28151     6745    21590    19818    29623    40084        0    45566    36113     8228    28042    38614    27375    25216    34147    34684    30267    41918     9204    15112    14921    47745     8234    29962    19818    24176    32684    24628    30339    21590    29614    11579    48087    29623     9204    30267    14553    45566    39989    29726    17091    30516    23648    47730     5223    34526    19900    29962    45875    21590    38399    53003    24069    31432    22859     6745     6823    32635    57137    19900    29623    55414    27375    36183    61991    48087     3917    33925     8234    48959    40471    29726    40084    57137    34147    15285    15112    40084    28079    52099    31469    46052    46239    31469    21590    36183    36113    18858    40084    51836    33925    51836    29726    34269    15112    45544    35829    45484    19740    25119    45875    27375     6823    47745     6823    45654    15112    52099    14553    40267    61991    37285    35573    32684        0    34153    44918    55414    46052    24176    18858    63437    45875    46052    39989    45320    45566    25661    57137    46239    28079    41689    37285     8363     6745     8234 
   63088    34063    74341    38399    38399    52242     8644    75272    49811    66114    19039    27452    81817    58925    36413    50777    62466    53410    52242    40627    36089    57108    56613    45566        0    84217    45469    24200    81817    55985    60520    13130    64692    60661    64451    36705    47041    51808    77938    66247    58974    36089    28778    60419    22095    43003    40627    19932    43609    61860    57108    36705    60661    31829        0    59529    41064    32240    58250    53725    72725    50447    52956    31229    58974    24613    40627    51909    53813    19039    61810    52903    52242    39287    62583    17246    31229    57108    83148    55985    66114    89726    61860    47080    44485    66247    65694    61887    41064    56613    17246    13130    31209    47041    56613    38423    36413    48378    30289    61796    48378    40627    66114    84217    38152    56613    51155    44485    51155    41064    63741    47041    74138    28052    66654    49811    21768    24613    55985    39287    77938    39287    35822    47041    36413    31829    70200    89726    54020    65336    60419    45566    64101    87770    83148    30289    28778    38152    26078    24613    30289    59529    69098        0    34180    17246    61796    38423    85595    54020    65229    52242    66247 
   28024    59412    12226    36068    36068    31840    75039    44713    30111    40789    51760    49417     8143    12910    68980    34555    19987    16279    31840    31854    30081    34430    67786    36113    84217        0    31864    49530     8143    26512    24353    61460    42217    32732    12770    39220    27706    14596    46040    25974     7341    30081    46253    35733    47908    58041    31854    65767    31285    52567    34430    39220    32732    40518    84217    14793    44352    50650    27859    37092    22534    22451    51090    42357     7341    67088    31854    50080    70218    51760    29979    32231    31840    41412    39907    91392    42357    34430    52576    26512    40789    59153    52567    37986    57002    25974    72036    46102    44352    67786    91392    61460    38565    27706    67786    51157    68980    45436    67541    73941    45436    31854    40789        0    33506    67786    74913    57002    74913    44352    41541    27706    43850    52577    20288    30111    50627    67088    26512    41412    46040    41412    72660    27706    68980    40518    39641    59153    60362    42845    35733    36113    35228     5516    52576    67541    46253    33506   101632    67088    67541    14793    20124    84217    49465    91392    73941    51157     3967    60362    22595    31840    25974 
   29275    16005    41303    13401    13401    14087    35088    40897    15437    31739    23972    26749    29463    20904    49177    16402    19142    14948    14087    13872    12100    22734    51860     8228    45469    31864        0    25067    29463    21719    22937    33992    30317    26277    31517    12431    12667    13346    43755     9194    18972    12100    17228    26045    23611    42115    13872    28399     3247    44097    22734    12431    26277    14052    45469    25535    21684    19869    23876    19658    34097     5711    26484    13659    18972    41717    13872    34409    44961    23972    27442    18528    14087    11618    28645    56120    13659    22734    48774    21719    31739    55351    44097     6740    39671     9194    54705    36833    21684    51860    56120    33992    14268    12667    51860    33825    49177    23427    44874    58015    23427    13872    31739    31864    10839    51860    57582    39671    57582    21684    29366    12667    39763    32774    31554    15437    24007    41717    21719    11618    43755    11618    44475    12667    49177    14052    35826    55351    43031    31583    26045     8228    30163    37204    48774    44874    17228    10839    63341    41717    44874    25535    31687    45469    32134    56120    58015    33825    35029    43031    10064    14087     9194 
   40552    16539    52459    16453    16453    27987    17299    53390    27929    44232     7491     5313    47130    37043    24898    25231    36809    32887    27987    15371    15223    35226    55281    28042    24200    49530    25067        0    47130    32997    37860     9709    42810    37555    51245    19181    25159    31284    55033    42492    36638    15223     7962    38537    15993    45536    15371    20780    23194    41150    35226    19181    37555    14306    24200    45491    16794    21788    36369    27537    48848    29914    24574    14572    36638    17439    15371    27565    33526     7491    38720    31021    27987    21951    31203    38198    14572    35226    61266    32997    44232    67844    41150    28244    36390    42492    58396    30545    16794    55281    38198     9709    13685    25159    55281    37517    24898    28251    18799    61437    28251    15371    44232    49530    16362    55281    58833    36390    58833    16794    25539    25159    52256     8495    44773    27929     4277    17439    32997    21951    55033    21951    18401    25159    24898    14306    48318    67844    46723    29528    38537    28042    41441    54871    61266    18799     7962    16362    48567    17439    18799    45491    46438    24200    27701    38198    61437    37517    52696    46723    31908    27987    42492 
