dep95 0 0 60
**************************************DATA
10 184 480 8 1.33
**************************************DISTANCE
       0    32701    97131    88401    74021    52696    40813    50965    16947    97131    83518    51008    58044    68063    32701    68944    23181    57775    52696    58044    39935    72893    66692    55169    69438    39935     3735     8676    11770    78113    63340    75324    68063    32762    68796    67733     3112    68037    71907     3112    95270    79425    11960     7141    64963    35481    71455    55209    69055    82430    59537    58044    68063    56093     8376    23439    73094     7392    16947    58044    68796    42544    21209    52696    77162    25470    56093    81342    56268    61578    68064    73844    74740    85010    15186    82430    47366    73757    38752    48244    42544    74449    47538    66692    82430     8376    48210    42544    15186    80071    54310    17275    81342    70524    66692    48210    40791    77674     7141    11267    78113    23779    52696    77674    14342    47291    80071    39935    47366    61074     7853    12968    68944    84128    55830    22346    85365     3112    25470    57683    68944    17275    11267    20317    48821    11410    38752     3112    65873    29054     7141    54945    59623    57775    63111    11494    56268    69055    83518    21209    47291    59537     3112    17275     8376    84128    40813    38752    57683    64813    78156     3112    48210    81342    95270    20387    20387    68064    81106    50965    29054    23779    47291     8676    12968    15704    48210    60118    73757    21191    61074    31316    85365     3112    15186    20387    63790    58044    97131    77674    55209     3735    73698    68063    59380 
   32701        0    65414    56685    42304    22665    14810    20934    27158    65414    51801    19291    26327    38031        0    38913    11448    26058    22665    26327     7884    42861    36660    23452    37721     7884    37831    32428    23935    48082    33309    45292    38031    14783    38764    36016    29604    36320    40190    29604    63553    47708    31827    26262    30193    17324    39738    25178    39024    51085    29506    26327    38031    26062    25366    18833    41377    24015    27158    26327    38764     4583    17821    22665    46413    11559    26062    50219    24551    27156    36347    42127    43023    53294    23034    51085    29159    42040    17712    16527     4583    41096    17507    36660    51085    25366    16493     4583    23034    48354    24279    20318    50219    40493    36660    16493    13490    47643    26262    29030    48082    17813    22665    47643    30917    21288    48354     7884    29159    31043    34647    27375    38913    54096    24113    18712    53648    29604    11559    25966    38913    20318    29030    33069    22818    20620    17712    29604    35841    15397    26262    23228    27906    26058    33079    28014    24551    39024    51801    17821    21288    29506    29604    20318    25366    54096    14810    17712    25966    33096    46439    29604    16493    50219    63553    25514    25514    36347    48872    20934    15397    17813    21288    32428    27375    28663    16493    28401    42040    16945    31043    20414    53648    29604    23034    25514    32073    26327    65414    47643    25178    37831    43667    38031    27663 
   97131    65414        0     5470    14114    42522    64367    46004    83765        0     7126    49458    35237    25084    65414    41191    72490    50215    42522    35237    60805    24873    28650    39195    39420    60805    94534    87850    93778    13241    36142    23420    25084    71486    20548    29276    99447    31442    15372    99447     5465    10499    88530    96105    40831    72946    32864    40842    28971     7079    41787    35237    25084    42869    95210    75535    20597    90375    83765    35237    20548    59146    74524    42522    11365    73233    42869     9070    44245    44151    20099    13333     9566    10952    79737     7079    55998    15539    73350    46143    59146    23136    49314    28650     7079    95210    42794    59146    79737    21208    47422    77021     9070    42771    28650    42794    63497    21663    96105    85733    13241    74515    42522    21663    87620    64769    21208    60805    55998    38398    90069    84078    41191    19684    43302    74134    11906    99447    73233    35991    41191    77021    85733    89191    64912    82879    73350    99447    32057    72100    96105    49315    42009    50215    32483    84716    44245    28971     7126    74524    64769    41787    99447    77021    95210    19684    64367    73350    35991    34914    19293    99447    42794     9070     5465    80936    80936    20099    15127    46004    72100    74515    64769    87850    84078    85366    42794    30271    15539    73647    38398    73235    11906    99447    79737    80936    31794    35237        0    21663    40842    94534    13572    25084    37218 
   88401    56685     5470        0    18310    39933    55638    43415    75035     5470     3319    50507    33743    32275    56685    38602    72672    48721    39933    33743    60987    29068    26061    36606    36831    60987    94716    79121    93960    17436    33553    24469    32275    71667    22385    26687    99629    32491    13512    99629     2910     8617    88711    96287    41880    64216    30275    38253    26383     9433    42836    33743    32275    40280    95391    75717    24792    90557    75035    33743    22385    50509    74705    39933    15560    64504    40280     6278    41656    45200    21906    21616    13682     5482    79918     9433    53409    28531    64620    43555    50509    20547    46725    26061     9433    95391    40205    50509    79918    19714    48471    77202     6278    40182    26061    40205    63678    22712    96287    85915    17436    74697    39933    22712    87802    56039    19714    60987    53409    39447    81339    84259    38602    15643    44351    65405     5687    99629    64504    33403    38602    77202    85915    80461    56183    74149    64620    99629    29468    72281    96287    47817    39420    48721    29895    84898    41656    26383     3319    74705    56039    42836    99629    77202    95391    15643    55638    64620    33403    35963    17799    99629    40205     6278     2910    72206    72206    21906    13852    43415    72281    74697    56039    79121    84259    85548    40205    28777    28531    73829    39447    64506     5687    99629    79918    72206    29206    33743     5470    22712    38253    94716    14762    32275    34630 
   74021    42304    14114    18310        0    25552    41257    29035    60655    14114    16148    28079    20424    11711    42304    15960    49888    26532    25552    20424    38203    11480     9025    22225    11529    38203    71932    64740    64827     4347    19173    20657    11711    48884     6023    12306    76590    21790    11448    76590    30142    17654    65927    71503    42245    49836    15894    23873    15520    11395    31726    20424    11711    25899    70277    52933     6035    67773    60655    20424     6023    36543    51921    25552     4182    50123    25899    19914    27276    30856     8211     6700     8708    23234    57135    11395    39028     2070    50240    29174    36543    10294    32345     9025    11395    70277    25824    36543    57135    18779    38227    54419    19914    11746     9025    25824    40894    19921    71503    63131     4347    51913    25552    19921    65018    41658    18779    38203    39028    36975    66959    61476    15960    24093    29768    51024    23588    76590    50123    19022    15960    54419    63131    66080    41802    59769    50240    76590    15087    49498    71503    34502    25040    26532    15514    62114    27276    15520    16148    51921    41658    31726    76590    54419    70277    24093    41257    50240    19022    24102    17473    76590    25824    19914    30142    57826    57826     8211    18567    29035    49498    51913    41658    64740    61476    62764    25824    15457     2070    51045    36975    50125    23588    76590    57135    57826    14825    20424    14114    19921    23873    71932    13362    11711    20249 
   52696    22665    42522    39933    25552        0    15150     3970    40477    42522    35049    10250     9575    16834    22665    12590    29107     9342        0     9575    17421    22077    19744     5175    15233    17421    51150    45010    44045    30350    10025    30479    16834    25087    21811    19265    55808    28860    23438    55808    40661    30956    45146    50721    27789    22242    22986     7202    22804    33961    15840     9575    16834     5253    49496    32152    20169    46991    40477     9575    21811    15773    31140        0    28694    28675     5253    32873     7836    15347    19595    25375    26272    36542    36353    33961    12227    25288    20272     7478    15773    25980     5656    19744    33961    49496     9287    15773    36353    31602    20526    33637    32873    19764    19744     9287    16427    30092    50721    42349    30350    31132        0    30092    44236    14182    31602    17421    12227    21414    46695    40694    12590    35620    19913    28573    36896    55808    28675     6294    12590    33637    42349    46388    11877    37817    20272    55808    18978    28716    50721     8443     8180     9342    16226    41332     7836    22804    35049    31140    14182    15840    55808    33637    49496    35620    15150    20272     6294    23288    29687    55808     9287    32873    40661    38312    38312    19595    32638     3970    28716    31132    14182    45010    40694    41982     9287    11649    25288    30263    21414    24040    36896    55808    36353    38312    15321     9575    42522    30092     7202    51150    26698    16834    10954 
   40813    14810    64367    55638    41257    15150        0    10791    28593    64367    50754    18244    25280    37049    14810    23519    17223    14010    15150    25280     8459    37663    35677    22405    25525     8459    39266    32971    29943    47099    30846    43927    37049    10450    37781    34969    39841    35273    39143    39841    62506    46661    33262    36499    29210     7605    38691    24195    38509    49666    28111    25280    37049    18548    30801    20268    40330    35108    28593    25280    37781    15860    17037    15150    44398    16509    18548    48578    14954    28814    35300    41080    41976    52247    22250    49666    14792    40993     7708    10075    15860    41685     9900    35677    49666    30801    15446    15860    22250    47307    23680    19535    48578    35295    35677    15446     4407    46660    36499    30466    47099    13371    15150    46660    32352     3560    47307     8459    14792    30060    35190    28810    23519    52612    23066    19255    52601    39841    16509    24919    23519    19535    30466    34504     5383    26305     7708    39841    34682    10723    36499    10318    18309    14010    32097    29449    14954    38509    50754    17037     3560    28111    39841    19535    30801    52612        0     7708    24919    32049    45392    39841    15446    48578    62506    19363    19363    35300    48343    10791    10723    13371     3560    32971    28810    30098    15446    27354    40993    18380    30060     9513    52601    39841    22250    19363    31026    25280    64367    46660    24195    39266    42403    37049    26616 
   50965    20934    46004    43415    29035     3970    10791        0    38746    46004    38532    16519    13058    18742    20934    12772    27376     5670     3970    13058    10744    20004    23243     8658    14734    10744    49419    43122    42314    34664    10109    33267    18742    20685    25347    22747    54077    33549    26921    54077    44143    34439    43415    48990    27534    17839    26469    11728    25606    37444    19664    13058    18742     7367    47765    30421    19670    45260    38746    13058    25347    14042    29409     3970    32176    26944     7367    36356     4163    27089    23078    28858    29754    40024    34622    37444     8720    28771    16600     8350    14042    29463     4522    23243    37444    47765    13722    14042    34622    35085    21955    31906    36356    19099    23243    13722    12024    33591    48990    40618    34664    29401     3970    33591    42505    10641    35085    10744     8720    28384    45340    38963    12772    40980    21342    29406    40379    54077    26944     9776    12772    31906    40618    44657     8336    38150    16600    54077    22424    26985    48990     4771     7518     5670    19662    39602     4163    25606    38532    29409    10641    19664    54077    31906    47765    40980    10791    16600     9776    30325    33170    54077    13722    36356    44143    36581    36581    23078    36120        0    26985    29401    10641    43122    38963    40251    13722    15132    28771    28532    28384    19659    40379    54077    34622    36581    14722    13058    46004    33591    11728    49419    30249    18742    14436 
   16947    27158    83765    75035    60655    40477    28593    38746        0    83765    70152    36790    44678    55844    27158    56725    19248    44409    40477    44678    26569    60673    54472    39696    54954    26569    15378    12418    19289    65894    51121    63104    55844    19396    56576    53622    20036    55793    58541    20036    81904    65770     7758    17611    48005    22115    57210    42990    56836    68897    47318    44678    55844    43874    16386    10073    58829    13881        0    44678    56576    29178    12164    40477    64225    21952    43874    68031    42442    44968    54698    60477    61374    71644    11597    68897    31120    60391    21027    33860    29178    58908    35319    54472    68897    16386    34844    29178    11597    66704    42091    13057    68031    58305    54472    34844    27425    65455    17611     9239    65894    16457    40477    65455     6848    35072    66704    26569    31120    48855     9885    10329    56725    71908    41566    16097    71999    20036    21952    43799    56725    13057     9239     9007    36602    15107    21027    20036    53653    15688    17611    41579    45780    44409    50892     6555    42442    56836    70152    12164    35072    47318    20036    13057    16386    71908    28593    21027    43799    51447    64789    20036    34844    68031    81904     4681     4681    54698    66684    38746    15688    16457    35072    12418    10329     4594    34844    46752    60391    15938    48855    15070    71999    20036    11597     4681    49940    44678    83765    65455    42990    15378    61479    55844    46014 
   97131    65414        0     5470    14114    42522    64367    46004    83765        0     7126    49458    35237    25084    65414    41191    72490    50215    42522    35237    60805    24873    28650    39195    39420    60805    94534    87850    93778    13241    36142    23420    25084    71486    20548    29276    99447    31442    15372    99447     5465    10499    88530    96105    40831    72946    32864    40842    28971     7079    41787    35237    25084    42869    95210    75535    20597    90375    83765    35237    20548    59146    74524    42522    11365    73233    42869     9070    44245    44151    20099    13333     9566    10952    79737     7079    55998    15539    73350    46143    59146    23136    49314    28650     7079    95210    42794    59146    79737    21208    47422    77021     9070    42771    28650    42794    63497    21663    96105    85733    13241    74515    42522    21663    87620    64769    21208    60805    55998    38398    90069    84078    41191    19684    43302    74134    11906    99447    73233    35991    41191    77021    85733    89191    64912    82879    73350    99447    32057    72100    96105    49315    42009    50215    32483    84716    44245    28971     7126    74524    64769    41787    99447    77021    95210    19684    64367    73350    35991    34914    19293    99447    42794     9070     5465    80936    80936    20099    15127    46004    72100    74515    64769    87850    84078    85366    42794    30271    15539    73647    38398    73235    11906    99447    79737    80936    31794    35237        0    21663    40842    94534    13572    25084    37218 
   83518    51801     7126     3319    16148    35049    50754    38532    70152     7126        0    37576    30203    25383    51801    33719    59668    45181    35049    30203    47983    26906    17658    31722    31948    47983    81711    74237    74606    15274    28670    17757    25383    58663    15493    21803    86369    33880    10338    86369     5377     5444    75707    75606    43269    59333    25391    33370    21499     5545    44224    30203    25383    35397    80057    62713    23908    77553    70152    30203    15493    45625    61701    35049    13398    59620    35397     4015    36773    40353    14919    18076    11396     4634    66914     5545    48525    20841    59737    38671    45625    15663    41842    17658     5545    80057    35321    45625    66914    16174    49859    64198     4015    35299    17658    35321    50674    15152    75606    72911    15274    61693    35049    15152    74797    51156    16174    47983    48525    40835    76456    71255    33719    11862    45740    60521     3063    86369    59620    28519    33719    64198    72911    75578    51299    69266    59737    86369    24584    59277    75606    42934    34537    45181    25011    71894    36773    21499        0    61701    51156    44224    86369    64198    80057    11862    50754    59737    28519    37352    14259    86369    35321     4015     5377    67323    67323    14919    10072    38532    59277    61693    51156    74237    71255    72543    35321    25237    20841    60825    40835    59622     3063    86369    66914    67323    24322    30203     7126    15152    33370    81711     8517    25383    29746 
   51008    19291    49458    50507    28079    10250    18244    16519    36790    49458    37576        0    12101    26581    19291    27462    25420    21692    10250    12101    13735    31411    25210     5468    25692    13735    47464    41727    40359    36631    21858    30251    26581    24415    27314    24359    52122    22940    25965    52122    47597    33483    41459    47035    13637    27135    25512     5625    27573    39635     9188    12101    26581    10597    45809    28465    29566    43305    36790    12101    27314    12075    27453    10250    34962    24989    10597    38769    20216     6827    22121    27901    28798    39068    32667    39635    24738    27814    27226     7723    12075    29646    13092    25210    39635    45809     5004    12075    32667    34128     7723    29951    38769    29042    25210     5004    16426    35558    47035    38663    36631    27445    10250    35558    40550    18645    34128    13735    24738    16002    43945    37007    27462    39055     5522    28011    39422    52122    24989    14536    27462    29951    38663    42702    18789    36756    27226    52122    16489    25030    47035    18863    15079    21692    13727    37646    20216    27573    37576    27453    18645     9188    52122    29951    45809    39055    18244    27226    14536    17140    32213    52122     5004    38769    47597    34812    34812    22121    37422    16519    25030    27445    18645    41727    37007    38296     5004    10823    27814    26577    16002    27112    39422    52122    32667    34812    20677    12101    49458    35558     5625    47464    32216    26581     9114 
   58044    26327    35237    33743    20424     9575    25280    13058    44678    35237    30203    12101        0    13083    26327    13965    33281    18123     9575        0    21369    17913    13638     6248    12194    21369    54912    48763    47389    25059     8361    23662    13083    31452    15742    12787    53474    22271    18414    53474    37424    24936    48918    50132    26268    33858    16375     7895    16001    28063    15748        0    13083     7207    48209    35913    16068    47393    44678        0    15742    20151    34518     9575    23390    34146     7207    27196    13472    14878    13530    20179    25351    30325    40114    28063    28771    19667    34262    13197    20151    18074    16367    13638    28063    48209     9847    20151    40114    24128    22250    37398    27196    15545    13638     9847    24154    23986    50132    46123    25059    34893     9575    23986    47998    25681    24128    21369    28771    20998    50981    44541    13965    31375    13790    35047    29423    53474    34146     4566    13965    37398    46123    50103    25825    43792    34262    53474    10098    32071    50132    17459    11236    18123     7337    45103    13472    16001    30203    34518    25681    15748    53474    37398    48209    31375    25280    34262     4566    23220    22213    53474     9847    27196    37424    41848    41848    13530    25849    13058    32071    34893    25681    48763    44541    45698     9847     4534    19667    34304    20998    34148    29423    53474    40114    41848     7180        0    35237    23986     7895    54912    20644    13083     9708 
   68063    38031    25084    32275    11711    16834    37049    18742    55844    25084    25383    26581    13083        0    38031     8152    44473    18196    16834    13083    32788     6315    13219    17828     3489    32788    66517    60377    59412    15332     8666    28083        0    43469    10286    16868    71175    26464    15234    71175    33003    21290    60513    66088    38710    38371    20590    18064    20408    24295    26762    13083        0    12705    64862    47518     4903    62358    55844    13083    10286    31129    46507    16834    15766    44042    12705    25216    14545    26268    11996    14889    16898    28884    51720    24295    24647    10491    34876    26302    31129    18322    22166    13219    24295    64862    23583    31129    51720    23944    33251    49004    25216     5412    13219    23583    35480    28582    66088    57716    15332    46498    16834    28582    59603    32907    23944    32788    24647    32713    62062    56061     8152    27963    32637    46762    29239    71175    44042    14357     8152    49004    57716    61755    31208    55507    34876    71175    19827    44083    66088    28430    10937    18196    19625    56699    14545    20408    25383    46507    32907    26762    71175    49004    64862    27963    37049    34876    14357    28636    22029    71175    23583    25216    33003    53679    53679    11996    24980    18742    44083    46498    32907    60377    56061    57349    23583    13877    10491    45630    32713    38039    29239    71175    51720    53679    10653    13083    25084    28582    18064    66517    18444        0    21815 
   32701        0    65414    56685    42304    22665    14810    20934    27158    65414    51801    19291    26327    38031        0    38913    11448    26058    22665    26327     7884    42861    36660    23452    37721     7884    37831    32428    23935    48082    33309    45292    38031    14783    38764    36016    29604    36320    40190    29604    63553    47708    31827    26262    30193    17324    39738    25178    39024    51085    29506    26327    38031    26062    25366    18833    41377    24015    27158    26327    38764     4583    17821    22665    46413    11559    26062    50219    24551    27156    36347    42127    43023    53294    23034    51085    29159    42040    17712    16527     4583    41096    17507    36660    51085    25366    16493     4583    23034    48354    24279    20318    50219    40493    36660    16493    13490    47643    26262    29030    48082    17813    22665    47643    30917    21288    48354     7884    29159    31043    34647    27375    38913    54096    24113    18712    53648    29604    11559    25966    38913    20318    29030    33069    22818    20620    17712    29604    35841    15397    26262    23228    27906    26058    33079    28014    24551    39024    51801    17821    21288    29506    29604    20318    25366    54096    14810    17712    25966    33096    46439    29604    16493    50219    63553    25514    25514    36347    48872    20934    15397    17813    21288    32428    27375    28663    16493    28401    42040    16945    31043    20414    53648    29604    23034    25514    32073    26327    65414    47643    25178    37831    43667    38031    27663 
   68944    38913    41191    38602    15960    12590    23519    12772    56725    41191    33719    27462    13965     8152    38913        0    45355    13338    12590    13965    33670     9414    17631    12733     4952    33670    67398    61259    60293    29019     6438    28964     8152    44350    19735    17749    72056    27345    22107    72056    39330    29626    61394    66969    37221    31076    21471    18848    21289    32630    27643    13965     8152     8320    65744    48400    11067    63239    56725    13965    19735    32010    47388    12590    27363    44923     8320    31542     8574    27150    18264    24044    24941    35211    52601    32630    21410    15331    29677    17939    32010    24649    16196    17631    32630    65744    24464    32010    52601    30271    34132    49885    31542     9383    17631    24464    36361    27820    66969    58597    29019    47380    12590    27820    60484    22983    30271    33670    21410    31951    61934    56942        0    34289    33519    46000    35565    72056    44923    15239        0    49885    58597    62636    20678    54745    29677    72056    20708    44964    66969    17245     4760    13338    19085    57581     8574    21289    33719    47388    22983    27643    72056    49885    65744    34289    23519    29677    15239    29518    28356    72056    24464    31542    39330    54561    54561    18264    31307    12772    44964    47380    22983    61259    56942    58230    24464    14758    15331    46512    31951    37966    35565    72056    52601    54561    11534    13965    41191    27820    18848    67398    25367     8152    22697 
   23181    11448    72490    72672    49888    29107    17223    27376    19248    72490    59668    25420    33281    44473    11448    45355        0    33012    29107    33281    15172    49303    43102    28325    43584    15172    23338    20490    15937    54524    39751    51734    44473     7734    45206    42251    21403    44422    47144    21403    72688    54400    23334    18018    36634    10443    45840    31620    45466    57527    35948    33281    44473    32504    16796    10261    47459    15979    19248    33281    45206    18345     9061    29107    52855     3606    32504    56661    31072    33597    42994    49644    49978    59789     9263    57527    35595    49132    14641    22490    18345    47538    23949    43102    57527    16796    23362    18345     9263    55308    30721     8981    56661    46935    43102    23362    16029    54085    18018    20537    54524     8224    29107    54085    22530    20455    55308    15172    35595    37485    25552    12920    45355    60538    30196     3089    60418    21403     3606    32429    45355     8981    20537    24673    21986    12331    14641    21403    42283     8285    18018    29775    34410    33012    39521    19520    31072    45466    59668     9061    20455    35948    21403     8981    16796    60538    17223    14641    32429    39707    52244    21403    23362    56661    72688    16419    16419    42994    55314    27376     8285     8224    20455    20490    12920    20170    23362    35003    49132     5025    37485    15596    60418    21403     9263    16419    38570    33281    72490    54085    31620    23338    50109    44473    38759 
   57775    26058    50215    48721    26532     9342    14010     5670    44409    50215    45181    21692    18123    18196    26058    13338    33012        0     9342    18123    16448    17982    28615    15178    15860    16448    56229    48494    47517    40037    11267    38923    18196    23284    30719    28048    53205    40695    29813    53205    52401    39913    48618    49863    32907    18966    31636    17100    31262    43040    25036    18123    18196    12740    52968    35422    20154    50464    44409    18123    30719    20246    34249     9342    38368    33877    12740    42174     4764    24166    28507    35157    32646    45302    39462    43040     9011    23775    17184    13745    20246    33051     9895    28615    43040    52968    16013    20246    39462    37976    26993    37109    42174    15614    28615    16013    17693    39247    49863    45854    40037    25892     9342    39247    47691    10932    37976    16448     9011    33757    50713    44166    13338    46353    26468    34778    45931    53205    33877    15115    13338    37109    45854    49834     8628    43523    17184    53205    27796    24478    49863     5849     8102        0    25034    44805     4764    31262    45181    34249    10932    25036    53205    37109    52968    46353    14010    17184    15115    35979    37757    53205    16013    42174    52401    32097    32097    28507    40827     5670    24478    25892    10932    48494    44166    45429    16013    20516    23775    34035    33757    22041    45931    53205    39462    32097    15873    18123    50215    39247    17100    56229    35622    18196    26420 
   52696    22665    42522    39933    25552        0    15150     3970    40477    42522    35049    10250     9575    16834    22665    12590    29107     9342        0     9575    17421    22077    19744     5175    15233    17421    51150    45010    44045    30350    10025    30479    16834    25087    21811    19265    55808    28860    23438    55808    40661    30956    45146    50721    27789    22242    22986     7202    22804    33961    15840     9575    16834     5253    49496    32152    20169    46991    40477     9575    21811    15773    31140        0    28694    28675     5253    32873     7836    15347    19595    25375    26272    36542    36353    33961    12227    25288    20272     7478    15773    25980     5656    19744    33961    49496     9287    15773    36353    31602    20526    33637    32873    19764    19744     9287    16427    30092    50721    42349    30350    31132        0    30092    44236    14182    31602    17421    12227    21414    46695    40694    12590    35620    19913    28573    36896    55808    28675     6294    12590    33637    42349    46388    11877    37817    20272    55808    18978    28716    50721     8443     8180     9342    16226    41332     7836    22804    35049    31140    14182    15840    55808    33637    49496    35620    15150    20272     6294    23288    29687    55808     9287    32873    40661    38312    38312    19595    32638     3970    28716    31132    14182    45010    40694    41982     9287    11649    25288    30263    21414    24040    36896    55808    36353    38312    15321     9575    42522    30092     7202    51150    26698    16834    10954 
   58044    26327    35237    33743    20424     9575    25280    13058    44678    35237    30203    12101        0    13083    26327    13965    33281    18123     9575        0    21369    17913    13638     6248    12194    21369    54912    48763    47389    25059     8361    23662    13083    31452    15742    12787    53474    22271    18414    53474    37424    24936    48918    50132    26268    33858    16375     7895    16001    28063    15748        0    13083     7207    48209    35913    16068    47393    44678        0    15742    20151    34518     9575    23390    34146     7207    27196    13472    14878    13530    20179    25351    30325    40114    28063    28771    19667    34262    13197    20151    18074    16367    13638    28063    48209     9847    20151    40114    24128    22250    37398    27196    15545    13638     9847    24154    23986    50132    46123    25059    34893     9575    23986    47998    25681    24128    21369    28771    20998    50981    44541    13965    31375    13790    35047    29423    53474    34146     4566    13965    37398    46123    50103    25825    43792    34262    53474    10098    32071    50132    17459    11236    18123     7337    45103    13472    16001    30203    34518    25681    15748    53474    37398    48209    31375    25280    34262     4566    23220    22213    53474     9847    27196    37424    41848    41848    13530    25849    13058    32071    34893    25681    48763    44541    45698     9847     4534    19667    34304    20998    34148    29423    53474    40114    41848     7180        0    35237    23986     7895    54912    20644    13083     9708 
   39935     7884    60805    60987    38203    17421     8459    10744    26569    60805    47983    13735    21369    32788     7884    33670    15172    16448    17421    21369        0    37618    31417    16640    31899        0    38389    30654    29652    42839    28065    40049    32788    13343    33521    30566    35365    32737    36193    35365    61002    42715    30809    32023    24949    13480    34154    19935    33780    45842    24263    21369    32788    20819    35102    17582    35773    32598    26569    21369    33521     5269    16409    17421    41170    16037    20819    44976    14941    21912    31309    37959    43130    48104    21622    45842    19463    37447    13884    10805     5269    35853    12263    31417    45842    35102    11677     5269    21622    43395    19036    19244    44976    35250    31417    11677     4414    42400    32023    28014    42839    15415    17421    42400    29851     9863    43395        0    19463    25800    32872    26432    33670    48853    18511    16938    48733    35365    16037    20744    33670    19244    28014    31994    10006    25683    13884    35365    30598    13963    32023    12607    18279    16448    27836    26995    14941    33780    47983    16409     9863    24263    35365    19244    35102    48853     8459    13884    20744    28022    40559    35365    11677    44976    61002    23739    23739    31309    43629    10744    13963    15415     9863    30654    26432    27589    11677    23318    37447    16195    25800    16586    48733    35365    21622    23739    26884    21369    60805    42400    19935    38389    38424    32788    27073 
   72893    42861    24873    29068    11480    22077    37663    20004    60673    24873    26906    31411    17913     6315    42861     9414    49303    17982    22077    17913    37618        0    17361    22658     5243    37618    71347    65207    64242    15121    13863    32913     6315    48298    14359    21698    76004    31293    21843    76004    26158    22436    65342    70918    43590    39610    25419    25218    25237    22817    31591    17913     6315    15443    69692    52348     8140    67188    60673    17913    14359    35958    51336    22077    15555    48872    15443    29960    15807    31098    18605    17094    19103    33628    56549    22817    24112    10850    36115    31132    35958    22562    23428    17361    22817    69692    28412    35958    56549    29174    38081    53833    29960     2313    17361    28412    40309    34189    70918    62546    15121    51328    22077    34189    64433    34146    29174    37618    24112    38320    68304    60890     9414    32707    37467    52369    33982    76004    48872    19187     9414    53833    62546    66584    32447    61114    36115    76004    24657    48912    70918    29668    12199    17982    25455    61529    15807    25237    26906    51336    34146    31591    76004    53833    69692    32707    37663    36115    19187    33466    27867    76004    28412    29960    26158    58509    58509    18605    29724    20004    48912    51328    34146    65207    60890    62179    28412    18707    10850    50460    38320    39277    33982    76004    56549    58509    15483    17913    24873    34189    25218    71347    23784     6315    26645 
   66692    36660    28650    26061     9025    19744    35677    23243    54472    28650    17658    25210    13638    13219    36660    17631    43102    28615    19744    13638    31417    17361        0    16457    18072    31417    65146    59006    58041    12647    13013    16762    13219    42097     5284     5547    69804    15143     7509    69804    26789    13565    59141    64717    37339    44817     9269    16692     9087    16570    25390    13638    13219    16084    63491    46147    12124    60987    54472    13638     5284    29757    45135    19744    14822    42671    16084    19002    21364    24897     3068    11503    12400    22670    50348    16570    33123     8761    45231    24931    29757    12108    24928        0    16570    63491    22211    29757    50348    17730    31880    47633    19002    21687        0    22211    34108    17601    64717    56345    12647    45127    19744    17601    58232    36161    17730    31417    33123    31070    60691    54689    17631    21749    31266    42569    23024    69804    42671    13535    17631    47633    56345    60383    31149    53864    45231    69804     8506    42712    64717    27716    21047    28615     9053    55328    21364     9087    17658    45135    36161    25390    69804    47633    63491    21749    35677    45231    13535    17315    15815    69804    22211    19002    26789    52308    52308     3068    18766    23243    42712    45127    36161    59006    54689    55978    22211     8671     8761    44259    31070    44567    23024    69804    50348    52308     9429    13638    28650    17601    16692    65146    12826    13219    13905 
