dep9 0 0 60
**************************************DATA
12 166 480 8 1.33
**************************************DISTANCE
       0    23761    38013    74057    47217    33329    60760    19314    60309    37428     3675    22567    57382    57476    10608    14985    55231    23761    12596    69827    26728    39345     9720    54623    26404     3675    43022    13198    74017    24820    10608    51877    38450    37491    10722    84047    57382    21684    26033    11365    52756    22567    44653    51877    60309    24201     5176     8982    18981    39561    61839    80375    21899    39971    10608    27432    43939    38450    67957    53708    39561    18654    36767    24521    10923    44653    60309    24201    38637    18970    58711    18970    42279    41693    74017    14104    65406    10722    22432    21899    23761    58711    32660    33048    67603    60760     8788    10923    24521    18654    35074    28869    13198    32178    27011    39561    74798    74017    22432    12596    57382    21360    41693    80375    31564    60671    75949    72092    42279    44653    28869    62110    32178    34854    39561    44354    11418    29843     2126    33048    43939    61839    39971    57476    60760    59920     8788    32962    52756    26404    49660    83492     8982    19314    22567    24521    52343    66752     8788    55879    34929    44653    75949    25389    66417    63675    21360    33048    34854    80375    24521    34579    27091    32962    74798    25389    25240    57925    38450    39561    34111    25065    67603    16385    67957    52343    51877 
   23761        0    58617    83440    40110    10154    70201    16350    53933    60575    33343    28261    50892    51986    16465    35638    48749        0    22932    62554    33091    21098    15360    51880    35762    33343    52463    12066    67563    34205    16465    45292    59175    46927    26995    77706    50892    18068    29924    19362    38087    28261    53605    45292    53933    30563    21542    30894    25344    49264    45617    89770    46501    49160    16465    48157    53458    59175    61899    46601    49264    25250    45719    31783    31576    53605    53933    30563    21412    38212    52231    38212    33413    50849    67563     9656    74772    26995    23514    46501        0    52231    38394    42000    57152    70201    19915    31576    31783    25250    44113    33709    12066    29458    47655    49264    68323    67563    23514    22932    50892     6954    50849    89770    52169    54198    84901    65638    33413    53605    33709    55338    29458    18624    49264    53306    32072    37594    21700    42000    53458    45617    49160    51986    70201    45321    19915    23739    38087    35762    58612    77017    30894    16350    28261    31783    45868    76139    19915    65316    44365    53605    84901    31752    75804    57227     6954    42000    18624    89770    31783    53601    10270    23739    68323    31752    31612    44453    59175    49264    12051    28334    57152    37038    61899    45868    45292 
   38013    58617        0    72719    71737    63929    63894    49913    84829    13342    32695    35146    81902    60610    43905    23501    79750    58617    45558    72960    51248    72643    40046    71059    36237    32695    46156    46495    98536    28151    43905    76397     6625    37186    39672    87180    81902    62387    58996    44327    82605    35146    47036    76397    84829    36396    38474    25776    37984    42695    85931    79037    12785    16902    43905    10461    47073     6625    92477    78228    42695    36328    39092    44073    27872    47036    84829    36396    69237    23181    83231    23181    66799    44826    98536    51786    68539    39672    56738    12785    58617    83231    42493    23442    92123    63894    37412    27872    44073    36328    34769    38703    46495    63125    16690    42695    94826    98536    56738    45558    81902    53259    44826    79037     8402    85191    75143    96612    66799    47036    38703    86630    63125    65453    42695    11688    29846    39677    37140    23442    47073    85931    16902    60610    63894    84589    37412    63546    82605    36237    51986   100563    25776    49913    35146    44073    76861    65414    37412    59013    38062    47036    75143    41565    69550    88195    53259    23442    65453    79037    44073     2792    57691    63546    94826    41565    49760    88206     6625    42695    65814    34899    92123    21434    92477    76861    76397 
   74057    83440    72719        0    95910    88454    60907    74490   108866    60488    69679    59164    91695    62305    80380    79152    96226    83440    81735    77910    75285    99390    74002    72754    54156    69679    43097    82971   122573    54444    80380    94516    71003    40913    79042    84193    91695    98563    95172    80504   106642    59164    48673    94516   108866    60568    76138    67231    63098    44390   109948     6318    73602    63107    80380    79702    48527    71003   106993   102265    44390    60854    38731    91328    74492    48673   108866    60568    93762    63920   104356    63920    90836    35337   122573    83938    19473    79042    89524    73602    83440   104356    66530    55946   116160    60907    68677    74492    91328    60854    41751    62740    82971    99270    91169    44390    96443   122573    89524    81735    91695    77837    35337     6318    77955   109228    25520   118196    90836    48673    62740   110500    99270    89979    44390    67252    75586    63714    71659    55946    48527   109948    63107    62305    60907   108607    68677    87583   106642    54156    49246    97823    67231    74490    59164    91328   101030     7301    68677    36819    42770    48673    25520    65737    47357   112232    77837    55946    89979     6318    91328    72880    82269    87583    96443    65737    73797   112243    71003    44390    90392    58936   116160    79953   106993   101030    94516 
   47217    40110    71737    95910        0    33335    70290    37370    14724    73259    52245    39063    13690    32432    51540    61718    11538    40110    64836    38760    32717    47583    46742    29023    46640    52245    64797    46470    30325    45652    51540     8033    73924    59344    61608    40446    13690    51950    59969    53852    10952    39063    46367     8033    14724    39771    55748    49796    34552    52084    14122   102228    60815    57181    51540    74101    65792    73924    24265     6575    52084    44159    58052    74429    57592    46367    14724    39771    28867    51133    14972    51133     7335    63183    30325    41039    87106    61608    58004    60815    40110    14972    44191    50325    20844    70290    38823    57592    74429    44159    56927    39287    46470    55197    73681    52084    31065    30325    58004    64836    13690    34885    63183   102228    76973    15278    97235    28380     7335    46367    39287    16220    55197    24734    52084    65639    58152    46783    46975    50325    65792    14122    57181    32432    70290    11112    38823    19290    10952    46640    62128    39758    49796    37370    39063    74429     6750    88605    38823    77733    56782    46367    97235    36348    88270    19983    34885    50325    24734   102228    74429    72212    27925    19290    31065    36348    25759    20282    73924    52084    39632    37523    20844    63054    24265     6750     8033 
   33329    10154    63929    88454    33335        0    75199    21364    40440    65588    38357    33275    47827    52248    23881    46928    45684    10154    30370    59489    38093    17265    23825    48840    40775    38357    57477    23553    64498    39219    23881    42227    66018    51930    32568    74610    47827    19092    30393    26778    28409    33275    58619    42227    40440    35577    32831    35908    30357    54000    35939    94784    51514    54174    23881    59447    58472    66018    58835    34791    54000    30264    50733    35266    42866    58619    40440    35577    11735    43226    49166    43226    30348    55863    64498    18122    79786    32568    26128    51514    10154    49166    44465    47014    44730    75199    24929    42866    35266    30264    49513    38610    23553    25626    58945    54000    65259    64498    26128    30370    47827    11968    55863    94784    63459    51133    89915    62574    30348    58619    38610    46032    25626     8946    54000    58320    43362    42608    30154    47014    58472    35939    54174    52248    75199    35644    24929    20674    28409    40775    63626    73952    35908    21364    33275    35266    42803    81191    24929    70318    49368    58619    89915    36766    80818    54147    11968    47014     8946    94784    35266    62055     9886    20674    65259    36766    33653    34775    66018    54000    10673    33348    44730    43861    58835    42803    42227 
   60760    70201    63894    60907    70290    75199        0    61194    76156    61225    56383    45867    61120    44166    66732    65856    65650    70201    68371    36723    62046    86143    60705    42168    40870    56383    22369    69323    89592    41148    66732    63988    65983    31201    65745    43006    61120    79439    81847    67173    81159    45867    35377    63988    76156    47271    62841    53934    49801    31035    84329    67237    60557    49810    66732    71089    35230    65983    76418    73381    31035    47610    25435    77783    61794    35377    76156    47271    80511    50874    73828    50874    66253    28316    89592    65361    52239    65745    76228    60557    70201    73828    53305    42650    83450        0    55434    61794    77783    47610    28645    49577    69323    85973    77872    31035    64832    89592    76228    68371    61120    64540    28316    67237    69130    76253    62368    87668    66253    35377    49577    77394    85973    76727    31035    53956    62289    50489    56210    42650    35230    84329    49810    44166        0    75668    55434    74843    81159    40870    11589    56707    53934    61194    45867    77783    67923    53606    55434    42658    29531    35377    62368    52440    53271    79256    64540    42650    76727    67237    77783    63894    68972    74843    64832    52440    60640    86387    65983    31035    77096    45778    83450    66714    76418    67923    63988 
   19314    16350    49913    74490    37370    21364    61194        0    51098    51840    24342    19259    48171    42957    17516    33814    46020    16350    26624    55593    24088    32301     6596    51982    26769    24342    43462    12445    64806    25204    17516    42551    51837    37924    33704    74927    48171    25012    33560    22998    40791    19259    44604    42551    51098    21562    21725    21893    16342    39995    49875    80808    37498    40159    17516    46190    44457    51837    58746    43859    39995    16248    36717    46517    29681    44604    51098    21562    26672    29046    49490    29046    30671    41847    64806    10892    65770    33704    27151    37498    16350    49490    30459    32998    58066    61194    10912    29681    46517    16248    35507    24604    12445    40659    45769    39995    65583    64806    27151    26624    48171    10695    41847    80808    50345    51460    75899    62898    30671    44604    24604    52597    40659    22889    39995    44304    30248    29659    14254    32998    44457    49875    40159    42957    61194    48027    10912    20997    40791    26769    49611    74276    21893        0    19259    46517    43127    67185    10912    56313    35362    44604    75899    22750    66850    54464    10695    32998    22889    80808    46517    53337    15128    20997    65583    22750    22600    45960    51837    39995    23251    20400    58066    35143    58746    43127    42551 
   60309    53933    84829   108866    14724    40440    76156    51098        0    86444    65337    52155    19349    43265    65363    74810    16356    53933    78020    44625    45901    63467    60472    36656    59825    65337    77889    60292    34958    58708    65363    12929    87109    72529    74700    46311    19349    65539    80575    67675    13600    52155    57243    12929        0    52863    69478    62888    47643    64088    12542   115413    74000    70273    65363    87286    72367    87109    28898    10267    64088    57343    71144    87613    70777    57243        0    52863    36086    64317    19644    64317    20520    76274    34958    54861   100198    74700    71733    74000    53933    19644    57376    63416     7294    76156    52008    70777    87613    57343    70112    52472    60292    75996    86827    64088    37017    34958    71733    78020    19349    48614    76274   115413    90065    12574   110327    33052    20520    57243    52472     9312    75996    31839    64088    78731    71243    59967    60160    63416    72367    12542    70273    43265    76156     5355    52008    33112    13600    59825    68081    45711    62888    51098    52155    87613    10322   101790    52008    90917    69967    57243   110327    49440   101455    24616    48614    63416    31839   115413    87613    85397    41655    33112    37017    49440    38944    15515    87109    64088    46737    50708     7294    76239    28898    10322    12929 
   37428    60575    13342    60488    73259    65588    61225    51840    86444        0    33156    36513    87184    57940    57515    33506    80922    60575    59017    70134    52419    76789    51351    68390    34555    33156    43068    60105   100074    25503    57515    77803    11660    34517    56391    84511    87184    75698    72307    57638    84128    36513    44210    77803    86444    37917    53487    28948    40447    40025    87298    66818    15451    14254    57515    20537    44063    11660    93648    79399    40025    38256    36323    54064    37350    44210    86444    37917    71156    22898    84742    22898    68321    41453   100074    56007    56172    56391    66874    15451    60575    84742    43664    20794    93294    61225    46080    37350    54064    38256    32100    39874    60105    76619    26780    40025    91979   100074    66874    59017    87184    55186    41453    66818    18578    86362    62963    98149    68321    44210    39874    87849    76619    67113    40025     8919    39851    40848    37336    20794    44063    87298    14254    57940    61225    85956    46080    65489    84128    34555    49217    97793    28948    51840    36513    54064    78379    53217    46080    56344    35393    44210    62963    43086    66408    89366    55186    20794    67113    66818    54064    13537    59618    65489    91979    43086    51286    89377    11660    40025    67742    36070    93294    30929    93648    78379    77803 
    3675    33343    32695    69679    52245    38357    56383    24342    65337    33156        0    17289    62410    53099    15311     9951    60258    33343    16666    65449    31756    44049    12122    63548    22026        0    38645    17901    79045    20443    15311    56905    33415    33114    10572    79669    62410    33494    30103    15434    57784    17289    39525    56905    65337    22185     9880     4710    23773    35184    60090    75998    17627    35593    15311    22397    39562    33415    72985    58736    35184    14276    31738    26258     5888    39525    65337    22185    43665    18585    63739    18585    47307    37315    79045    16506    61028    10572    27845    17627    33343    63739    28282    25151    72631    56383    11189     5888    26258    14276    30697    24492    17901    34232    21977    35184    87315    79045    27845    16666    62410    27687    37315    75998    26409    65699    71165    77120    47307    39525    24492    67138    34232    39882    35184    38953     6384    25466     4527    25151    39562    60090    35593    53099    56383    64841    11189    37990    57784    22026    44260    93390     4710    24342    17289    26258    57369    62374    11189    51502    30551    39525    71165    27354    62039    68703    27687    25151    39882    75998    26258    29545    32119    37990    87315    27354    30268    62953    33415    35184    40242    20688    72631    11350    72985    57369    56905 
   22567    28261    35146    59164    39063    33275    45867    19259    52155    36513    17289        0    49228    37443    28459    26632    47076    28261    29814    50078    18574    44211    20493    46468     9894    17289    28129    31050    65862     8906    28459    43723    37178    22598    26652    69154    49228    46642    43251    28583    49931        0    29010    43723    52155     9638    23028    14902    10095    24668    53101    65482    26924    20471    28459    39079    29046    37178    59803    45553    24668     5557    21222    39407    22570    29010    52155     9638    38583    14386    50557    14386    34125    26800    65862    28759    50512    26652    40994    26924    28261    50557    16041    13614    59449    45867    12559    22570    39407     5557    20181    11945    31050    47381    38659    24668    66590    65862    40994    29814    49228    22605    26800    65482    43091    52517    60650    63937    34125    29010    11945    53955    47381    34799    24668    28572    23066    13376    16757    13614    29046    53101    20471    37443    45867    51658    12559    29768    49931     9894    33878    75283    14902    19259        0    39407    44187    51859    12559    40986    20036    29010    60650    16503    51524    55520    22605    13614    34799    65482    39407    35466    27037    29768    66590    16503    17086    54427    37178    24668    35160     7912    59449    28032    59803    44187    43723 
   57382    50892    81902    91695    13690    47827    61120    48171    19349    87184    62410    49228        0    29685    62322    71883     8843    50892    74398    29614    42860    66860    57545    21620    56784    62410    60718    57251    32786    55781    62322     7182    83991    61989    71773    31275        0    63340    75195    64634    24558    49228    43317     7182    19349    49937    66551    59962    44717    49052    27729    97966    70959    75917    62322    84245    58441    83991    21295    16596    49052    54318    53974    83810    67821    43317    19349    49937    42417    61276    17453    61276    17500    59104    32786    51842    83027    71773    68807    70959    50892    17453    54613    60490    26674    61120    48982    67821    83810    54318    57462    49153    57251    75220    83900    49052    21951    32786    68807    74398        0    45688    59104    97966    87138    19550    93156    30861    17500    43317    49153    20587    75220    38284    49052    80062    68317    56926    57119    60490    58441    27729    75917    29685    61120    18861    48982    30093    24558    56784    53014    30644    59962    48171    49228    83810    11117    84343    48982    73470    57291    43317    93156    46755    84059    22554    45688    60490    38284    97966    83810    82356    38728    30093    21951    46755    35903    29602    83991    49052    57813    47667    26674    73198    21295    11117     7182 
   57476    51986    60610    62305    32432    52248    44166    42957    43265    57940    53099    37443    29685        0    64119    62572    34216    51986    65087    12635    28481    67907    48780    10734    37586    53099    31328    52910    56702    37863    64119    32554    62699    32588    62461    37212    29685    63978    78563    64243    43300    37443    13927    32554    43265    26163    59557    50650    27855    19651    46470    68635    49806    46526    64119    67805    29051    62699    44983    38923    19651    44326    24583    74499    58510    13927    43265    26163    54661    40123    42394    40123    27494    29714    56702    52458    53637    62461    72944    49806    51986    42394    29729    39366    50610    44166    37198    58510    74499    44326    28061    24270    52910    82689    74588    19651    34480    56702    72944    65087    29685    46304    29714    68635    65846    43362    63766    54777    27494    13927    24270    44503    82689    50877    19651    50671    59005    32018    45375    39366    29051    46470    46526        0    44166    42777    37198    34487    43300    37586    36035    43174    50650    42957    37443    74499    35033    54942    37198    44069    27891    13927    63766    21872    54668    46491    46304    39366    50877    68635    74499    60872    43123    34487    34480    21872    26375    52630    62699    19651    58860    29308    50610    63692    44983    35033    32554 
   10608    16465    43905    80380    51540    23881    66732    17516    65363    57515    15311    28459    62322    64119        0    20926    60179    16465     9959    76469    39101    27848    10248    63310    32756    15311    49404     5211    78993    31146        0    56721    44463    43463    12283    90019    62322    10898    18054     6389    53379    28459    50545    56721    65363    33186     6829    19000    31363    45533    60909    86711    31917    46101        0    33445    50399    44463    73329    58031    45533    25449    42659    18810    16864    50545    65363    33186    33348    35207    63660    35207    44843    47789    78993    10501    71712    12283    11644    31917    16465    63660    39220    38940    69685    66732    21170    16864    18810    25449    41054    34841     5211    23541    32943    45533    79753    78993    11644     9959    62322    17757    47789    86711    37457    65627    81841    77068    44843    50545    34841    66768    23541    33916    45533    50246    17360    36403    15427    38940    50399    60909    46101    64119    66732    60613    21170    35168    53379    32756    55553    88446    19000    17516    28459    18810    57298    72724    21170    61851    40901    50545    81841    38355    72744    68625    17757    38940    33916    86711    18810    40551    22376    35168    79753    38355    37632    59745    44463    45533    23253    31692    69685    22356    73329    57298    56721 
   14985    35638    23501    79152    61718    46928    65856    33814    74810    33506     9951    26632    71883    62572    20926        0    69731    35638    22580    74922    41229    49664    22712    73021    31499     9951    48118    23517    88518    29915    20926    66198    23987    42587    16927    89142    71883    39408    36017    21349    67257    26632    48719    66198    74810    31359    15495    12079    33889    44657    69493    85470    19822    37204    20926    12969    49034    23987    82458    68209    44657    23749    40832    22016     4893    48719    74810    31359    53138    24639    73212    24639    56780    46788    88518    28807    70501    16927    31015    19822    35638    73212    37755    37113    82104    65856    20864     4893    22016    23749    40169    33965    23517    40760    12548    44657    96488    88518    31015    22580    71883    36062    46788    85470    17052    75172    80014    86593    56780    48719    33965    76611    40760    49355    44657    31870     6867    34939    14162    37113    49034    69493    37204    62572    65856    74351    20864    47462    67257    31499    53726   102302    12079    33814    26632    22016    66774    71847    20864    60975    40024    48719    80014    36528    71512    78176    36062    37113    49355    85470    22016    20116    36225    47462    96488    36528    39741    72426    23987    44657    45147    30161    82104     5896    82458    66774    66198 
   55231    48749    79750    96226    11538    45684    65650    46020    16356    80922    60258    47076     8843    34216    60179    69731        0    48749    72246    34145    40717    64708    55394    26151    54774    60258    65249    55108    29793    53629    60179     4189    81839    66519    69621    35805     8843    61197    73052    62491    20820    47076    47848     4189    16356    47785    64400    57810    42565    53583    23614   102556    68816    65195    60179    82250    62971    81839    25825    13581    53583    52166    58504    81659    65669    47848    16356    47785    40322    59048    14460    59048    15348    63634    29793    49690    87557    69621    66655    68816    48749    14460    52192    58338    23681    65650    46830    65669    81659    52166    61992    47288    55108    73068    81748    53583    26481    29793    66655    72246     8843    43536    63634   102556    84986    16557    97686    27868    15348    47848    47288    17594    73068    36141    53583    73653    66165    54815    54976    58338    62971    23614    65195    34216    65650    15868    46830    27941    20820    54774    57544    35174    57810    46020    47076    81659     8124    88873    46830    78000    61822    47848    97686    44361    88589    19561    43536    58338    36141   102556    81659    80213    36576    27941    26481    44361    33775    26587    81839    53583    55661    45524    23681    71055    25825     8124     4189 
   23761        0    58617    83440    40110    10154    70201    16350    53933    60575    33343    28261    50892    51986    16465    35638    48749        0    22932    62554    33091    21098    15360    51880    35762    33343    52463    12066    67563    34205    16465    45292    59175    46927    26995    77706    50892    18068    29924    19362    38087    28261    53605    45292    53933    30563    21542    30894    25344    49264    45617    89770    46501    49160    16465    48157    53458    59175    61899    46601    49264    25250    45719    31783    31576    53605    53933    30563    21412    38212    52231    38212    33413    50849    67563     9656    74772    26995    23514    46501        0    52231    38394    42000    57152    70201    19915    31576    31783    25250    44113    33709    12066    29458    47655    49264    68323    67563    23514    22932    50892     6954    50849    89770    52169    54198    84901    65638    33413    53605    33709    55338    29458    18624    49264    53306    32072    37594    21700    42000    53458    45617    49160    51986    70201    45321    19915    23739    38087    35762    58612    77017    30894    16350    28261    31783    45868    76139    19915    65316    44365    53605    84901    31752    75804    57227     6954    42000    18624    89770    31783    53601    10270    23739    68323    31752    31612    44453    59175    49264    12051    28334    57152    37038    61899    45868    45292 
   12596    22932    45558    81735    64836    30370    68371    26624    78020    59017    16666    29814    74398    65087     9959    22580    72246    22932        0    77824    43744    35455    17451    75536    34014    16666    50758    14264    91651    32500     9959    69379    46116    45102     6823    91657    74398    14892    14609     5098    60844    29814    51900    69379    78020    34540     8818    20355    37070    47172    66408    87986    33784    47455     9959    35604    51753    46116    84973    63913    47172    26803    44014     9946    18518    51900    78020    34540    39815    36291    76318    36291    50780    49144    91651    19609    73067     6823     8952    33784    22932    76318    40270    40295    87576    68371    21063    18518     9946    26803    42685    36480    14264    18697    34596    47172    99669    91651     8952        0    74398    23695    49144    87986    39110    77687    83196    89726    50780    51900    36480    79426    18697    39806    47172    51601    19013    37454    16385    40295    51753    66408    47455    65087    68371    66551    21063    41050    60844    34014    56907   105484    20355    26624    29814     9946    69956    74363    21063    63490    42539    51900    83196    39709    74099    80691    23695    40295    39806    87986     9946    42752    28313    41050    99669    39709    42256    62877    46116    47172    29775    32676    87576    24557    84973    69956    69379 
   69827    62554    72960    77910    38760    59489    36723    55593    44625    70134    65449    50078    29614    12635    76469    74922    34145    62554    77824        0    41116    78504    61415    10673    50245    65449    39372    79060    58197    50214    76469    32458    74934    44938    74812    29769    29614    94652    91261    76593    49597    50078    26277    32458    44625    38799    71908    63000    40490    32002    52798    84156    69691    58877    76469    80044    41401    74934    44912    41897    32002    56943    36934    86849    70581    26277    44625    38799    61914    60009    42298    60009    34766    45319    58197    63482    69242    74812    85294    69691    62554    42298    42364    51716    51975    36723    49858    70581    86849    56943    40411    36905    79060    95040    86939    32002    34384    58197    85294    77824    29614    57311    45319    84156    78196    44852    79371    56137    34766    26277    36905    45863    95040    58131    32002    63022    71356    44653    67748    51716    41401    52798    58877    12635    36723    44137    49858    41733    49597    50245    28592    43471    63000    55593    50078    86849    36393    70533    49858    59661    40241    26277    79371    34507    70198    47856    57311    51716    58131    84156    86849    73222    50351    41733    34384    34507    39029    55544    74934    32002    69436    41943    51975    76042    44912    36393    32458 
   26728    33091    51248    75285    32717    38093    62046    24088    45901    52419    31756    18574    42860    28481    39101    41229    40717    33091    43744    41116        0    49037    29911    39146    26271    31756    44308    34040    59531    25127    39101    37260    53337    38375    41119    65674    42860    45108    57220    42546    43585    18574    42408    37260    45901    12298    38215    29307    12607    41109    46755    81615    40228    36692    39101    53747    45303    53337    53868    39207    41109    23664    37563    53156    37167    42408    45901    12298    43405    30545    44199    30545    27778    42694    59531    33589    66617    41119    51601    40228    33091    44199    15517    29836    53196    62046    18328    37167    53156    23664    35958    10613    34040    61347    53246    41109    60292    59531    51601    43744    42860    27435    42694    81615    56484    46166    76746    57607    27778    42408    10613    47306    61347    39622    41109    45150    37663    18361    26480    29836    45303    46755    36692    28481    62046    45413    18328    24681    43585    26271    50457    68985    29307    24088    18574    53156    37836    67984    18328    57263    36488    42408    76746     7651    67648    49195    27435    29836    39622    81615    53156    51742    31867    24681    60292     7651    10743    49341    53337    41109    39990    14578    53196    42629    53868    37836    37260 
   39345    21098    72643    99390    47583    17265    86143    32301    63467    76789    44049    44211    66860    67907    27848    49664    64708    21098    35455    78504    49037        0    31618    67845    51718    44049    68413    26625    83494    50155    27848    55532    73206    62874    41258    93615    66860    21997    22170    30744    40661    44211    69555    55532    63467    46514    35567    46845    41294    64944    38601   105758    62447    65111    27848    62188    69409    73206    77435    45699    64944    41201    61669    37167    45679    69555    63467    46514    22635    53995    62471    53995    49360    66799    83494    29058    90722    41258    28986    62447    21098    62471    55409    57950    57383    86143    35865    45679    37167    41201    60457    49554    26625    17332    61680    64944    78564    83494    28986    35455    66860    22904    66799   105758    66194    69793   100851    97010    49360    69555    49554    65744    17332    22447    64944    69256    46097    54609    37595    57950    69409    38601    65111    67907    86143    45307    35865    39685    40661    51718    74563    87257    46845    32301    44211    37167    51777    92135    35865    81262    60312    69555   100851    47702    91754    73152    22904    57950    22447   105758    37167    69335    26568    39685    78564    47702    47549    38003    73206    64944    10216    45349    57383    51141    77435    51777    55532 
    9720    15360    40046    74002    46742    23825    60705     6596    60472    51351    12122    20493    57545    48780    10248    22712    55394    15360    17451    61415    29911    31618        0    57805    26349    12122    42967     5178    74180    24765    10248    52040    46177    37436    15504    83992    57545    17745    26293    15731    50165    20493    44116    52040    60472    28449    10032    14968    23229    39506    56111    80320    27749    39916    10248    35159    43884    46177    68120    53233    39506    17483    36229    26199    18650    44116    60472    28449    32909    22916    58874    22916    40045    41638    74180     5704    65351    15504    19883    27749    15360    58874    36282    32510    64897    60705    11970    18650    26199    17483    35019    30427     5178    31836    34738    39506    74955    74180    19883    17451    57545    12960    41638    80320    39171    60834    75411    72255    40045    44116    30427    62273    31836    29126    39506    43816    19145    29788     7660    32510    43884    56111    39916    48780    60705    55816    11970    30371    50165    26349    49123    83649    14968     6596    20493    26199    52504    66697    11970    55824    34874    44116    75411    28572    66362    63838    12960    32510    29126    80320    26199    42306    17578    30371    74955    28572    28423    52197    46177    39506    25711    26223    64897    24112    68120    52504    52040 
   54623    51880    71059    72754    29023    48840    42168    51982    36656    68390    63548    46468    21620    10734    63310    73021    26151    51880    75536    10673    39146    67845    57805        0    48035    63548    41777    58258    50093    48313    63310    24489    73148    43037    72911    27246    21620    64347    89012    74338    39891    46468    24376    24489    36656    36828    70006    61099    38520    30101    43061    79085    60470    56976    63310    78254    39500    73148    36918    33881    30101    51558    35033    84948    68959    24376    36656    36828    51252    50787    34329    50787    24085    40163    50093    52827    64086    72911    83393    60470    51880    34329    40394    49815    43971    42168    46222    68959    84948    51558    38672    34934    58258    93139    85038    30101    26415    50093    83393    75536    21620    46673    40163    79085    76295    36754    74215    48168    24085    24376    34934    37894    93139    47469    30101    61121    69454    42683    54348    49815    39500    43061    56976    10734    42168    36168    46222    31078    39891    48035    34073    35109    61099    51982    46468    84948    28424    65391    46222    54519    38340    24376    74215    32536    65118    39851    46673    49815    47469    79085    84948    71321    39714    31078    26415    32536    33167    46887    73148    30101    58798    39973    43971    74141    36918    28424    24489 
   26404    35762    36237    54156    46640    40775    40870    26769    59825    34555    22026     9894    56784    37586    32756    31499    54774    35762    34014    50245    26271    51718    26349    48035        0    22026    23179    35347    73455    10116    32756    51183    38326    17601    31389    64156    56784    50939    47548    32880    57508     9894    24321    51183    59825    11298    28485    19577    13828    19671    60678    60487    25044    23141    32756    44017    24175    38326    67500    53131    19671    13185    16435    43426    27437    24321    59825    11298    46086    15535    58122    15535    41702    21565    73455    36270    45488    31389    41871    25044    35762    58122    16291    15980    67146    40870    21009    27437    43426    13185    15184    13726    35347    51617    43516    19671    72091    73455    41871    34014    56784    30116    21565    60487    41473    60214    55617    71530    41702    24321    13726    61230    51617    42300    19671    27286    27933    14515    24035    15980    24175    60678    23141    37586    40870    59337    21009    38605    57508        0    29329    77905    19577    26769     9894    43426    51760    46862    21009    35989    15039    24321    55617    16467    46520    63218    30116    15980    42300    60487    43426    36440    34548    38605    72091    16467    24666    63229    38326    19671    42671     9922    67146    32329    67500    51760    51183 
    3675    33343    32695    69679    52245    38357    56383    24342    65337    33156        0    17289    62410    53099    15311     9951    60258    33343    16666    65449    31756    44049    12122    63548    22026        0    38645    17901    79045    20443    15311    56905    33415    33114    10572    79669    62410    33494    30103    15434    57784    17289    39525    56905    65337    22185     9880     4710    23773    35184    60090    75998    17627    35593    15311    22397    39562    33415    72985    58736    35184    14276    31738    26258     5888    39525    65337    22185    43665    18585    63739    18585    47307    37315    79045    16506    61028    10572    27845    17627    33343    63739    28282    25151    72631    56383    11189     5888    26258    14276    30697    24492    17901    34232    21977    35184    87315    79045    27845    16666    62410    27687    37315    75998    26409    65699    71165    77120    47307    39525    24492    67138    34232    39882    35184    38953     6384    25466     4527    25151    39562    60090    35593    53099    56383    64841    11189    37990    57784    22026    44260    93390     4710    24342    17289    26258    57369    62374    11189    51502    30551    39525    71165    27354    62039    68703    27687    25151    39882    75998    26258    29545    32119    37990    87315    27354    30268    62953    33415    35184    40242    20688    72631    11350    72985    57369    56905 
