dep73 0 0 60
**************************************DATA
10 136 480 8 1.33
**************************************DISTANCE
       0   110898   147841   115851   114660   105699   120387    55636   134490    52659   106132   124877    66338   100923    57585    89153    50250   147841    33046   117978    70199   113577    86951   108336    73900    20478    20478    27059   106132    70199   132240   136159   118455   141187    29269    96175    73900    38190    55259   108531   120588   109437    38190    55636    50110   142453    83719    55636   131280   109437   144833    46813    48699    71634   116019   152233   123690   140196    73617    50818   123760   136159   104512    91900    67205   110831   146301    70199    46460    75312   133220    63715    91900    73699    67205    46460   111477    29269   161596    86951    75830    69686    61259    69145    57585   120321   115851    95725   120387   147841   113577   137267    34185    83719    73699    46460    86383   108531   144833   114571   144548   137267    83719   136159   110898    27059    71634   120598    66338    86383    66240    64071    33808   110898   147841    27059   105699    34185   111524    50110    27059    59274   109437   140196   120387   110831    27059    55259   142453    71634   115346    98562    33919    66338   106132   116019    75312 
  110898        0    38166     5995    12892    14410    79708   102739    24816   132022    69700    22968    58115    16474    66303    23921    97352    38166    80149    77298    50561    11809    25604    17921    40099    90226    90226   107532    69700    50561    21897    95479   143690    31512    82879    17784    40099    84868   102362     5172    10913    32788    84868   102739   129473    32782    32519   102739    21605    32788    35159   126177    88380    52365     9429   111553    14238    99517    69528    97543    14501    95479     8976    51221    47936    70151   105622    50561    76733    80775    31895    58666    51221    42581    47936    76733     4599    82879   119400    25604    70781    50049    51048    64096    66303    10568     5995    22904    79708    38166    11809    28008   110477    32519    42581    76733    44186     5172    35159    73036   102539    28008    32519    95479        0   107532    52365    79918    58115    44186    46884    72795   114265        0    38166   107532    14410   110477     5761   129473   107532    90523    32788    99517    79708    70151   107532   102362    32782    52365     5671    56366   113066    58115    69700     9429    80775 
  147841    38166        0    39702    49657    51606   117088   139557    54734   168923   101132    47657    95063    53146   103145    63689   134296        0   117247   113905    87430    48054    65334    51794    77295   127422   127422   144483   101132    87430    51850   132183   180588    44488   119758    54576    77295   122064   139211    42368    27277    42636   122064   139557   166427    52518    69396   139557    25283    42636     4132   163171   125767    89243    46709   148454    30896   130389   106429   134739    24447   132183    46172    88168    85137   107314   142704    87430   113625   117774    61855    95567    88168    79765    85137   113625    41797   119758   156596    65334   107682    86840    88042   101106   103145    39184    39702    60565   117088        0    48054    22084   148386    69396    79765   113625    81382    42368     4132   109571   139548    22084    69396   132183    38166   144483    89243   116819    95063    81382    84004   109827   151216    38166        0   144483    51606   148386    43038   166427   144483   127719    42636   130389   117088   107314   144483   139211    52518    89243    34920    93562   150262    95063   101132    46709   117774 
  115851     5995    39702        0    15327    19435    84661   107692    27368   136975    68960    27921    63067    21427    70973    31517   102305    39702    85102    82251    55514    16762    33163    19623    45124    95251    95251   112485    68960    55514    25294   100432   148643    34064    87832    22405    45124    89892   107315    10197    12449    42728    89892   107692   134426    35334    37225   107692    20514    42728    36695   131130    93333    57318    14097   116506    16743   104470    74481   102567    15862   100432    14000    56174    52889    75104   110575    55514    81453    85603    34447    63619    56174    47593    52889    81453     7393    87832   124424    33163    75734    55002    55870    69049    70973     5878        0    27857    84661    39702    16762    30320   116214    37225    47593    81453    49211    10197    36695    77399   107376    30320    37225   100432     5995   112485    57318    84871    63067    49211    51833    77656   119218     5995    39702   112485    19435   116214    10866   134426   112485    95548    42728   104470    84661    75104   112485   107315    35334    57318     8233    61391   118091    63067    68960    14097    85603 
  114660    12892    49657    15327        0    16912    83777   106808    34666   136091    67950    26072    62184    16439    69963    30507   101422    49657    84218    81368    54631    14982    32153    18299    44114    94240    94240   111302    67950    54631    34233    99549   147406    43003    86948    21395    44114    88882   106431    10525    22404    35893    88882   106808   133542    44447    36215   106808    33096    35893    46649   130246    92585    56434    11474   115623    19155   103586    73597   101557    25753    99549    12677    55290    52005    74220   109691    54631    80443    84593    26841    62736    55290    46583    52005    80443     8334    86948   123414    32153    74850    54118    54860    68166    69963    22314    15327    26973    83777    49657    14982    39260   115204    36215    46583    80443    48201    10525    46649    76389   106366    39260    36215    99549    12892   111302    56434    83987    62184    48201    50823    76646   118334    12892    49657   111302    16912   115204     5992   133542   111302    94538    35893   103586    83777    74220   111302   106431    44447    56434    17162    60381   117080    62184    67950    11474    84593 
  105699    14410    51606    19435    16912        0    74508    97539    38255   126822    64500    28501    52915     7347    61104    18066    92153    51606    74949    72099    45362    17342    19749    14403    37819    87945    87945   102332    64500    45362    35336    90280   138491    44952    77679    10032    37819    78884    97162    12700    24353    38321    78884    97539   124274    46221    27320    97539    35045    38321    48598   120977    83180    47165    17740   106354    27677    94317    64328    92595    27552    90280     8131    46021    42737    64952   100422    45362    71533    75575    34671    53467    46021    37381    42737    71533    12910    77679   114468    19749    65581    44849    45848    58897    61104    24007    19435    14882    74508    51606    17342    41058   105277    27320    37381    71533    41906    12700    48598    67836    97340    41058    27320    90280    14410   102332    47165    74718    52915    41906    41684    67595   109065    14410    51606   102332        0   105277    12171   124274   102332    85539    38321    94317    74508    64952   102332    97162    46221    47165    19111    51103   108079    52915    64500    17740    75575 
  120387    79708   117088    84661    83777    74508        0   112103   103933   143212    15462    93687    67610    69733    75691    60249   106843   117088    91339    21329    59976    82174    58047    77146    45970    99968    99968   117030    15462    59976   101049    39596    90555   109700    92304    64984    45970    94610   111757    77341    89835    80533    94610   112103   138974   111263    52390   112103   100527    80533   113597   135718    98313    52150    85266    58270    92499    37802    80718   107285    92570    39596    73322    44322    57683    15815    48014    59976    86171    90321   102029    69856    44322    50754    57683    86171    80287    92304    66563    58047    81971    55087    60588    73652    75691    89131    84661    64659        0   117088    82174   106076   120932    52390    50754    86171    37696    77341   113597    40261    49515   106076    52390    39596    79708   117030    52150    23994    67610    37696    56551    82374   123762    79708   117088   117030    74508   120932    80334   138974   117030   100266    80533    37802        0    15815   117030   111757   111263    52150    84593    40017   122808    67610    15462    85266    90321 
   55636   102739   139557   107692   106808    97539   112103        0   126964    76807    97972   116717    56876    92764    49425    80993    34139   139557    23318   109693    62244   105293    78791   100177    65740    35217    35217    52278    97972    62244   124080   127874   177428   132903    27664    88015    65740    18386    42833   100372   112303   101277    18386        0    74222   134294    75559        0   122996   101277   136628    70962    40539    63340   107734   143948   115530   131912    65333    22816   115600   127874    96352    85008    58920   104154   138017    62244    38300    77388   125060    55431    85008    65539    58920    38300   103317    27664   153436    78791    67545    61402    53099    60720    49425   112161   107692    87440   112103   139557   105293   129107    56180    75559    65539    38300    78223   100372   136628   106411   136388   129107    75559   127874   102739    52278    63340   112313    56876    78223    58080    55912    59011   102739   139557    52278    97539    56180   103364    74222    52278    83411   101277   131912   112103   104154    52278    42833   134294    63340   107062    90402    58056    56876    97972   107734    77388 
  134490    24816    54734    27368    34666    38255   103933   126964        0   156248    87781    46216    81713    39795    89794    50338   120946    54734   104374   101524    74080    36034    51984    38444    63945   114071   114071   131133    87781    74080     4083   119705   167237    17695   107104    41226    63945   108713   126587    29017    31021    58417   108713   126964   153077     6274    56046   126964    30571    58417    57608   150402   112416    75893    28108   135779    32251   123742    93753   121388    39506   119705    32821    74817    72162    93963   129847    74080   100274   104424     8281    82892    74817    66414    72162   100274    28446   107104   143245    51984    95006    74274    74691    87755    89794    30661    27368    47129   103933    54734    36034    45828   135035    56046    66414   100274    68032    29017    57608    96220   126197    45828    56046   119705    24816   131133    75893   104143    81713    68032    70654    96477   137866    24816    54734   131133    38255   135035    29687   153077   131133   114369    58417   123742   103933    93963   131133   126587     6274    75893    25779    80211   136911    81713    87781    28108   104424 
   52659   132022   168923   136975   136091   126822   143212    76807   156248        0   127255   146001    86160   122047    78709   110277    71499   168923    54295   108400    91527   134488   108075   129460    95023    41602    41602    40160   127255    91527   153364   118378    66424   162014    51707   117299    95023    59314    76461   129655   141780   130561    59314    76807    30018   163577   104842    76807   152472   130561   165911    20164    69823    92623   137211   117689   144813   105753    94810    71942   144884   118378   125636   114292    88496   133437   111858    91527    67583    74546   154344    83265   114292    94823    88496    67583   132601    51707    78515   108075    97022    90938    82382    78702    78709   141445   136975   116973   143212   168923   134488   158390    48436   104842    94823    67583   107506   129655   165911   135694    81405   158390   104842   118378   132022    40160    92623   107145    86160   107506    87364    85195    46893   132022   168923    40160   126822    48436   132648    30018    40160    58508   130561   105753   143212   133437    40160    76461   163577    92623   136539   119686    33153    86160   127255   137211    74546 
  106132    69700   101132    68960    67950    64500    15462    97972    87781   127255        0    78026    53348    54008    65683    42889    92586   101132    75382    13758    45795    66868    40687    67138    35962    89960    89960   102765        0    45795    91041    31567    80279    94478    78112    54976    35962    84602    97595    67333    73878    63240    84602    97972   124707    95747    35030    97972    84571    63240    98124   121410    83613    37394    69309    48142    82491    36106    64761    97277    82561    31567    63313    29255    43170     4386    42211    45795    38544    80312    86241    53900    29255    40746    43170    38544    70278    78112    56554    40687    66014    40154    50580    59330    65683    73533    68960    49015    15462   101132    66868    96068   105710    35030    40746    38544    22562    67333    98124    25127    39506    96068    35030    31567    69700   102765    37394    16006    53348    22562    46542    72365   109498    69700   101132   102765    64500   105710    70325   124707   102765    90257    63240    36106    15462     4386   102765    97595    95747    37394    68637    24883   112800    53348        0    69309    80312 
  124877    22968    47657    27921    26072    28501    93687   116717    46216   146001    78026        0    72093    27538    80039    33399   111331    47657    94128    91277    64540    12715    42229    21124    54190   104316   104316   121378    78026    64540    44309   109458   157482    52913    96858    28128    54190    98958   116341    18195    29370    14434    98958   116717   143452    54523    46291   116717    43006    14434    44649   140156   102661    66344    27431   125532    24641   113496    83507   111633    26017   109458    19684    65200    61915    84130   119601    64540    90519    94669    44362    72645    65200    56659    61915    90519    22650    96858   133490    42229    65767    64028    64936    78075    80039    32390    27921    31802    93687    47657    12715    32743   125280    46291    56659    90519    58277    18195    44649    86465   116442    32743    46291   109458    22968   121378    66344    93897    72093    58277    60899    86722   128244    22968    47657   121378    28501   125280    22697   143452   121378   104614    14434   113496    93687    84130   121378   116341    54523    66344    27072    70457   127156    72093    78026    27431    94669 
   66338    58115    95063    63067    62184    52915    67610    56876    81713    86160    53348    72093        0    48140    21641    36369    52793    95063    34286    65200    15003    60799    34167    55552    21116    45919    45919    62980    53348    15003    79456    83381   132804    88409    37017    43391    21116    40560    56500    55748    67810    56653    40560    56876    84924    89670    30935    56876    78502    56653    92056    80314    44264    15763    63241    99455    70906    87419    21100    53235    70976    83381    51728    39123    12432    58053    93523    15003    32121    31859    80436     9746    39123    17963    12432    32121    58693    37017   108812    34167    21734    16409     8235    15176    21641    67537    63067    42947    67610    95063    60799    84483    66882    30935    17963    32121    33599    55748    92056    61787    91764    84483    30935    83381    58115    62980    15763    67820        0    33599    11298    28324    68402    58115    95063    62980    52915    66882    58740    84924    62980    41804    56653    87419    67610    58053    62980    56500    89670    15763    62568    45778    56719        0    53348    63241    31859 
  100923    16474    53146    21427    16439     7347    69733    92764    39795   122047    54008    27538    48140        0    56021    13996    87378    53146    70174    67323    40586    18882    15641    12861    30171    80298    80298    97359    54008    40586    37815    85504   133464    46491    72904     4585    30171    74940    92387    14107    25892    36917    74940    92764   119498    48029    22272    92764    36584    36917    50138   116202    78643    42390    21323   101578    29265    89542    59553    87615    29335    85504     8177    41246    37961    60176    95647    40586    66501    70650    34577    48691    41246    32641    37961    66501    17052    72904   109472    15641    60806    40074    40918    54121    56021    25896    21427    10821    69733    53146    18882    42842   101262    22272    32641    66501    34259    14107    50138    62447    92424    42842    22272    85504    16474    97359    42390    69943    48140    34259    36881    62704   104290    16474    53146    97359     7347   101262    17099   119498    97359    80596    36917    89542    69733    60176    97359    92387    48029    42390    20651    46438   103138    48140    54008    21323    70650 
   57585    66303   103145    70973    69963    61104    75691    49425    89794    78709    65683    80039    21641    56021        0    44558    44039   103145    26835    73281    17361    68881    42356    63741    29304    37104    37104    54218    65683    17361    86875    91462   139673    96491    29566    51031    29304    31745    49049    63936    75891    64656    31745    49425    76160    97760    39123    49425    86584    64656   100137    72863    35066    26937    71322   107537    79094    95500    28921    44420    79165    91462    59917    47204    22509    66134   101605    17361    23419    41127    88254    19019    47204    28883    22509    23419    66882    29566   117001    42356    31133    24990    16619    24449        0    75546    70973    51029    75691   103145    68881    92671    57164    39123    28883    23419    41787    63936   100137    69976    98522    92671    39123    91462    66303    54218    26937    75901    21641    41787    21456    19477    60951    66303   103145    54218    61104    57164    66527    76160    54218    50898    64656    95500    75691    66134    54218    49049    97760    26937    70650    53967    59944    21641    65683    71322    41127 
   89153    23921    63689    31517    30507    18066    60249    80993    50338   110277    42889    33399    36369    13996    44558        0    75607    63689    58403    57839    29077    24845     7505    17440    19958    68621    68621    85786    42889    29077    47419    76020   124231    57035    61134     9046    19958    63263    80617    21554    36435    39474    63263    80993   107728    58304    11100    80993    47128    39474    60681   104431    66634    22348    31866    92094    39760    80058    47783    75938    36783    76020    15625    29323    23828    50692    86163    29077    54987    59029    48798    36921    29323    20649    23828    54987    24500    61134   100929     7505    49035    26025    29303    42351    44558    36090    31517     9571    60249    63689    24845    50289    88731    11100    20649    54987    22435    21554    60681    51359    83080    50289    11100    76020    23921    85786    22348    60459    36369    22435    25000    51050    92519    23921    63689    85786    18066    88731    27071   107728    85786    68919    39474    80058    60249    50692    85786    80617    58304    22348    31194    34614    91461    36369    42889    31866    59029 
   50250    97352   134296   102305   101422    92153   106843    34139   120946    71499    92586   111331    52793    87378    44039    75607        0   134296    17995   104433    56654   100032    73405    94790    60354    29830    29830    46892    92586    56654   118694   122614   172042   127642    15984    82629    60354    18044    40293    94985   107043    95891    18044    34139    68950   128908    70173    34139   117735    95891   131289    65654    35153    58089   102474   138688   110144   126652    60072    21214   110214   122614    90966    78355    53660    97286   132756    56654    32914    72002   119674    50170    78355    60153    53660    32914    97931    15984   148050    73405    62285    56142    47713    55600    44039   106775   102305    82180   106843   134296   100032   123721    50794    70173    60153    32914    72837    94985   131289   101025   131002   123721    70173   122614    97352    46892    58089   107053    52793    72837    52694    50525    53742    97352   134296    46892    92153    50794    97978    68950    46892    78025    95891   126652   106843    97286    46892    40293   128908    58089   101801    85016    52670    52793    92586   102474    72002 
  147841    38166        0    39702    49657    51606   117088   139557    54734   168923   101132    47657    95063    53146   103145    63689   134296        0   117247   113905    87430    48054    65334    51794    77295   127422   127422   144483   101132    87430    51850   132183   180588    44488   119758    54576    77295   122064   139211    42368    27277    42636   122064   139557   166427    52518    69396   139557    25283    42636     4132   163171   125767    89243    46709   148454    30896   130389   106429   134739    24447   132183    46172    88168    85137   107314   142704    87430   113625   117774    61855    95567    88168    79765    85137   113625    41797   119758   156596    65334   107682    86840    88042   101106   103145    39184    39702    60565   117088        0    48054    22084   148386    69396    79765   113625    81382    42368     4132   109571   139548    22084    69396   132183    38166   144483    89243   116819    95063    81382    84004   109827   151216    38166        0   144483    51606   148386    43038   166427   144483   127719    42636   130389   117088   107314   144483   139211    52518    89243    34920    93562   150262    95063   101132    46709   117774 
   33046    80149   117247    85102    84218    74949    91339    23318   104374    54295    75382    94128    34286    70174    26835    58403    17995   117247        0    88155    39654    82615    56201    77587    43150    12627    12627    29688    75382    39654   101490   106433   154838   110140     4962    65425    43150     4918    22302    77782    89994    78687     4918    23318    51632   111704    52969    23318   100686    78687   114038    48376    17949    40750    85425   121639    92940   104640    43023    18437    93010   106433    73762    62418    36623    81564   116954    39654    15710    54798   102470    33121    62418    42949    36623    15710    80727     4962   130846    56201    45235    39064    30509    38130    26835    89571    85102    65100    91339   117247    82615   106517    33590    52969    42949    15710    55633    77782   114038    83821   113798   106517    52969   106433    80149    29688    40750    90003    34286    55633    35491    33322    36421    80149   117247    29688    74949    33590    80774    51632    29688    60821    78687   104640    91339    81564    29688    22302   111704    40750    84752    67812    35466    34286    75382    85425    54798 
  117978    77298   113905    82251    81368    72099    21329   109693   101524   108400    13758    91277    65200    67323    73281    57839   104433   113905    88155        0    57567    79765    55637    74736    43560    97559    97559   114620    13758    57567    98640    21259    69787   107290    90886    62575    43560    92200   110369    74931    86651    78123    92200   109693   136564   108853    49980   109693    97344    78123   111188   134183    95904    49740    82083    37721    90089    19499    77535   104875    90160    21259    70912    42618    55943    14111    29710    57567    83761    87911    99620    66673    42618    48345    55943    83761    77877    90886    45795    55637    78787    52927    58179    71243    73281    86721    82251    61789    21329   113905    79765   103666   118522    49980    48345    83761    35992    74931   111188    38557    28747   103666    49980    21259    77298   114620    49740     5457    65200    35992    54141    79964   121353    77298   113905   114620    72099   118522    77924   136564   114620    97856    78123    19499    21329    14111   114620   110369   108853    49740    81410    38313   120399    65200    13758    82083    87911 
   70199    50561    87430    55514    54631    45362    59976    62244    74080    91527    45795    64540    15003    40586    17361    29077    56654    87430    39654    57567        0    53166    26875    47999    12110    49780    49780    66841    45795        0    71903    75748   125251    80776    42384    35838    12110    44421    61867    48194    60177    49361    44421    62244    88785    82116    23642    62244    70869    49361    84422    85682    48125    11423    55608    91822    63353    79786    29033    57096    63423    75748    44175    26987     7312    50420    85890        0    35982    40132    72883    18172    26987    13623     7312    35982    51140    42384   101259    26875    30286     5862     7871    23601    17361    59984    55514    35314    59976    87430    53166    76929    70743    23642    13623    35982    20226    48194    84422    54234    84211    76929    23642    75748    50561    66841    11423    60187    15003    20226     6184    32185    73770    50561    87430    66841    45362    70743    51187    88785    66841    50077    49361    79786    59976    50420    66841    61867    82116    11423    54935    32406    72620    15003    45795    55608    40132 
  113577    11809    48054    16762    14982    17342    82174   105293    36034   134488    66868    12715    60799    18882    68881    24845   100032    48054    82615    79765    53166        0    31070    12068    43031    93158    93158   110219    66868    53166    33151    97946   146324    41801    85345    16970    43031    87800   104828     7037    20801    22536    87800   105293   132163    43364    35132   105293    31493    22536    45698   128643    91503    54979    15918   114020    17451   101983    71994   100475    24671    97946     8525    53904    50403    73050   108088    53166    79361    83510    33234    61133    53904    45501    50403    79361    11492    85345   122332    31070    73247    52515    53778    66842    68881    21232    16762    20289    82174    48054        0    38177   114122    35132    45501    79361    47118     7037    45698    75307   105284    38177    35132    97946    11809   110219    54979    82384    60799    47118    49741    75563   116952    11809    48054   110219    17342   114122    11539   132163   110219    93455    22536   101983    82174    73050   110219   104828    43364    54979    15559    59298   115998    60799    66868    15918    83510 
   86951    25604    65334    33163    32153    19749    58047    78791    51984   108075    40687    42229    34167    15641    42356     7505    73405    65334    56201    55637    26875    31070        0    22089    17735    66399    66399    83584    40687    26875    49065    73818   122029    58680    58932    10692    17735    61040    78415    23237    38081    34674    61040    78791   105526    59950     5408    78791    48773    34674    62327   102229    64432    20146    33512    89892    41406    77856    45581    73715    38466    73818    17308    27121    21626    48490    83961    26875    52785    56827    50443    34719    27121    18447    21626    52785    26183    58932    98707        0    46833    23823    27101    40149    42356    37736    33163     9740    58047    65334    31070    51972    86529     5408    18447    52785    20212    23237    62327    49157    80878    51972     5408    73818    25604    83584    20146    58257    34167    20212    22798    48848    90317    25604    65334    83584    19749    86529    28717   105526    83584    66696    34674    77856    58047    48490    83584    78415    59950    20146    32839    32392    89239    34167    40687    33512    56827 
  108336    17921    51794    19623    18299    14403    77146   100177    38444   129460    67138    21124    55552    12861    63741    17440    94790    51794    77587    74736    47999    12068    22089        0    37589    87715    87715   104970    67138    47999    35524    92917   141128    45140    80317    14171    37589    82357    99800    10536    24541    27199    82357   100177   126911    46409    29689   100177    35233    27199    48786   123615    85818    49803    19658   108991    21300    96955    66966    95032    30783    92917     8257    48659    45374    67589   103060    47999    74170    78213    36590    56104    48659    36583    45374    74170    14600    80317   116889    22089    68219    47487    48486    61534    63741    24196    19623    17124    77146    51794    12068    44289   107915    29689    36583    74170    41676    10536    48786    70474    99977    44289    29689    92917    17921   104970    49803    77356    55552    41676    44322    70233   111703    17921    51794   104970    14403   107915    14863   126911   104970    88013    27199    96955    77146    67589   104970    99800    46409    49803    19299    53855   110555    55552    67138    19658    78213 
   73900    40099    77295    45124    44114    37819    45970    65740    63945    95023    35962    54190    21116    30171    29304    19958    60354    77295    43150    43560    12110    43031    17735    37589        0    53353    53353    70533    35962    12110    61026    61741   109952    70641    45880    25182        0    47085    65363    38389    50042    40270    47085    65740    92474    71911    10051    65740    60734    40270    74288    89178    51381     7094    45473    77815    53367    65779    32529    60796    53163    61741    34199    15615     8574    36413    71884    12110    39734    43776    62404    21668    15615     5395     8574    39734    40643    45880    85929    17735    33782     9854    14049    27098    29304    49697    45124    25179    45970    77295    43031    66665    73478    10051     5395    39734     8853    38389    74288    39298    68801    66665    10051    61741    40099    70533     7094    46180    21116     8853     9746    35796    77266    40099    77295    70533    37819    73478    40678    92474    70533    53739    40270    65779    45970    36413    70533    65363    71911     7094    44800    20697    76280    21116    35962    45473    43776 
   20478    90226   127422    95251    94240    87945    99968    35217   114071    41602    89960   104316    45919    80298    37104    68621    29830   127422    12627    97559    49780    93158    66399    87715    53353        0        0    17111    89960    49780   111152   115740   107322   120768     8850    75308    53353    16562    34840    88516   100169    88933    16562    35217    39053   122037    63171    35217   110861    88933   124414    35756    26963    51215    95600   131814   103493   119777    53198    30273   103290   115740    84326    71481    46786    90412   125882    49780    25965    64251   112531    43296    71481    53161    46786    25965    90770     8850   139928    66399    55410    49267    40897    48726    37104    99823    95251    75306    99968   127422    93158   116791    21991    63171    53161    25965    65950    88516   124414    93296   122800   116791    63171   115740    90226    17111    51215   100178    45919    65950    45733    43792    23844    90226   127422    17111    87945    21991    90804    39053    17111    48213    88933   119777    99968    90412    17111    34840   122037    51215    94927    76563    22858    45919    89960    95600    64251 
   20478    90226   127422    95251    94240    87945    99968    35217   114071    41602    89960   104316    45919    80298    37104    68621    29830   127422    12627    97559    49780    93158    66399    87715    53353        0        0    17111    89960    49780   111152   115740   107322   120768     8850    75308    53353    16562    34840    88516   100169    88933    16562    35217    39053   122037    63171    35217   110861    88933   124414    35756    26963    51215    95600   131814   103493   119777    53198    30273   103290   115740    84326    71481    46786    90412   125882    49780    25965    64251   112531    43296    71481    53161    46786    25965    90770     8850   139928    66399    55410    49267    40897    48726    37104    99823    95251    75306    99968   127422    93158   116791    21991    63171    53161    25965    65950    88516   124414    93296   122800   116791    63171   115740    90226    17111    51215   100178    45919    65950    45733    43792    23844    90226   127422    17111    87945    21991    90804    39053    17111    48213    88933   119777    99968    90412    17111    34840   122037    51215    94927    76563    22858    45919    89960    95600    64251 
   27059   107532   144483   112485   111302   102332   117030    52278   131133    40160   102765   121378    62980    97359    54218    85786    46892   144483    29688   114620    66841   110219    83584   104970    70533    17111    17111        0   102765    66841   128873   132801   105880   137829    25911    92808    70533    34824    51901   105165   117230   105994    34824    52278    37611   139099    80352    52278   127922   105994   141476    34314    44024    68276   112661   148875   120323   136839    70259    47451   120393   132801   101145    88542    63847   107473   142943    66841    43093    62824   129592    60357    88542    70332    63847    43093   108110    25911   118059    83584    72472    66328    57892    65787    54218   116885   112485    92367   117030   144483   110219   133900    30121    80352    70332    43093    83016   105165   141476   111204   141181   133900    80352   132801   107532        0    68276   117240    62980    83016    62874    60705    17430   107532   144483        0   102332    30121   108157    37611        0    46786   105994   136839   117030   107473        0    51901   139099    68276   111988    95195    21432    62980   102765   112661    62824 
  106132    69700   101132    68960    67950    64500    15462    97972    87781   127255        0    78026    53348    54008    65683    42889    92586   101132    75382    13758    45795    66868    40687    67138    35962    89960    89960   102765        0    45795    91041    31567    80279    94478    78112    54976    35962    84602    97595    67333    73878    63240    84602    97972   124707    95747    35030    97972    84571    63240    98124   121410    83613    37394    69309    48142    82491    36106    64761    97277    82561    31567    63313    29255    43170     4386    42211    45795    38544    80312    86241    53900    29255    40746    43170    38544    70278    78112    56554    40687    66014    40154    50580    59330    65683    73533    68960    49015    15462   101132    66868    96068   105710    35030    40746    38544    22562    67333    98124    25127    39506    96068    35030    31567    69700   102765    37394    16006    53348    22562    46542    72365   109498    69700   101132   102765    64500   105710    70325   124707   102765    90257    63240    36106    15462     4386   102765    97595    95747    37394    68637    24883   112800    53348        0    69309    80312 
   70199    50561    87430    55514    54631    45362    59976    62244    74080    91527    45795    64540    15003    40586    17361    29077    56654    87430    39654    57567        0    53166    26875    47999    12110    49780    49780    66841    45795        0    71903    75748   125251    80776    42384    35838    12110    44421    61867    48194    60177    49361    44421    62244    88785    82116    23642    62244    70869    49361    84422    85682    48125    11423    55608    91822    63353    79786    29033    57096    63423    75748    44175    26987     7312    50420    85890        0    35982    40132    72883    18172    26987    13623     7312    35982    51140    42384   101259    26875    30286     5862     7871    23601    17361    59984    55514    35314    59976    87430    53166    76929    70743    23642    13623    35982    20226    48194    84422    54234    84211    76929    23642    75748    50561    66841    11423    60187    15003    20226     6184    32185    73770    50561    87430    66841    45362    70743    51187    88785    66841    50077    49361    79786    59976    50420    66841    61867    82116    11423    54935    32406    72620    15003    45795    55608    40132 
  132240    21897    51850    25294    34233    35336   101049   124080     4083   153364    91041    44309    79456    37815    86875    47419   118694    51850   101490    98640    71903    33151    49065    35524    61026   111152   111152   128873    91041    71903        0   116821   165032    14715   104220    38307    61026   105794   123704    26098    28137    55407   105794   124080   150815     5441    53126   124080    27687    55407    48843   147518   109721    73707    30989   132895    29332   120858    90869   118469    36587   116821    29902    72562    69278    91493   126963    71903    98074   101505    11162    80008    72562    63495    69278    98074    25527   104220   140326    49065    92122    71390    71772    85438    86875    27791    25294    44245   101049    51850    33151    42909   131818    53126    63495    98074    65113    26098    48843    93301   123278    42909    53126   116821    21897   128873    73707   101259    79456    65113    67735    93558   135606    21897    51850   128873    35336   131818    26768   150815   128873   111450    55407   120858   101049    91493   128873   123704     5441    73707    22895    77292   133992    79456    91041    30989   101505 
  136159    95479   132183   100432    99549    90280    39596   127874   119705   118378    31567   109458    83381    85504    91462    76020   122614   132183   106433    21259    75748    97946    73818    92917    61741   115740   115740   132801    31567    75748   116821        0    79964   125471   109164    80756    61741   110382   128647    93112   104929    96304   110382   127874   154745   127034    68161   127874   115622    96304   129369   152461   114085    67921   100361    47699   108270    29477    95813   123056   108341        0    89093    60427    74221    31920    39688    75748   101942   106092   117801    84951    60427    66526    74221   101942    96058   109164    55972    73818    97065    71205    76360    89424    91462   104902   100432    80067    39596   132183    97946   121847   136703    68161    66526   101942    53801    93112   129369    56366    38924   121847    68161        0    95479   132801    67921    19908    83381    53801    72322    98145   139534    95479   132183   132801    90280   136703    96105   154745   132801   116037    96304    29477    39596    31920   132801   128647   127034    67921    99688    56122   138580    83381    31567   100361   106092 
