dep52 0 0 60
**************************************DATA
4 58 480 8 1.33
**************************************DISTANCE
       0   131072    11655    84509   102672   153457    75546    28140     9626    20495     8470     5248   126290   119799    35931   102672    31799   132642    54503   102672   167745    11655   113835   138268     5340    65060    32369    20495   167745    28140   167745    54503   137949    98498   123910    20974    64426    94948    49611    64426    49611    73747   126290    51000    64426    98498    49611    32369    63756    17934    99479     5340    93165    32369    93165    99479    74961    73747    35931 
  131072        0   147563    49692    30232    48005    73662   127241   135295   126197   125194   135895    23115    16012   100790    30232   104082    11288    84166    30232    38393   147563    23733    31964   144931    93685   127726   126197    38393   127241    38393    84166    10977    40461    15237   118689    75940    52270    90417    75940    90417    79448    23115    82762    75940    40461    90417   127726    78908   118847    35349   144931    45813   127726    45813    35349    56888    79448   100790 
   11655   147563        0    98378   116355   162840    75605    19621    21079    19626    20265     9132   129451   136290    47502   116355    43647   146385    66263   116355   134280        0   127193   142247    15597    52857    25913    19626   134280    19621   134280    66263   142076   109558   139823    27712    76287   100899    60834    76287    60834    73271   129451    63839    76287   109558    60834    25913    74978    15062   116141    15597   104383    25913   104383   116141    86184    73271    47502 
   84509    49692    98378        0    21289    55080    14305    80805    80031    70933    78631    89332    46764    38419    56971    21289    57520    51262    43270    21289    40975    98378    29151    59560    89667    40641    61202    70933    40975    80805    40975    43270    38333    26483    44757    72126    38322    18443    44925    38322    44925    19715    46764    36199    38322    26483    44925    61202    32368    72284    18099    89667    19232    61202    19232    18099    10411    19715    56971 
  102672    30232   116355    21289        0    43697    45263    98781   106835    97737    96794   107496    19066    18960    74865        0    75683    31802    58241        0    29417   116355    13042    32322   116471    67445    99327    97737    29417    98781    29417    58241    18873    34045    25240    90289    50015    23810    71729    50015    71729    51048    19066    64074    50015    34045    71729    99327    50448    90447     6865   116471    21330    99327    21330     6865    28491    51048    74865 
  153457    48005   162840    55080    43697        0    76738   133083   147231    86722    96059   156441    66682    40248    59907    43697    66724    44513    48939    43697    15053   162840    28797    79477   152357    74687    88973    86722    15053   133083    15053    48939    50670    18970    36981    89554    41573    63872    54286    41573    54286    55015    66682    61069    41573    18970    54286    88973    37691    89712    43483   152357    25502    88973    25502    43483    47316    55015    59907 
   75546    73662    75605    14305    45263    76738        0    57657    70005    60907    69767    80962    56515    62390    47945    45263    48453    75232    32338    45263    63252    75605    56260    69236    79641    26695    48510    60907    63252    57657    63252    32338    68175    35854    68670    62903    33632    25174    34899    33632    34899     7036    56515    27245    33632    35854    34899    48510    27576    63189    45223    79641    30521    48510    30521    45223     7351     7036    47945 
   28140   127241    19621    80805    98781   133083    57657        0    36201    21397    35981    25617   111878   115969    44157    98781    40302   128811    51603    98781   116706    19621   109619   124673    32101    38203    10742    21397   116706        0   116706    51603   123521    87476   122249    30657    61627    83343    45687    61627    45687    55324   111878    47847    61627    87476    45687    10742    64961    19381    98567    32101    82301    10742    82301    98567    61134    55324    44157 
    9626   135295    21079    80031   106835   147231    70005    36201        0    19945     3775    14680   119931   124022    30113   106835    26258   136865    48875   106835   124760    21079   105974   132727    10556    59467    32305    19945   124760    36201   124760    48875   132351    92169   130303    15263    58899    89350    43983    58899    43983    68337   119931    46451    58899    92169    43983    32305    58157    18912    94922    10556    86994    32305    86994    94922    69561    68337    30113 
   20495   126197    19626    70933    97737    86722    60907    21397    19945        0    19826    16856   110833   114925    23885    97737    20030   127767    39777    97737   115662    19626    96876   123629    24211    34430    17520        0   115662    21397   115662    39777   122477    83071   121205    11940    49801    79733    34885    49801    34885    59239   110833    37353    49801    83071    34885    17520    48540     4128    85824    24211    77896    17520    77896    85824    60463    59239    23885 
    8470   125194    20265    78631    96794    96059    69767    35981     3775    19826        0    13293   120411   113921    30053    96794    26021   126763    48625    96794   124523    20265   107957   132489    12512    59181    32112    19826   124523    35981   124523    48625   132071    92620   118032    15096    58548    89070    43733    58548    43733    67869   120411    45122    58548    92620    43733    32112    57877    18720    94684    12512    87287    32112    87287    94684    69083    67869    30053 
    5248   135895     9132    89332   107496   156441    80962    25617    14680    16856    13293        0   131113   124622    40754   107496    36899   137465    59327   107496   170738     9132   118658   143684     9198    50520    28782    16856   170738    25617   170738    59327   142773   103322   192090    25797    69249    99772    54434    69249    54434    78570   131113    55823    69249   103322    54434    28782    68579    14407   104302     9198    97989    28782    97989   104302    79784    78570    40754 
  126290    23115   129451    46764    19066    66682    56515   111878   119931   110833   120411   131113        0    17361    98752    19066    99300    27264    81459    19066    53326   129451    25358    14545   129567    80542   110579   110833    53326   111878    53326    81459    13111    57508    26026   113907    80884    38944    84826    80884    84826    60883        0    77171    80884    57508    84826   110579    75587   114065    35186   129567    45443   110579    45443    35186    54988    60883    98752 
  119799    16012   136290    38419    18960    40248    62390   115969   124022   114925   113921   124622    17361        0    89517    18960    92810    17582    72893    18960    28571   136290    12460    32430   133658    84633   116454   114925    28571   115969    28571    72893     5439    29189    11020   107416    64667    40997    79144    64667    79144    68175    17361    71490    64667    29189    79144   116454    67635   107574    24077   133658    34541   116454    34541    24077    45678    68175    89517 
   35931   100790    47502    56971    74865    59907    47945    44157    30113    23885    30053    40754    98752    89517        0    74865     7583    98845    21325    74865    70302    47502    77461   110667    39749    37522    32604    23885    70302    44157    70302    21325   110412    62124    87523    18809    28133    67411    16433    28133    16433    46209    98752    23215    28133    62124    16433    32604    29655    26479    65599    39749    56791    32604    56791    65599    47423    46209        0 
  102672    30232   116355    21289        0    43697    45263    98781   106835    97737    96794   107496    19066    18960    74865        0    75683    31802    58241        0    29417   116355    13042    32322   116471    67445    99327    97737    29417    98781    29417    58241    18873    34045    25240    90289    50015    23810    71729    50015    71729    51048    19066    64074    50015    34045    71729    99327    50448    90447     6865   116471    21330    99327    21330     6865    28491    51048    74865 
   31799   104082    43647    57520    75683    66724    48453    40302    26258    20030    26021    36899    99300    92810     7583    75683        0   105652    27514    75683   103208    43647    84277   111175    35894    38070    29166    20030   103208    40302   103208    27514   110960    68941    94339    14313    34868    67959    22622    34868    22622    46757    99300    24011    34868    68941    22622    29166    36766    23018    72490    35894    63607    29166    63607    72490    47972    46757     7583 
  132642    11288   146385    51262    31802    44513    75232   128811   136865   127767   126763   137465    27264    17582    98845    31802   105652        0    82220    31802    34237   146385    25303    49411   146501    97475   129296   127767    34237   128811    34237    82220    16829    38516    11627   120259    73994    53840    86868    73994    86868    81018    27264    84332    73994    38516    86868   129296    74638   120417    36919   146501    43868   129296    43868    36919    58521    81018    98845 
   54503    84166    66263    43270    58241    48939    32338    51603    48875    39777    48625    59327    81459    72893    21325    58241    27514    82220        0    58241    53698    66263    60837    93644    58511    34503    41539    39777    53698    51603    53698        0    78474    45500    70899    41773    11428    50117     4950    11428     4950    25499    81459    13635    11428    45500     4950    41539    10757    42278    48995    58511    40167    41539    40167    48995    32917    25499    21325 
  102672    30232   116355    21289        0    43697    45263    98781   106835    97737    96794   107496    19066    18960    74865        0    75683    31802    58241        0    29417   116355    13042    32322   116471    67445    99327    97737    29417    98781    29417    58241    18873    34045    25240    90289    50015    23810    71729    50015    71729    51048    19066    64074    50015    34045    71729    99327    50448    90447     6865   116471    21330    99327    21330     6865    28491    51048    74865 
  167745    38393   134280    40975    29417    15053    63252   116706   124760   115662   124523   170738    53326    28571    70302    29417   103208    34237    53698    29417        0   134280    16515    65992   167206    85370   114379   115662        0   116706        0    53698    38378    10329    27369   117658    45675    50415    59046    45675    59046    65711    53326    82000    45675    10329    59046   114379    46816    95183    29378   167206    16066   114379    16066    29378    48177    65711    70302 
   11655   147563        0    98378   116355   162840    75605    19621    21079    19626    20265     9132   129451   136290    47502   116355    43647   146385    66263   116355   134280        0   127193   142247    15597    52857    25913    19626   134280    19621   134280    66263   142076   109558   139823    27712    76287   100899    60834    76287    60834    73271   129451    63839    76287   109558    60834    25913    74978    15062   116141    15597   104383    25913   104383   116141    86184    73271    47502 
  113835    23733   127193    29151    13042    28797    56260   109619   105974    96876   107957   118658    25358    12460    77461    13042    84277    25303    60837    13042    16515   127193        0    38250   115609    66584   110324    96876    16515   109619    16515    60837    18509    16791    14219   101452    52610    36610    65507    52610    65507    46925    25358    63213    52610    16791    65507   110324    53277   101610    12718   115609    22484   110324    22484    12718    36353    46925    77461 
  138268    31964   142247    59560    32322    79477    69236   124673   132727   123629   132489   143684    14545    32430   110667    32322   111175    49411    93644    32322    65992   142247    38250        0   142363    93337   122346   123629    65992   124673    65992    93644    25994    70303    42849   125625    92373    51739    97621    92373    97621    73678    14545    89967    92373    70303    97621   122346    88383   126785    47963   142363    58270   122346    58270    47963    67784    73678   110667 
    5340   144931    15597    89667   116471   152357    79641    32101    10556    24211    12512     9198   129567   133658    39749   116471    35894   146501    58511   116471   167206    15597   115609   142363        0    69103    36319    24211   167206    32101   167206    58511   141210   101805   139939    24899    68535    98982    53619    68535    53619    77973   129567    56087    68535   101805    53619    36319    67789    21884   104557        0    96630    36319    96630   104557    79197    77973    39749 
   65060    93685    52857    40641    67445    74687    26695    38203    59467    34430    59181    50520    80542    84633    37522    67445    38070    97475    34503    67445    85370    52857    66584    93337    69103        0    27661    34430    85370    38203    85370    34503    88198    56514    90913    52677    44526    44655    28587    44526    28587    24362    80542    20932    44526    56514    28587    27661    38506    37241    55532    69103    51339    27661    51339    55532    29840    24362    37522 
   32369   127726    25913    61202    99327    88973    48510    10742    32305    17520    32112    28782   110579   116454    32604    99327    29166   129296    41539    99327   114379    25913   110324   122346    36319    27661        0    17520   114379    10742   114379    41539   122239    78148   122734    26766    51462    66469    35623    51462    35623    46204   110579    37318    51462    78148    35623        0    54917    15503    99287    36319    72815        0    72815    99287    51654    46204    32604 
   20495   126197    19626    70933    97737    86722    60907    21397    19945        0    19826    16856   110833   114925    23885    97737    20030   127767    39777    97737   115662    19626    96876   123629    24211    34430    17520        0   115662    21397   115662    39777   122477    83071   121205    11940    49801    79733    34885    49801    34885    59239   110833    37353    49801    83071    34885    17520    48540     4128    85824    24211    77896    17520    77896    85824    60463    59239    23885 
  167745    38393   134280    40975    29417    15053    63252   116706   124760   115662   124523   170738    53326    28571    70302    29417   103208    34237    53698    29417        0   134280    16515    65992   167206    85370   114379   115662        0   116706        0    53698    38378    10329    27369   117658    45675    50415    59046    45675    59046    65711    53326    82000    45675    10329    59046   114379    46816    95183    29378   167206    16066   114379    16066    29378    48177    65711    70302 
   28140   127241    19621    80805    98781   133083    57657        0    36201    21397    35981    25617   111878   115969    44157    98781    40302   128811    51603    98781   116706    19621   109619   124673    32101    38203    10742    21397   116706        0   116706    51603   123521    87476   122249    30657    61627    83343    45687    61627    45687    55324   111878    47847    61627    87476    45687    10742    64961    19381    98567    32101    82301    10742    82301    98567    61134    55324    44157 
  167745    38393   134280    40975    29417    15053    63252   116706   124760   115662   124523   170738    53326    28571    70302    29417   103208    34237    53698    29417        0   134280    16515    65992   167206    85370   114379   115662        0   116706        0    53698    38378    10329    27369   117658    45675    50415    59046    45675    59046    65711    53326    82000    45675    10329    59046   114379    46816    95183    29378   167206    16066   114379    16066    29378    48177    65711    70302 
   54503    84166    66263    43270    58241    48939    32338    51603    48875    39777    48625    59327    81459    72893    21325    58241    27514    82220        0    58241    53698    66263    60837    93644    58511    34503    41539    39777    53698    51603    53698        0    78474    45500    70899    41773    11428    50117     4950    11428     4950    25499    81459    13635    11428    45500     4950    41539    10757    42278    48995    58511    40167    41539    40167    48995    32917    25499    21325 
  137949    10977   142076    38333    18873    50670    68175   123521   132351   122477   132071   142773    13111     5439   110412    18873   110960    16829    78474    18873    38378   142076    18509    25994   141210    88198   122239   122477    38378   123521    38378    78474        0    38995    17068   125567    65677    40970    97295    65677    97295    73960    13111    89640    65677    38995    97295   122239    67608   125724    23990   141210    36992   122239    36992    23990    45529    73960   110412 
   98498    40461   109558    26483    34045    18970    35854    87476    92169    83071    92620   103322    57508    29189    62124    34045    68941    38516    45500    34045    10329   109558    16791    70303   101805    56514    78148    83071    10329    87476    10329    45500    38995        0    27194    86116    37274    55042    50147    37274    50147    36661    57508    53144    37274        0    50147    78148    37918    86273    19931   101805     7148    78148     7148    19931    30718    36661    62124 
  123910    15237   139823    44757    25240    36981    68670   122249   130303   121205   118032   192090    26026    11020    87523    25240    94339    11627    70899    25240    27369   139823    14219    42849   139939    90913   122734   121205    27369   122249    27369    70899    17068    27194        0   111527    62673    47278    75569    62673    75569    59116    26026    87543    62673    27194    75569   122734    63339   111685    26112   139939    32547   122734    32547    26112    51959    59116    87523 
   20974   118689    27712    72126    90289    89554    62903    30657    15263    11940    15096    25797   113907   107416    18809    90289    14313   120259    41773    90289   117658    27712   101452   125625    24899    52677    26766    11940   117658    30657   117658    41773   125567    86116   111527        0    51797    82566    37228    51797    37228    61364   113907    38617    51797    86116    37228    26766    51373    13373    87820    24899    80782    26766    80782    87820    62578    61364    18809 
   64426    75940    76287    38322    50015    41573    33632    61627    58899    49801    58548    69249    80884    64667    28133    50015    34868    73994    11428    50015    45675    76287    52610    92373    68535    44526    51462    49801    45675    61627    45675    11428    65677    37274    62673    51797        0    49542    16877        0    16877    26670    80884    23659        0    37274    16877    51462     5933    52201    40973    68535    31941    51462    31941    40973    27968    26670    28133 
   94948    52270   100899    18443    23810    63872    25174    83343    89350    79733    89070    99772    38944    40997    67411    23810    67959    53840    50117    23810    50415   100899    36610    51739    98982    44655    66469    79733    50415    83343    50415    50117    40970    55042    47278    82566    49542        0    54293    49542    54293    30959    38944    46639    49542    55042    54293    66469    44863    82723    25828    98982    36084    66469    36084    25828    24285    30959    67411 
   49611    90417    60834    44925    71729    54286    34899    45687    43983    34885    43733    54434    84826    79144    16433    71729    22622    86868     4950    71729    59046    60834    65507    97621    53619    28587    35623    34885    59046    45687    59046     4950    97295    50147    75569    37228    16877    54293        0    16877        0    33232    84826     7720    16877    50147        0    35623    16105    37386    54343    53619    44972    35623    44972    54343    34306    33232    16433 
   64426    75940    76287    38322    50015    41573    33632    61627    58899    49801    58548    69249    80884    64667    28133    50015    34868    73994    11428    50015    45675    76287    52610    92373    68535    44526    51462    49801    45675    61627    45675    11428    65677    37274    62673    51797        0    49542    16877        0    16877    26670    80884    23659        0    37274    16877    51462     5933    52201    40973    68535    31941    51462    31941    40973    27968    26670    28133 
   49611    90417    60834    44925    71729    54286    34899    45687    43983    34885    43733    54434    84826    79144    16433    71729    22622    86868     4950    71729    59046    60834    65507    97621    53619    28587    35623    34885    59046    45687    59046     4950    97295    50147    75569    37228    16877    54293        0    16877        0    33232    84826     7720    16877    50147        0    35623    16105    37386    54343    53619    44972    35623    44972    54343    34306    33232    16433 
   73747    79448    73271    19715    51048    55015     7036    55324    68337    59239    67869    78570    60883    68175    46209    51048    46757    81018    25499    51048    65711    73271    46925    73678    77973    24362    46204    59239    65711    55324    65711    25499    73960    36661    59116    61364    26670    30959    33232    26670    33232        0    60883    25577    26670    36661    33232    46204    21308    61522    35873    77973    31680    46204    31680    35873    10167        0    46209 
  126290    23115   129451    46764    19066    66682    56515   111878   119931   110833   120411   131113        0    17361    98752    19066    99300    27264    81459    19066    53326   129451    25358    14545   129567    80542   110579   110833    53326   111878    53326    81459    13111    57508    26026   113907    80884    38944    84826    80884    84826    60883        0    77171    80884    57508    84826   110579    75587   114065    35186   129567    45443   110579    45443    35186    54988    60883    98752 
   51000    82762    63839    36199    64074    61069    27245    47847    46451    37353    45122    55823    77171    71490    23215    64074    24011    84332    13635    64074    82000    63839    63213    89967    56087    20932    37318    37353    82000    47847    82000    13635    89640    53144    87543    38617    23659    46639     7720    23659     7720    25577    77171        0    23659    53144     7720    37318    22888    38775    52161    56087    47969    37318    47969    52161    26652    25577    23215 
   64426    75940    76287    38322    50015    41573    33632    61627    58899    49801    58548    69249    80884    64667    28133    50015    34868    73994    11428    50015    45675    76287    52610    92373    68535    44526    51462    49801    45675    61627    45675    11428    65677    37274    62673    51797        0    49542    16877        0    16877    26670    80884    23659        0    37274    16877    51462     5933    52201    40973    68535    31941    51462    31941    40973    27968    26670    28133 
   98498    40461   109558    26483    34045    18970    35854    87476    92169    83071    92620   103322    57508    29189    62124    34045    68941    38516    45500    34045    10329   109558    16791    70303   101805    56514    78148    83071    10329    87476    10329    45500    38995        0    27194    86116    37274    55042    50147    37274    50147    36661    57508    53144    37274        0    50147    78148    37918    86273    19931   101805     7148    78148     7148    19931    30718    36661    62124 
   49611    90417    60834    44925    71729    54286    34899    45687    43983    34885    43733    54434    84826    79144    16433    71729    22622    86868     4950    71729    59046    60834    65507    97621    53619    28587    35623    34885    59046    45687    59046     4950    97295    50147    75569    37228    16877    54293        0    16877        0    33232    84826     7720    16877    50147        0    35623    16105    37386    54343    53619    44972    35623    44972    54343    34306    33232    16433 
   32369   127726    25913    61202    99327    88973    48510    10742    32305    17520    32112    28782   110579   116454    32604    99327    29166   129296    41539    99327   114379    25913   110324   122346    36319    27661        0    17520   114379    10742   114379    41539   122239    78148   122734    26766    51462    66469    35623    51462    35623    46204   110579    37318    51462    78148    35623        0    54917    15503    99287    36319    72815        0    72815    99287    51654    46204    32604 
   63756    78908    74978    32368    50448    37691    27576    64961    58157    48540    57877    68579    75587    67635    29655    50448    36766    74638    10757    50448    46816    74978    53277    88383    67789    38506    54917    48540    46816    64961    46816    10757    67608    37918    63339    51373     5933    44863    16105     5933    16105    21308    75587    22888     5933    37918    16105    54917        0    51531    42113    67789    32742    54917    32742    42113    22749    21308    29655 
   17934   118847    15062    72284    90447    89712    63189    19381    18912     4128    18720    14407   114065   107574    26479    90447    23018   120417    42278    90447    95183    15062   101610   126785    21884    37241    15503     4128    95183    19381    95183    42278   125724    86273   111685    13373    52201    82723    37386    52201    37386    61522   114065    38775    52201    86273    37386    15503    51531        0    87254    21884    80940    15503    80940    87254    62736    61522    26479 
   99479    35349   116141    18099     6865    43483    45223    98567    94922    85824    94684   104302    35186    24077    65599     6865    72490    36919    48995     6865    29378   116141    12718    47963   104557    55532    99287    85824    29378    98567    29378    48995    23990    19931    26112    87820    40973    25828    54343    40973    54343    35873    35186    52161    40973    19931    54343    99287    42113    87254        0   104557    12784    99287    12784        0    25301    35873    65599 
    5340   144931    15597    89667   116471   152357    79641    32101    10556    24211    12512     9198   129567   133658    39749   116471    35894   146501    58511   116471   167206    15597   115609   142363        0    69103    36319    24211   167206    32101   167206    58511   141210   101805   139939    24899    68535    98982    53619    68535    53619    77973   129567    56087    68535   101805    53619    36319    67789    21884   104557        0    96630    36319    96630   104557    79197    77973    39749 
   93165    45813   104383    19232    21330    25502    30521    82301    86994    77896    87287    97989    45443    34541    56791    21330    63607    43868    40167    21330    16066   104383    22484    58270    96630    51339    72815    77896    16066    82301    16066    40167    36992     7148    32547    80782    31941    36084    44972    31941    44972    31680    45443    47969    31941     7148    44972    72815    32742    80940    12784    96630        0    72815        0    12784    23803    31680    56791 
   32369   127726    25913    61202    99327    88973    48510    10742    32305    17520    32112    28782   110579   116454    32604    99327    29166   129296    41539    99327   114379    25913   110324   122346    36319    27661        0    17520   114379    10742   114379    41539   122239    78148   122734    26766    51462    66469    35623    51462    35623    46204   110579    37318    51462    78148    35623        0    54917    15503    99287    36319    72815        0    72815    99287    51654    46204    32604 
   93165    45813   104383    19232    21330    25502    30521    82301    86994    77896    87287    97989    45443    34541    56791    21330    63607    43868    40167    21330    16066   104383    22484    58270    96630    51339    72815    77896    16066    82301    16066    40167    36992     7148    32547    80782    31941    36084    44972    31941    44972    31680    45443    47969    31941     7148    44972    72815    32742    80940    12784    96630        0    72815        0    12784    23803    31680    56791 
   99479    35349   116141    18099     6865    43483    45223    98567    94922    85824    94684   104302    35186    24077    65599     6865    72490    36919    48995     6865    29378   116141    12718    47963   104557    55532    99287    85824    29378    98567    29378    48995    23990    19931    26112    87820    40973    25828    54343    40973    54343    35873    35186    52161    40973    19931    54343    99287    42113    87254        0   104557    12784    99287    12784        0    25301    35873    65599 
   74961    56888    86184    10411    28491    47316     7351    61134    69561    60463    69083    79784    54988    45678    47423    28491    47972    58521    32917    28491    48177    86184    36353    67784    79197    29840    51654    60463    48177    61134    48177    32917    45529    30718    51959    62578    27968    24285    34306    27968    34306    10167    54988    26652    27968    30718    34306    51654    22749    62736    25301    79197    23803    51654    23803    25301        0    10167    47423 
   73747    79448    73271    19715    51048    55015     7036    55324    68337    59239    67869    78570    60883    68175    46209    51048    46757    81018    25499    51048    65711    73271    46925    73678    77973    24362    46204    59239    65711    55324    65711    25499    73960    36661    59116    61364    26670    30959    33232    26670    33232        0    60883    25577    26670    36661    33232    46204    21308    61522    35873    77973    31680    46204    31680    35873    10167        0    46209 
   35931   100790    47502    56971    74865    59907    47945    44157    30113    23885    30053    40754    98752    89517        0    74865     7583    98845    21325    74865    70302    47502    77461   110667    39749    37522    32604    23885    70302    44157    70302    21325   110412    62124    87523    18809    28133    67411    16433    28133    16433    46209    98752    23215    28133    62124    16433    32604    29655    26479    65599    39749    56791    32604    56791    65599    47423    46209        0 
**************************************TimeWindows
  0 0  0     0  1440 480
  1 4 4   420   480 58
  2 2 2   240   480 133
  3 2 2   480   720 77
  4 1 1   960  1200 69
  5 3 3  1080  1200 74
  6 4 4   480   720 126
  7 1 1   240   300 124
  8 4 4   720   960 179
  9 2 2   480   720 105
 10 2 2   240   360 118
 11 4 4   720   960 109
 12 1 1   240   480 122
 13 2 2   240   480 35
 14 1 1   480   720 47
 15 3 3   720   960 101
 16 1 1   720   960 138
 17 1 1   720   900 174
 18 2 2   300   480 84
 19 3 3   240   480 101
 20 1 1   360   480 143
 21 1 1   240   420 233
 22 2 2   240   480 232
 23 1 1   780   960 234
 24 2 2   720   960 73
 25 1 1   960  1200 103
 26 4 4   960  1200 199
 27 4 4   540   660 121
 28 3 3   420   480 132
 29 2 2   300   480 177
 30 4 -4   381   621 58
 31 2 -2   341   581 133
 32 2 -2   539   779 77
 33 1 -1  1102  1162 69
 34 3 -3  1107  1287 74
 35 4 -4   577   817 126
 36 1 -1   243   483 124
 37 4 -4   887  1067 179
 38 2 -2   551   791 105
 39 2 -2   269   509 118
 40 4 -4   805  1045 109
 41 1 -1   331   571 122
 42 2 -2   327   447 35
 43 1 -1   545   725 47
 44 3 -3   858   978 101
 45 1 -1   823  1063 138
 46 1 -1   820  1060 174
 47 2 -2   334   574 84
 48 3 -3   318   558 101
 49 1 -1   479   599 143
 50 1 -1   385   625 233
 51 2 -2   505   565 232
 52 1 -1   896  1136 234
 53 2 -2   776  1016 73
 54 1 -1  1037  1277 103
 55 4 -4  1142  1322 199
 56 4 -4   604   784 121
 57 3 -3   431   671 132
 58 2 -2   382   622 177
