dep17 0 0 60
**************************************DATA
8 104 480 8 1.33
**************************************DISTANCE
       0    58099    85333   169655    43744    27661    24301    12193    21709    44705    42205    82054    71263    99531    79269     8556    16624    71263    76331    21610    76767    36753    72536     9112    17939    76767    12423    42205    49408    69587     4722    60671    84484    24301    73835    12193    76331    77286     9112   120778    85287    96663    78448    80897   113011    60509     3164    16466    12193    16758    60671    71263    16466    79591    17939    84484    50263    78448     4722    70882    44705    96663    58606     3268    27738     3164    76722    61559    60509    82054   169655    18508    69029    36053    80897    58606    47194    18982    27661     4722    72881    99531    84085    18982   138097    84085   101866    80897    98789    96663    80897    72536    69030    69255    18982   117081    74453    13348    30232   101866    78563    84484    84484   120778    44705 
   58099        0    33776   120640    16833    84019    76581    49290    42936     9655    44664    30779    32279    34106    44569    66050    47840    32279    30031    76801    17404    29783    35088    58943    67945    17404    47380    44664    23755    34974    62827    18142    34318    76581    39699    49290    30031    42628    58943    72192    50588    47953    29241    29493    63996    17961    61184    73961    49290    44848    18142    32279    73961    31043    67945    34318     7982    29241    62827    18067     9655    47953    23409    63413    32315    61184    31605    16525    17961    30779   120640    70356    34894    92411    29493    23409    12707    47838    84019    62827    24973    34106    32528    47838    90207    32528    44162    29493    47231    47953    29493    35088    22729    21811    47838    68045    23178    53251    35776    44162    32263    34318    34318    72192     9655 
   85333    33776        0    88215    49993   110336   103919    76084    70936    42815    69786    14513    25670    35587    72093    93316    75093    25670    48161   104801    17802    57482    53401    87088    95946    17802    75079    69786    71123    62412    89605    24619    44847   103919    67095    76084    48161    57128    87088    63457    78112    22673    39862     7404    36206    45484    88676   101273    76084    71256    24619    25670   101273    44678    95946    44847    38358    39862    89605    28065    42815    22673    50344    90637    60315    88676    49919    42143    45484    14513    88215    98056    57924   120110     7404    50344    41422    75838   110336    89605    38908    35587     5147    75838    59860     5147    28278     7404    13082    22673     7404    53401    41694    35446    75838    39834    10761    81252    62658    28278    51228    44847    44847    63457    42815 
  169655   120640    88215        0   150925   195575   188137   160845   156404   128742   155253    87953   131362    82476   163300   177606   159395   131362   104562   190269   105791   141339   115445   170499   181413   105791   158936   155253   155503   151232   174383   118918    92914   188137   155957   160845   104562   117921   170499    50303   169319    69450    91162    86871    52260   136691   172740   185517   160845   156404   118918   131362   185517    96117   181413    92914   126347    91162   174383   107521   128742    69450   139667   174969   145783   172740   111963   127586   136691    87953        0   181912   120401   203967    86871   139667   137678   161306   195575   174383    96244    82476    95427   161306    33469    95427    78656    86871    92854    69450    86871   115445   102625    97922   161306    48734   103477   166719   147332    78656   109530    92914    92914    50303   128742 
   43744    16833    49993   150925        0    69664    62226    34934    28952     7857    41088    62004    48503    46772    38087    51695    36330    48503    40033    63692    33574    16901    31709    44588    53962    33574    33024    41088     6852    28282    48471    33719    47883    62226    33008    34934    40033    35937    44588   101353    44093    77114    41999    45710    93343    21923    46829    59606    34934    30492    33719    48503    59606    42788    53962    47883    11363    41999    48471    34119     7857    77114    17613    49058    17910    46829    39839    24759    21923    62004   150925    56001    28202    78056    45710    17613    10968    38042    69664    48471    36211    46772    48745    38042   119368    48745    81991    45710    63448    77114    45710    31709    32226    32505    38042    97206    39545    39776    21421    81991    40714    47883    47883   101353     7857 
   27661    84019   110336   195575    69664        0    51833    37702    47629    70625    68125   107975    97183   124534   105189    35097    42134    97183   102251     7607   102687    61756    97539    34115    43860   102687    37425    68125    75328    95507    25945    86591   110404    51833    98838    37702   102251   103206    34115   146698   111207   122584   104368   106817   138931    86429    26002    43007    37702    41761    86591    97183    43007   105511    43860   110404    76184   104368    25945    96802    70625   122584    84526    27970    53658    26002   101725    87479    86429   107975   195575    45528    95304     9169   106817    84526    73114    44902        0    25945    98801   124534   109088    44902   164017   109088   126869   106817   123792   122584   106817    97539    94950    95176    44902   142084   100373    39268    55235   126869   104483   110404   110404   146698    70625 
   24301    76581   103919   188137    62226    51833        0    30779    40191    63187    34694   100537    61744   118117    97751    17487    24740    61744    94813    46218    95250    55339    91122    18319    16367    95250    31008    34694    67890    87695    30640    79153   102966        0    92421    30779    94813    95350    18319   139260   103769   115146    96930    99636   131493    78991    27374    11779    30779    35344    79153    61744    11779    98073    16367   102966    68746    96930    30640    89364    63187   115146    77088    23302    46220    27374    95307    80227    78991   100537   188137     8358    87615    60224    99636    77088    65676    22280    51833    30640    91363   118117   102671    22280   156579   102671   120452    99636    84608   115146    99636    91122    87512    87738    22280   135667    92935    23894    48818   120452    97045   102966   102966   139260    63187 
   12193    49290    76084   160845    34934    37702    30779        0     9310    35896    31042    73245    62454    90282    70459    19734     5714    62454    67522    31662    67958    27504    63286     8453    14949    67958     4165    31042    40599    60778    16465    51862    75674    30779    64585        0    67522    68476     8453   111969    76478    87854    69639    72088   104201    51700    14868    27644        0     7509    51862    62454    27644    70782    14949    75674    41454    69639    16465    62073    35896    87854    49797    17498    18928    14868    67472    52750    51700    73245   160845    24040    60574    46094    72088    49797    38385    11367    37702    16465    64072    90282    74836    11367   129288    74836    92616    72088    89539    87854    72088    63286    60220    60446    11367   107832    65644     4714    20982    92616    69754    75674    75674   111969    35896 
   21709    42936    70936   156404    28952    47629    40191     9310        0    30978    28473    71475    52168    85134    64517    29661     6728    52168    65751    41657    63243    15403    58139    22554    15617    63243    10990    28473    34851    54712    26437    46438    70369    40191    59438     9310    65751    62367    22554   106831    70523    82592    64485    66653    98822    44409    24795    37571     9310     8076    46438    52168    37571    65274    15617    70369    39684    64485    26437    56605    30978    82592    45545    27023    13620    24795    62325    47245    44409    71475   156404    33967    54633    56021    66653    45545    32781    12034    47629    26437    58697    85134    69688    12034   124846    69688    87469    66653    84392    82592    66653    58139    54712    54991    12034   102684    60488    14012    15835    87469    63200    70369    70369   106831    30978 
   44705     9655    42815   128742     7857    70625    63187    35896    30978        0    43659    38881    40381    41804    35904    52657    37291    40381    32189    64843    25506    17862    29514    45549    55988    25506    33986    43659    14481    26087    49433    26243    40799    63187    30812    35896    32189    33742    45549    81232    41922    56993    34306    38532    72097    17144    47791    60567    35896    31454    26243    40381    60567    35449    55988    40799     5227    34306    49433    25764        0    56993    16920    50019    19286    47791    32755    17675    17144    38881   128742    56963    26007    79017    38532    16920     8716    38195    70625    49433    29128    41804    41567    38195    99247    41567    53202    38532    56271    56993    38532    29514    24887    25113    38195    77085    31279    41294    22382    53202    34421    40799    40799    81232        0 
   42205    44664    69786   155253    41088    68125    34694    31042    28473    43659        0    68013    33538    83984    76613    42329    22280    33538    73675    60864    62092    34529    70225    34612    28539    62092    47301        0    46937    66799    46933    35397    78140    34694    71524    31042    73675    74453    34612   105681    82609    81442   106438    65503    98969    57853    45291    39812    31042    51637    35397    33538    39812    74556    28539    78140    37882   106438    46933    79981    43659    81442    57632    47520    40298    45291    74411    59331    57853    68013   155253    38292    66719    76517    65503    57632    34812    20822    68125    46933    68794    83984    54697    20822   123695    54697    86319    65503    56318    81442    65503    70225    66374    66600    20822   101534    60412    26588    42768    86319    75907    78140    78140   105681    43659 
   82054    30779    14513    87953    62004   107975   100537    73245    71475    38881    68013        0    34063    24764    69175    90006    71795    34063    44977   102003    14779    53738    49657    82899    92762    14779    71335    68013    67902    59370    86782    30081    37158   100537    64096    73245    44977    53946    82899    48469    75181    18241    32173     6163    35693    42669    85140    97916    73245    68803    30081    34063    97916    37097    92762    37158    35174    32173    86782    24823    38881    18241    47805    87369    56963    85140    46175    39446    42669        0    87953    94312    54613   116366     6163    47805    38181    72458   107975    86782    36125    24764    13265    72458    66484    13265    13570     6163    27968    18241     6163    49657    38562    32646    72458    39555     9393    78087    59732    13570    47050    37158    37158    48469    38881 
   71263    32279    25670   131362    48503    97183    61744    62454    52168    40381    33538    34063        0    60093    76240    79215    50127        0    74812    90904    38201    42947    78859    72107    57880    38201    60544    33538    57111    66330    75991    16039    86015    61744    71056    62454    74812    83147    72107    81790    82141    57551    81173    32848    73780    49632    74349    87125    62454    58012    16039        0    87125    71088    57880    86015    36868    81173    75991    54716    40381    57551    54765    76577    46418    74349    75376    48101    49632    34063   131362    65809    66251   105575    32848    54765    38322    50829    97183    75991    65327    60093    21632    50829    99804    21632    62428    32848    23253    57551    32848    78859    68345    62097    50829    77643    35147    67355    48940    62428    77879    86015    86015    81790    40381 
   99531    34106    35587    82476    46772   124534   118117    90282    85134    41804    83984    24764    60093        0    61147   107514    89291    60093    23390   119000    32000    70899    33344   101286   110144    32000    88496    83984    53695    51465   103803    45127    14956   118117    56149    90282    23390    37795   101286    33600    67165    23686     9990    31093    39436    34538   102874   115077    90282    85964    45127    60093   115077    14945   110144    14956    41246     9990   103803    18297    41804    23686    39398   104836    74513   102874    29861    23255    34538    24764    82476   111473    38345   133527    31093    39398    45971    90036   124534   103803    15991        0    35904    90036    50919    35904    18567    31093    49043    23686    31093    33344    22114    15179    90036    41745    25398    95450    76856    18567    28359    14956    14956    33600    41804 
   79269    44569    72093   163300    38087   105189    97751    70459    64517    35904    76613    69175    76240    61147        0    87220    71855    76240    49837    99217    60290    52426    34442    80113    89527    60290    68549    76613    41089    10485    83996    61998    62257    97751     6145    70459    49837    38670    80113   113728     6667    81838    56358    67810    99289    28107    82354    95131    70459    66017    61998    76240    95131    57163    89527    62257    40283    56358    83996    48053    35904    81838    21848    84583    53435    82354    40295    38559    28107    69175   163300    91526    30935   113581    67810    21848    43765    73567   105189    83996    50586    61147    70845    73567   131742    70845    74167    67810    85549    81838    67810    34442    46674    46900    73567   103152    61498    74833    56946    74167    49010    62257    62257   113728    35904 
    8556    66050    93316   177606    51695    35097    17487    19734    29661    52657    42329    90006    79215   107514    87220        0    24165    79215    84283    29562    84719    44736    80519     9795    16914    84719    20405    42329    57360    77539    14366    68623    92435    17487    81818    19734    84283    85237     9795   128730    93239   104615    86400    88849   120962    68460    11742     6992    19734    24741    68623    79215     6992    87542    16914    92435    58215    86400    14366    78833    52657   104615    66558     7499    35689    11742    84704    69511    68460    90006   177606    12009    77335    44036    88849    66558    55146    22618    35097    14366    80833   107514    91870    22618   146049    91870   108656    88849   106771   104615    88849    80519    76981    77207    22618   124590    82405    21300    38412   108656    86515    92435    92435   128730    52657 
   16624    47840    75093   159395    36330    42134    24740     5714     6728    37291    22280    71795    50127    89291    71855    24165        0    50127    68917    36092    66508    21990    65412    12061     9753    66508    10487    22280    41995    62173    20895    50412    77070    24740    66711     5714    68917    69872    12061   110519    77873    86404    71035    70638   102751    53095    19299    32076     5714     9275    50412    50127    32076    72177     9753    77070    40004    71035    20895    63468    37291    86404    51192    21928    20324    19299    69598    54146    53095    71795   159395    18737    61970    50526    70638    51192    36935     6171    42134    20895    65468    89291    73845     6171   127838    73845    91625    70638    88548    86404    70638    65412    61616    61842     6171   106841    64194     6214    23108    91625    71149    77070    77070   110519    37291 
   71263    32279    25670   131362    48503    97183    61744    62454    52168    40381    33538    34063        0    60093    76240    79215    50127        0    74812    90904    38201    42947    78859    72107    57880    38201    60544    33538    57111    66330    75991    16039    86015    61744    71056    62454    74812    83147    72107    81790    82141    57551    81173    32848    73780    49632    74349    87125    62454    58012    16039        0    87125    71088    57880    86015    36868    81173    75991    54716    40381    57551    54765    76577    46418    74349    75376    48101    49632    34063   131362    65809    66251   105575    32848    54765    38322    50829    97183    75991    65327    60093    21632    50829    99804    21632    62428    32848    23253    57551    32848    78859    68345    62097    50829    77643    35147    67355    48940    62428    77879    86015    86015    81790    40381 
   76331    30031    48161   104562    40033   102251    94813    67522    65751    32189    73675    44977    74812    23390    49837    84283    68917    74812        0    96279    39152    49488    15940    77175    87041    39152    65612    73675    46656    40032    81059    46917    14960    94813    44758    67522        0    16534    77175    54989    55843    44644    14183    43878    60873    27470    79416    92193    67522    63080    46917    74812    92193     9865    87041    14960    35284    14183    81059    24534    32189    44644    30246    81645    50497    79416    12457    15095    27470    44977   104562    88589    20896   110643    43878    30246    40239    70629   102251    81059    10673    23390    46913    70629    73004    46913    35078    43878    61617    44644    43878    15940     6675    14446    70629    62135    41457    72364    54008    35078     6495    14960    14960    54989    32189 
   21610    76801   104801   190269    63692     7607    46218    31662    41657    64843    60864   102003    90904   119000    99217    29562    36092    90904    96279        0    97108    56221    92004    28580    37888    97108    31891    60864    68716    88577    19918    80619   104234    46218    93303    31662    96279    96232    28580   140696   104388   116457    98396   100518   132687    78274    20467    37472    31662    36227    80619    90904    37472    99139    37888   104234    70212    98396    19918    90830    64843   116457    79410    26925    47485    20467    96190    81110    78274   102003   190269    39993    88498    15998   100518    79410    66646    38930     7607    19918    92562   119000   103553    38930   158711   103553   121334   100518   118257   116457   100518    92004    88978    89204    38930   136549    94401    33296    49700   121334    98511   104234   104234   140696    64843 
   76767    17404    17802   105791    33574   102687    95250    67958    63243    25506    62092    14779    38201    32000    60290    84719    66508    38201    39152    97108        0    48451    43265    77612    88252        0    66048    62092    39160    50447    81495    17264    35662    95250    55172    67958    39152    47554    77612    56219    66258    31980    30581    13519    47996    33681    79853    92629    67958    63516    17264    38201    92629    35495    88252    35662    21939    30581    81495    19367    25506    31980    38882    82082    52621    79853    39783    26801    33681    14779   105791    89025    48222   111079    13519    38882    25003    68144   102687    81495    29734    32000    16554    68144    74233    16554    28189    13519    31258    31980    13519    43265    32685    26437    68144    52072     7178    73558    54445    28189    42219    35662    35662    56219    25506 
   36753    29783    57482   141339    16901    61756    55339    27504    15403    17862    34529    53738    42947    70899    52426    44736    21990    42947    49488    56221    48451        0    45464    38508    26756    48451    25967    34529    22565    42744    41025    32355    57641    55339    47428    27504    49488    50443    38508    92462    58444    68348    51605    52581    84695    33666    40096    52693    27504    22676    32355    42947    52693    52748    26756    57641    21948    51605    41025    44039    17862    68348    31763    42058     9546    40096    50034    34716    33666    53738   141339    48944    42540    70998    52581    31763    18878    22735    61756    41025    46038    70899    55602    22735   109781    55602    72388    52581    67808    68348    52581    45464    42186    42412    22735    88322    46137    25945    14078    72388    51720    57641    57641    92462    17862 
   72536    35088    53401   115445    31709    97539    91122    63286    58139    29514    70225    49657    78859    33344    34442    80519    65412    78859    15940    92004    43265    45464        0    74290    83149    43265    62182    70225    34683    24760    76808    53529    30247    91122    29444    63286    15940     6850    74290    66568    40460    62412    29361    48500    79810    22106    75879    88476    63286    58459    53529    78859    88476    25355    83149    30247    33905    29361    76808    28756    29514    62412    15205    77840    46447    75879     6336    18993    22106    49657   115445    85158     5577   107213    48500    15205    37393    65356    97539    76808    20033    33344    51521    65356    83887    51521    46831    48500    63727    62412    48500        0    14793    18340    65356    83438    43844    68455    49861    46831    14892    30247    30247    66568    29514 
    9112    58943    87088   170499    44588    34115    18319     8453    22554    45549    34612    82899    72107   101286    80113     9795    12061    72107    77175    28580    77612    38508    74290        0    10346    77612    14177    34612    50253    70431    13384    61515    85328    18319    75589     8453    77175    78130        0   121622    86131    97508    79293    81742   113855    61353    12455    16557     8453    18513    61515    72107    16557    80435    10346    85328    51108    79293    13384    71726    45549    97508    59450     9606    28582    12455    78476    62404    61353    82899   170499    14418    70228    43393    81742    59450    48038    10947    34115    13384    73725   101286    84763    10947   138941    84763   101548    81742   100543    97508    81742    74290    69874    70100    10947   117483    75297     6156    31304   101548    79407    85328    85328   121622    45549 
   17939    67945    95946   181413    53962    43860    16367    14949    15617    55988    28539    92762    57880   110144    89527    16914     9753    57880    87041    37888    88252    26756    83149    10346        0    88252    23035    28539    59860    79722    22667    71447    95378    16367    84447    14949    87041    87376    10346   131841    95532   107602    89494    91663   123831    69419    21025    17038    14949    27371    71447    57880    17038    90284        0    95378    60977    89494    22667    81614    55988   107602    70555    23254    38630    21025    87334    72254    69419    92762   181413    10142    79642    52251    91663    70555    57790     5896    43860    22667    83707   110144    94698     5896   149855    94698   112478    91663    79986   107602    91663    83149    79722    80000     5896   127694    85497    11647    40845   112478    88210    95378    95378   131841    55988 
   76767    17404    17802   105791    33574   102687    95250    67958    63243    25506    62092    14779    38201    32000    60290    84719    66508    38201    39152    97108        0    48451    43265    77612    88252        0    66048    62092    39160    50447    81495    17264    35662    95250    55172    67958    39152    47554    77612    56219    66258    31980    30581    13519    47996    33681    79853    92629    67958    63516    17264    38201    92629    35495    88252    35662    21939    30581    81495    19367    25506    31980    38882    82082    52621    79853    39783    26801    33681    14779   105791    89025    48222   111079    13519    38882    25003    68144   102687    81495    29734    32000    16554    68144    74233    16554    28189    13519    31258    31980    13519    43265    32685    26437    68144    52072     7178    73558    54445    28189    42219    35662    35662    56219    25506 
   12423    47380    75079   158936    33024    37425    31008     4165    10990    33986    47301    71335    60544    88496    68549    20405    10487    60544    65612    31891    66048    25967    62182    14177    23035    66048        0    47301    38689    58868    16694    49952    73764    31008    63551     4165    65612    66566    14177   110059    74568    85944    67729    70178   102291    49790    15766    28363     4165     4870    49952    60544    28363    68872    23035    73764    39544    67729    16694    60163    33986    85944    47887    17727    17018    15766    66158    50840    49790    71335   158936    25849    58664    45039    70178    47887    36475    15654    37425    16694    62162    88496    73199    15654   127378    73199    89985    70178    85405    85944    70178    62182    58310    58536    15654   105919    63734     7887    19741    89985    67844    73764    73764   110059    33986 
   42205    44664    69786   155253    41088    68125    34694    31042    28473    43659        0    68013    33538    83984    76613    42329    22280    33538    73675    60864    62092    34529    70225    34612    28539    62092    47301        0    46937    66799    46933    35397    78140    34694    71524    31042    73675    74453    34612   105681    82609    81442   106438    65503    98969    57853    45291    39812    31042    51637    35397    33538    39812    74556    28539    78140    37882   106438    46933    79981    43659    81442    57632    47520    40298    45291    74411    59331    57853    68013   155253    38292    66719    76517    65503    57632    34812    20822    68125    46933    68794    83984    54697    20822   123695    54697    86319    65503    56318    81442    65503    70225    66374    66600    20822   101534    60412    26588    42768    86319    75907    78140    78140   105681    43659 
   49408    23755    71123   155503     6852    75328    67890    40599    34851    14481    46937    67902    57111    53695    41089    57360    41995    57111    46656    68716    39160    22565    34683    50253    59860    39160    38689    46937        0    31256    54136    38597    54806    67890    35982    40599    46656    38911    50253   107018    47107    82779    48774    66840    98859    25232    52494    65270    40599    36157    38597    57111    65270    49916    59860    54806    17986    48774    54136    41207    14481    82779    20587    54722    23159    52494    40536    31681    25232    67902   155503    61666    31176    83720    66840    20587    16832    42068    75328    54136    43134    53695    69875    42068   125032    69875    87655    66840    84578    82779    66840    34683    39355    39581    42068   102871    60301    45166    27085    87655    48888    54806    54806   107018    14481 
   69587    34974    62412   151232    28282    95507    87695    60778    54712    26087    66799    59370    66330    51465    10485    77539    62173    66330    40032    88577    50447    42744    24760    70431    79722    50447    58868    66799    31256        0    74315    52193    52323    87695     5421    60778    40032    29136    70431   102355    16503    78240    46553    58213    94588    18679    72672    85449    60778    56336    52193    66330    85449    47430    79722    52323    30478    46553    74315    38249    26087    78240    12927    74413    43020    72672    30613    28777    18679    59370   151232    81845    21253   103899    58213    12927    33967    61929    95507    74315    40986    51465    61164    61929   119674    61164    64485    58213    75867    78240    58213    24760    36869    37095    61929    93470    51693    65028    47264    64485    38834    52323    52323   102355    26087 
    4722    62827    89605   174383    48471    25945    30640    16465    26437    49433    46933    86782    75991   103803    83996    14366    20895    75991    81059    19918    81495    41025    76808    13384    22667    81495    16694    46933    54136    74315        0    65399    89211    30640    78106    16465    81059    82014    13384   125506    90015   101391    83176    85625   117738    65237     5570    22276    16465    21030    65399    75991    22276    84319    22667    89211    54991    83176        0    75610    49433   101391    63334     7809    32465     5570    80993    66287    65237    86782   174383    24797    74111    34337    85625    63334    51922    23710    25945        0    77609   103803    88357    23710   142825    88357   106138    85625   103060   101391    85625    76808    73757    73983    23710   121353    79181    18076    34504   106138    83291    89211    89211   125506    49433 
   60671    18142    24619   118918    33719    86591    79153    51862    46438    26243    35397    30081    16039    45127    61998    68623    50412    16039    46917    80619    17264    32355    53529    61515    71447    17264    49952    35397    38597    52193    65399        0    52759    79153    56918    51862    46917    59847    61515    69345    68003    45106    47044    26646    61336    35492    63756    76533    51862    47420        0    16039    76533    49175    71447    52759    22084    47044    65399    36508    26243    45106    40628    65985    35579    63756    50046    33964    35492    30081   118918    72929    52113    94983    26646    40628    22366    51074    86591    65399    43414    45127    18420    51074    87360    18420    41315    26646    28065    45106    26646    53529    39616    39613    51074    65198    20083    56704    38348    41315    50922    52759    52759    69345    26243 
   84484    34318    44847    92914    47883   110404   102966    75674    70369    40799    78140    37158    86015    14956    62257    92435    77070    86015    14960   104234    35662    57641    30247    85328    95378    35662    73764    78140    54806    52323    89211    52759        0   102966    57049    75674    14960    29030    85328    44037    68276    36079     4985    43650    52426    35648    87569   100346    75674    71232    52759    86015   100346     7342    95378        0    41458     4985    89211    21205    40799    36079    40758    90070    58677    87569    26765    23248    35648    37158    92914    96741    35204   118796    43650    40758    46183    77586   110404    89211    10472    14956    43599    77586    61356    43599    26664    43650    58303    36079    43650    30247    16112    15391    77586    50966    36816    80684    62161    26664    19929        0        0    44037    40799 
   24301    76581   103919   188137    62226    51833        0    30779    40191    63187    34694   100537    61744   118117    97751    17487    24740    61744    94813    46218    95250    55339    91122    18319    16367    95250    31008    34694    67890    87695    30640    79153   102966        0    92421    30779    94813    95350    18319   139260   103769   115146    96930    99636   131493    78991    27374    11779    30779    35344    79153    61744    11779    98073    16367   102966    68746    96930    30640    89364    63187   115146    77088    23302    46220    27374    95307    80227    78991   100537   188137     8358    87615    60224    99636    77088    65676    22280    51833    30640    91363   118117   102671    22280   156579   102671   120452    99636    84608   115146    99636    91122    87512    87738    22280   135667    92935    23894    48818   120452    97045   102966   102966   139260    63187 
   73835    39699    67095   155957    33008    98838    92421    64585    59438    30812    71524    64096    71056    56149     6145    81818    66711    71056    44758    93303    55172    47428    29444    75589    84447    55172    63551    71524    35982     5421    78106    56918    57049    92421        0    64585    44758    33861    75589   107081    12164    82966    51278    62938    99313    23405    77178    90133    64585    61019    56918    71056    90133    52156    84447    57049    35204    51278    78106    42974    30812    82966    17653    79139    47746    77178    35297    33503    23405    64096   155957    86528    25959   108583    62938    17653    38692    66655    98838    78106    45711    56149    65959    66655   124400    65959    69651    62938    80551    82966    62938    29444    41595    41821    66655   102941    56419    69753    51159    69651    43559    57049    57049   107081    30812 
   12193    49290    76084   160845    34934    37702    30779        0     9310    35896    31042    73245    62454    90282    70459    19734     5714    62454    67522    31662    67958    27504    63286     8453    14949    67958     4165    31042    40599    60778    16465    51862    75674    30779    64585        0    67522    68476     8453   111969    76478    87854    69639    72088   104201    51700    14868    27644        0     7509    51862    62454    27644    70782    14949    75674    41454    69639    16465    62073    35896    87854    49797    17498    18928    14868    67472    52750    51700    73245   160845    24040    60574    46094    72088    49797    38385    11367    37702    16465    64072    90282    74836    11367   129288    74836    92616    72088    89539    87854    72088    63286    60220    60446    11367   107832    65644     4714    20982    92616    69754    75674    75674   111969    35896 
   76331    30031    48161   104562    40033   102251    94813    67522    65751    32189    73675    44977    74812    23390    49837    84283    68917    74812        0    96279    39152    49488    15940    77175    87041    39152    65612    73675    46656    40032    81059    46917    14960    94813    44758    67522        0    16534    77175    54989    55843    44644    14183    43878    60873    27470    79416    92193    67522    63080    46917    74812    92193     9865    87041    14960    35284    14183    81059    24534    32189    44644    30246    81645    50497    79416    12457    15095    27470    44977   104562    88589    20896   110643    43878    30246    40239    70629   102251    81059    10673    23390    46913    70629    73004    46913    35078    43878    61617    44644    43878    15940     6675    14446    70629    62135    41457    72364    54008    35078     6495    14960    14960    54989    32189 
   77286    42628    57128   117921    35937   103206    95350    68476    62367    33742    74453    53946    83147    37795    38670    85237    69872    83147    16534    96232    47554    50443     6850    78130    87376    47554    66566    74453    38911    29136    82014    59847    29030    95350    33861    68476    16534        0    78130    69045    44688    58423    28144    52845    74770    26334    80371    93148    68476    64034    59847    83147    93148    24138    87376    29030    38133    28144    82014    33045    33742    58423    19433    82068    50675    80371    10634    23228    26334    53946   117921    89543     9999   111598    52845    19433    41621    69584   103206    82014    24400    37795    55880    69584    86364    55880    49483    52845    70584    58423    52845     6850    19036    22629    69584    76541    48133    72683    54963    49483    10103    29030    29030    69045    33742 
    9112    58943    87088   170499    44588    34115    18319     8453    22554    45549    34612    82899    72107   101286    80113     9795    12061    72107    77175    28580    77612    38508    74290        0    10346    77612    14177    34612    50253    70431    13384    61515    85328    18319    75589     8453    77175    78130        0   121622    86131    97508    79293    81742   113855    61353    12455    16557     8453    18513    61515    72107    16557    80435    10346    85328    51108    79293    13384    71726    45549    97508    59450     9606    28582    12455    78476    62404    61353    82899   170499    14418    70228    43393    81742    59450    48038    10947    34115    13384    73725   101286    84763    10947   138941    84763   101548    81742   100543    97508    81742    74290    69874    70100    10947   117483    75297     6156    31304   101548    79407    85328    85328   121622    45549 
  120778    72192    63457    50303   101353   146698   139260   111969   106831    81232   105681    48469    81790    33600   113728   128730   110519    81790    54989   140696    56219    92462    66568   121622   131841    56219   110059   105681   107018   102355   125506    69345    44037   139260   107081   111969    54989    69045   121622        0   119746    33758    41590    41428    18194    87119   123864   136640   111969   107527    69345    81790   136640    46545   131841    44037    76774    41590   125506    73474    81232    33758    90790   126532    96210   123864    63086    78710    87119    48469    50303   133036    71525   155090    41428    90790    88106   111733   146698   125506    47367    33600    62209   111733    18745    62209    28750    41428    76913    33758    41428    66568    53053    48350   111733    17675    53905   117147    98455    28750    59958    44037    44037        0    81232 
   85287    50588    78112   169319    44093   111207   103769    76478    70523    41922    82609    75181    82141    67165     6667    93239    77873    82141    55843   104388    66258    58444    40460    86131    95532    66258    74568    82609    47107    16503    90015    68003    68276   103769    12164    76478    55843    44688    86131   119746        0    87856    62363    73828   110398    34490    88372   101149    76478    72036    68003    82141   101149    63241    95532    68276    46289    62363    90015    54059    41922    87856    27866    90601    58831    88372    46313    44577    34490    75181   169319    97545    36953   119599    73828    27866    49777    77740   111207    90015    56604    67165    76864    77740   137761    76864    80185    73828    91567    87856    73828    40460    52680    52906    77740   109170    67504    80839    62964    80185    54645    68276    68276   119746    41922 
   96663    47953    22673    69450    77114   122584   115146    87854    82592    56993    81442    18241    57551    23686    81838   104615    86404    57551    44644   116457    31980    68348    62412    97508   107602    31980    85944    81442    82779    78240   101391    45106    36079   115146    82966    87854    44644    58423    97508    33758    87856        0    31244    17464    17441    55229    99749   112526    87854    83412    45106    57551   112526    36199   107602    36079    52535    31244   101391    37810    56993        0    66675   101978    71971    99749    58929    52200    55229    18241    69450   108921    67368   130975    17464    66675    63867    87494   122584   101391    36746    23686    26019    87494    40866    26019    12492    17464    29761        0    17464    62412    51438    45190    87494    21218    21689    92908    74341    12492    49612    36079    36079    33758    56993 
