dep84 0 0 60
**************************************DATA
8 104 480 8 1.33
**************************************DISTANCE
       0    38438    24044    53624    50337    59757    71872    49281    32998    10116    25931    10630    35858    22432    20320    38677    40273    16373    75910    72720    73216    69663     8407    38677    62096    27490    69663    53869    73216    32998    10630    32998    83929    83929     4657    62096    27595    58521    53624     5484    10630    10992    31493    53624    19425    72720    25931    59757    31270    25043    42240    68533    83929    45164    69663     9575    71872    68533    40273    43342    75910    40273    43339    27490    29913    57416    35546    61336     5532    58521    56902    62096    40273    53382    68533    61918    20336    31808    59757     5532    16779    53382    68533    15868    47838    16373    49827     4284    37839    29913    14679    38990    22432    56902    49281    22092    42219    34432    53624    10116    26267     5484    22432     5484    31270 
   38438        0    68555    33300    29944    31950    48084    64724    41485    51908    37365    45138    56011    73217    21916    44352     5753    28904   113233    81355    46422    39268    42729    44352    99998    20072    39268    66921    46422    41485    45138    41485    51836    51836    33872    99998    10995    32556    33300    33295    45138    49723     6620    33300    46351    81355    37365    31950    44560    21963    59517    40926    51836    79717    39268    34258    48084    40926     5753    55984   113233     5753    29684    20072    27448    30561    54805    41184    41677    32556    74672    99998     5753    17249    40926    35954    21817    72182    31950    41677    23034    17249    40926    54040    15538    28904    62870    42193    77856    27448    39616    38310    73217    74672    64724    31899    10218    58961    33300    51908    32284    33295    73217    33295    44560 
   24044    68555        0    85886    81452    58663   104135    34526    65260    15031    25133    20868    18400     7106    55270    37583    58406    49563    53798    39562   104537    68569    15537    37583    39985    57608    68569    25186   104537    65260    20868    65260   109175   109175    28513    39985    57713    90813    85886    35460    20868    20209    61611    85886    14872    39562    25133    58663    22896    55161    34047    98179   109175    17151    68569    22178   104135    98179    58406    14659    53798    58406    75602    57608    33419    88601    27353    93598    18287    90813    39304    39985    58406    66843    98179    94867    50454     8609    58663    18287    49231    66843    98179     9217    77955    49563    21144    21418    15728    33419    24438    71252     7106    39304    34526    26905    72162     7082    85886    15031    29773    35460     7106    35460    22896 
   53624    33300    85886        0     5621    60422    19178   117772    23500    69078    69452    65521   101561    90548    39036    78977    31712    40140   130564   125334    19212    57883    69634    78977   117328    36692    57883   108443    19212    23500    65521    23500    24211    24211    50676   117328    40605     6129        0    48273    65521    74076    30598        0    77481   125334    69452    60422    93227    43131   104336    13139    24211    96714    57883    53683    19178    13139    31712    98585   130564    31712    14648    36692    59856     9386    99624     8588    73791     6129   119802   117328    31712    40800    13139    14042    41218    89513    60422    73791    44203    40800    13139    74085    29966    40140   104391    64665    95187    59856    58498    21919    90548   119802   117772    64762    29626    88963        0    69078    64371    48273    90548    48273    93227 
   50337    29944    81452     5621        0    57781    23870   113179    18314    63804    66866    60245    97053    76022    33988    74579    28731    35727   125880   122690    24272    55204    64895    74579   112066    33124    55204   103839    24272    18314    60245    18314    28911    28911    45766   112066    35846     9706     5621    45854    60245    65256    26979     5621    72528   122690    66866    57781    87589    39450    98631    17914    28911    95134    55204    48521    23870    17914    28731    93312   125880    28731     9538    33124    57190     9201    91938    13333    69162     9706   117957   112066    28731    38075    17914    14601    36049    81778    57781    69162    40531    38075    17914    69457    27180    35727    99797    59560    87809    57190    53440    16695    76022   117957   113179    61642    24350    84402     5621    63804    61706    45854    76022    45854    87589 
   59757    31950    58663    60422    57781        0    76678    42966    64315    61222    33816    67969    57445    66016    49193    21079    33750    51734    78122    74877    68161    14164    58875    21079    96084    46471    14164    55734    68161    64315    67969    64315    61348    61348    56702    96084    35715    60393    60422    56125    67969    54371    35653    60422    47414    74877    33816        0    38801    44793    46582    68763    61348    67405    14164    50310    76678    68763    33750    57851    78122    33750    57520    46471    43819    58398    44643    69021    54811    60393    46551    96084    33750    29635    68763    63790    44648    68268        0    54811    44896    29635    68763    66526    36507    51734    59396    59710    71558    43819    45651    66146    66016    46551    42966    40898    30954    60396    60422    61222    33577    56125    66016    56125    38801 
   71872    48084   104135    19178    23870    76678        0   136021    41748    87326    85538    83769   119809   108796    57562    93504    47798    58389   148813   146264    11289    64017    88470    93504   135577    51264    64017   127413    11289    41748    83769    41748    17792    17792    68925   135577    56691    18691    19178    66521    83769    92324    46684    19178    96102   146264    85538    76678    92733    59217   122585     7958    17792   118709    64017    72095        0     7958    47798   116886   148813    47798    32897    51264    75331    21083   117873    11820    92737    18691   121325   135577    47798    56776     7958    18967    59623   105352    76678    92737    60288    56776     7958    93032    45481    58389   123372    83135   111384    75331    77014    40270   108796   121325   136021    79782    49879   107211    19178    87326    80457    66521   108796    66521    92733 
   49281    64724    34526   117772   113179    42966   136021        0    97146    46171    24687    54409    21280    41879    58096    33511    65901    54078    33789    29573   109390    52488    44811    33511    47333    63448    52488    14272   109390    97146    54409    97146   102577   102577    45122    47333    51706    98546   117772    52802    54409    40417    60398   117772    32238    29573    24687    42966    19348    61001     8396   130065   102577    34508    52488    38113   136021   130065    65901    22516    33789    65901   107488    63448    40915    96550    14699   125484    42645    98546    11727    47333    65901    76382   130065   101943    56294    35109    42966    42645    48604    76382   130065    44909    75177    54078    17888    47513    47614    40915    38140   103138    41879    11727        0    34400    71783    28166   117772    46171    30475    52802    41879    52802    19348 
   32998    41485    65260    23500    18314    64315    41748    97146        0    48452    49147    44895    80934    69921    18547    61998    39265    19514   109938   107249    41923    65150    49454    61998    96702    26370    65150    88398    41923        0    44895        0    46922    46922    30050    96702    30643    27675    23500    27646    44895    53450    34534    23500    57087   107249    49147    64315    72601    22987    83710    35850    46922    79693    65150    33080    41748    35850    39265    77871   109938    39265    13341    26370    45394    26337    78998    31211    53721    27675   102516    96702    39265    48021    35850    31729    20608    66337    64315    53721    26790    48021    35850    54016    37126    19514    84356    44119    72368    45394    37999     8866    69921   102516    97146    45413    37179    68337    23500    48452    49466    27646    69921    27646    72601 
   10116    51908    15031    69078    63804    61222    87326    46171    48452        0    27691     5162    32379    13531    38461    40141    52171    31915    68842    65376    87413    71128     5591    40141    55606    40960    71128    46525    87413    48452     5162    48452    92412    92412    14541    55606    39899    73165    69078    17812     5162    10703    43790    69078    14123    65376    27691    61222    29855    38513    40226    81340    92412    37820    71128    17223    87326    81340    52171    35997    68842    52171    58831    40960    35786    71827    36252    76789     9762    73165    60643    55606    52171    66852    81340    77219    33806    24463    61222     9762    31395    66852    81340     7249    61308    31915    42483     7446    30495    35786    18909    54444    13531    60643    46171    26322    54514    27241    69078        0    32140    17812    13531    17812    29855 
   25931    37365    25133    69452    66866    33816    85538    24687    49147    27691        0    30794    23914    32485    36469    12735    38251    30728    53768    49764    82906    43722    25052    12735    62553    35951    43722    34463    82906    49147    30794    49147    84334    84334    23383    62553    24427    69478    69452    29452    30794    20840    33294    69452    13450    49764        0    33816     7396    35547    19479    77848    84334    33915    43722    16487    85538    77848    38251    24361    53768    38251    59719    35951    13556    67483    14768    77878    21019    69478    34316    62553    38251    46980    77848    72876    34668    31061    33816    21019    22038    46980    77848    33037    47818    30728    30847    25887    38180    13556    12384    55140    32485    34316    24687     7042    42716    26865    69452    27691     6073    29452    32485    29452     7396 
   10630    45138    20868    65521    60245    67969    83769    54409    44895     5162    30794        0    38858    19256    26813    43540    46973    20334    75707    72517    84172    78269     8861    43540    61893    34191    78269    53666    84172    44895        0    44895    88810    88810    15174    61893    34296    69828    65521    13221        0    13992    38194    65521    21264    72517    30794    67969    36326    31744    47368    77814    88810    44961    78269    17856    83769    77814    46973    43138    75707    46973    55236    34191    34776    68236    40674    73232    10395    69828    67784    61893    46973    60083    77814    73659    27037    31605    67969    10395    25814    60083    77814    12691    54538    20334    49624     8079    37636    34776    19542    50887    19256    67784    54409    26955    49018    34229    65521     5162    31130    13221    19256    13221    36326 
   35858    56011    18400   101561    97053    57445   119809    21280    80934    32379    23914    38858        0    25752    48149    36365    56739    42351    33860    29643   120211    67351    31019    36365    38610    53502    67351    11747   120211    80934    38858    80934   102555   102555    35176    38610    42993   106414   101561    51061    38858    24866    57505   101561    20037    29643    23914    57445    17993    51055    26161   113853   102555    20407    67351    28167   119809   113853    56739     6305    33860    56739    91276    53502    32201   105075    22331   109272    30373   106414    25866    38610    56739    65625   113853   110468    46348    21009    57445    30373    41610    65625   113853    28698    66463    42351    11588    39961    31402    32201    28194    86927    25752    25866    21280    25687    61204    11955   101561    32379    28555    51061    25752    51061    17993 
   22432    73217     7106    90548    76022    66016   108796    41879    69921    13531    32485    19256    25752        0    59931    44935    75052    44132    58460    41973   109198    75921    13791    44935    44646    62269    75921    32538   109198    69921    19256    69921   113837   113837    27012    44646    62374    85383    90548    30030    19256    18708    66272    90548    17105    41973    32485    66016    30346    59822    41399   102840   113837    18259    75921    24411   108796   102840    75052    22011    58460    75052    80263    62269    40772    93263    34705    98259    16541    85383    46657    44646    75052    74195   102840    89437    55115     9712    66016    16541    53893    74195   102840     7670    82617    44132    28496    19917    20389    40772    26671    75914        0    46657    41879    34257    66732    14434    90548    13531    37125    30030        0    30030    30346 
   20320    21916    55270    39036    33988    49193    57562    58096    18547    38461    36469    26813    48149    59931        0    45064    25700     6836    99948    94717    57596    57274    37816    45064    86712     9307    57274    77826    57596    18547    26813    18547    62596    62596    17372    86712    13428    43349    39036    14968    26813    43459    17319    39036    30051    94717    36469    49193    41779     5772    52888    51524    62596    66098    57274    20264    57562    51524    25700    66233    99948    25700    29014     9307    28160    42010    48176    46972    29688    43349    68044    86712    25700    36868    51524    47402     3376    58896    49193    29688    11923    36868    51524    43469    33596     6836    73775    23868    64570    28160    25194    24578    59931    68044    58096    27032    28043    58346    39036    38461    32694    14968    59931    14968    41779 
   38677    44352    37583    78977    74579    21079    93504    33511    61998    40141    12735    43540    36365    44935    45064        0    45479    43474    62592    58375    84987    30990    37664        0    75004    44270    30990    42652    84987    61998    43540    61998    78174    78174    36129    75004    31655    77191    78977    42198    43540    33290    40522    78977    26334    58375    12735    21079    19846    42776    28303    85561    78174    46277    30990    28174    93504    85561    45479    36772    62592    45479    74319    44270    20864    75196    26364    85819    33731    77191    43459    75004    45479    49411    85561    80589    42630    47188    21079    33731    34784    49411    85561    40800    53305    43474    46314    38629    50477    20864    24571    68029    44935    43459    33511    19817    47753    39315    78977    40141    12497    42198    44935    42198    19846 
   40273     5753    58406    31712    28731    33750    47798    65901    39265    52171    38251    46973    56739    75052    25700    45479        0    30739    86231    82014    44576    33808    53595    45479   100433    20514    33808    67638    44576    39265    46973    39265    46169    46169    35304   100433    16889    31343    31712    35130    46973    53922    11099    31712    45198    82014    38251    33750    45738    23417    60276    40640    46169    83501    33808    38042    47798    40640        0    57111    86231        0    29332    20514    28575    29348    53583    40138    49561    31343    74939   100433        0    13616    40640    34740    23275    70144    33750    49561    26861    13616    40640    57824    10078    30739    63597    43633    76176    28575    40926    37646    75052    74939    65901    33027     4581    57233    31712    52171    33090    35130    75052    35130    45738 
   16373    28904    49563    40140    35727    51734    58389    54078    19514    31915    30728    20334    42351    44132     6836    43474    30739        0    93990    90800    58791    62034    26008    43474    80177    13300    62034    71949    58791    19514    20334    19514    63430    63430    11801    80177    18062    45088    40140     8489    20334    33366    21960    40140    24222    90800    30728    51734    34936     9754    47036    52433    63430    63245    62034    14556    58389    52433    30739    61422    93990    30739    29856    13300    34710    42855    40343    47852    21975    45088    61699    80177    30739    43848    52433    52650     7538    49888    51734    21975     9580    43848    52433    37568    38304        0    67908    20130    55920    34710    19475    25507    44132    61699    54078    26889    32950    52512    40140    31915    31064     8489    44132     8489    34936 
   75910   113233    53798   130564   125880    78122   148813    33789   109938    68842    53768    75707    33860    58460    99948    62592    86231    93990        0     5544   149488    87644    69933    62592    34289   102286    87644    22890   149488   109938    75707   109938   153853   153853    79472    34289    72407   135241   130564    79888    75707    73563   105865   130564    49597     5544    53768    78122    46634    99839    38767   142857   153853    28755    87644    57728   148813   142857    86231    30282        0    86231   120280   102286    61762   133902    43780   138276    74200   135241    34867    34289    86231    95186   142857   139295    95132    38114    78122    74200    93909    95186   142857    62496   122633    93990    24639    73987    35943    61762    57754   115930    58460    34867    33789    55248   116590    37487   130564    68842    58115    79888    58460    79888    46634 
   72720    81355    39562   125334   122690    74877   146264    29573   107249    65376    49764    72517    29643    41973    94717    58375    82014    90800     5544        0   146298    84399    64702    58375    25210   101143    84399    18674   146298   107249    72517   107249   151298   151298    75612    25210    68190   132051   125334    76698    72517    50142   102675   125334    45249        0    49764    74877    42418    97607    34590   140226   151298    24538    84399    53511   146264   140226    82014    26065     5544    82014   117717   101143    57545   130712    39599   135674    68969   132051    31754    25210    82014    90969   140226   136105    89902    34861    74877    68969    90281    90969   140226    50014    91807    90800    20415    80373    31835    57545    53459   113280    41973    31754    29573    51031   113400    33179   125334    65376    53791    76698    41973    76698    42418 
   73216    46422   104537    19212    24272    68161    11289   109390    41923    87413    82906    84172   120211   109198    57596    84987    44576    58791   149488   146298        0    55501    88503    84987   135674    49601    55501   127447        0    41923    84172    41923     9276     9276    67814   135674    54216    14267    19212    68074    84172    92727    44208    19212    96136   146298    82906    68161    89511    55928   104932    12849     9276   118742    55501    70552    11289    12849    44576   116920   149488    44576    33146    49601    73230    16324    98238    14129    92770    14267   112808   135674    44576    47111    12849    12510    55786   105386    68161    92770    57009    47111    12849    93065    35817    58791   123405    83169   111417    73230    75472    40303   109198   112808   109390    77682    40214   108010    19212    87413    77746    68074   109198    68074    89511 
   69663    39268    68569    57883    55204    14164    64017    52488    65150    71128    43722    78269    67351    75921    57274    30990    33808    62034    87644    84399    55501        0    68786    30990   105990    53202        0    65255    55501    65150    78269    65150    48688    48688    67002   105990    47182    57816    57883    66425    78269    64276    42560    57883    57320    84399    43722    14164    48707    55093    61518    60336    48688    77316        0    60221    64017    60336    33808    74061    87644    33808    54944    53202    51849    55821    54549    66444    64753    57816    56072   105990    33808    25366    60336    61214    54947    78174    14164    64753    56164    25366    60336    76438    32858    62034    68917    69616    81464    51849    55557    63570    75921    56072    52488    50776    29446    70302    57883    71128    43483    66425    75921    66425    48707 
    8407    42729    15537    69634    64895    58875    88470    44811    49454     5591    25052     8861    31019    13791    37816    37664    53595    26008    69933    64702    88503    68786        0    37664    56697    34856    68786    47811    88503    49454     8861    49454    93503    93503    11300    56697    39770    74256    69634    12121     8861     9343    38132    69634    12748    64702    25052    58875    28495    31592    39604    82431    93503    36083    68786    11980    88470    82431    53595    36553    69933    53595    59922    34856    28900    72917    34892    77880     4378    74256    59171    56697    53595    62324    82431    78310    26571    28882    58875     4378    24466    62324    82431     6939    54408    26008    43760     5568    34555    28900    13776    55485    13791    59171    44811    21142    48856    28331    69634     5591    25371    12121    13791    12121    28495 
   38677    44352    37583    78977    74579    21079    93504    33511    61998    40141    12735    43540    36365    44935    45064        0    45479    43474    62592    58375    84987    30990    37664        0    75004    44270    30990    42652    84987    61998    43540    61998    78174    78174    36129    75004    31655    77191    78977    42198    43540    33290    40522    78977    26334    58375    12735    21079    19846    42776    28303    85561    78174    46277    30990    28174    93504    85561    45479    36772    62592    45479    74319    44270    20864    75196    26364    85819    33731    77191    43459    75004    45479    49411    85561    80589    42630    47188    21079    33731    34784    49411    85561    40800    53305    43474    46314    38629    50477    20864    24571    68029    44935    43459    33511    19817    47753    39315    78977    40141    12497    42198    44935    42198    19846 
   62096    99998    39985   117328   112066    96084   135577    47333    96702    55606    62553    61893    38610    44646    86712    75004   100433    80177    34289    25210   135674   105990    56697    75004        0    89050   105990    37416   135674    96702    61893    96702   140674   140674    66236        0    88160   121427   117328    66074    61893    59750    92052   117328    64330    25210    62553    96084    60240    86603    53293   129602   140674    25966   105990    68840   135577   129602   100433    34436    34289   100433   107044    89050    70840   120088    64774   125040    60964   121427    50365        0   100433   114942   129602   125481    81896    33747    96084    60964    79657   114942   129602    49260   109398    80177    32181    60751    18520    70840    70526   102695    44646    50365    47333    64326   102776    43062   117328    55606    67193    66074    44646    66074    60240 
   27490    20072    57608    36692    33124    46471    51264    63448    26370    40960    35951    34191    53502    62269     9307    44270    20514    13300   102286   101143    49601    53202    34856    44270    89050        0    53202    82292    49601    26370    34191    26370    54280    54280    22924    89050    11604    35736    36692    22347    34191    38776    12133    36692    35404   101143    35951    46471    47132     4295    58240    44106    54280    73587    53202    26385    51264    44106    20514    71765   102286    20514    32863        0    27366    33740    53528    45117    33804    35736    69419    89050    20514    35016    44106    39133     6882    60231    46471    33804    12087    35016    44106    47910    29472    13300    78250    31245    66262    27366    31304    32515    62269    69419    63448    27975    22857    60684    36692    40960    30870    22347    62269    22347    47132 
   69663    39268    68569    57883    55204    14164    64017    52488    65150    71128    43722    78269    67351    75921    57274    30990    33808    62034    87644    84399    55501        0    68786    30990   105990    53202        0    65255    55501    65150    78269    65150    48688    48688    67002   105990    47182    57816    57883    66425    78269    64276    42560    57883    57320    84399    43722    14164    48707    55093    61518    60336    48688    77316        0    60221    64017    60336    33808    74061    87644    33808    54944    53202    51849    55821    54549    66444    64753    57816    56072   105990    33808    25366    60336    61214    54947    78174    14164    64753    56164    25366    60336    76438    32858    62034    68917    69616    81464    51849    55557    63570    75921    56072    52488    50776    29446    70302    57883    71128    43483    66425    75921    66425    48707 
   53869    66921    25186   108443   103839    55734   127413    14272    88398    46525    34463    53666    11747    32538    77826    42652    67638    71949    22890    18674   127447    65255    47811    42652    37416    82292    65255        0   127447    88398    53666    88398   132447   132447    45906    37416    53814   113200   108443    57847    53666    35766    62681   108443    30872    18674    34463    55734    27117    78756    19289   121375   132447    19277    65255    39077   127413   121375    67638    13187    22890    67638    98866    82292    43112   111861    24298   116823    41283   113200    16358    37416    67638    76535   121375   117254    73011    27171    55734    41283    54573    76535   121375    35580    77373    71949     5846    47835    25909    43112    39083    94429    32538    16358    14272    36597    72103    18803   108443    46525    39414    57847    32538    57847    27117 
   73216    46422   104537    19212    24272    68161    11289   109390    41923    87413    82906    84172   120211   109198    57596    84987    44576    58791   149488   146298        0    55501    88503    84987   135674    49601    55501   127447        0    41923    84172    41923     9276     9276    67814   135674    54216    14267    19212    68074    84172    92727    44208    19212    96136   146298    82906    68161    89511    55928   104932    12849     9276   118742    55501    70552    11289    12849    44576   116920   149488    44576    33146    49601    73230    16324    98238    14129    92770    14267   112808   135674    44576    47111    12849    12510    55786   105386    68161    92770    57009    47111    12849    93065    35817    58791   123405    83169   111417    73230    75472    40303   109198   112808   109390    77682    40214   108010    19212    87413    77746    68074   109198    68074    89511 
   32998    41485    65260    23500    18314    64315    41748    97146        0    48452    49147    44895    80934    69921    18547    61998    39265    19514   109938   107249    41923    65150    49454    61998    96702    26370    65150    88398    41923        0    44895        0    46922    46922    30050    96702    30643    27675    23500    27646    44895    53450    34534    23500    57087   107249    49147    64315    72601    22987    83710    35850    46922    79693    65150    33080    41748    35850    39265    77871   109938    39265    13341    26370    45394    26337    78998    31211    53721    27675   102516    96702    39265    48021    35850    31729    20608    66337    64315    53721    26790    48021    35850    54016    37126    19514    84356    44119    72368    45394    37999     8866    69921   102516    97146    45413    37179    68337    23500    48452    49466    27646    69921    27646    72601 
   10630    45138    20868    65521    60245    67969    83769    54409    44895     5162    30794        0    38858    19256    26813    43540    46973    20334    75707    72517    84172    78269     8861    43540    61893    34191    78269    53666    84172    44895        0    44895    88810    88810    15174    61893    34296    69828    65521    13221        0    13992    38194    65521    21264    72517    30794    67969    36326    31744    47368    77814    88810    44961    78269    17856    83769    77814    46973    43138    75707    46973    55236    34191    34776    68236    40674    73232    10395    69828    67784    61893    46973    60083    77814    73659    27037    31605    67969    10395    25814    60083    77814    12691    54538    20334    49624     8079    37636    34776    19542    50887    19256    67784    54409    26955    49018    34229    65521     5162    31130    13221    19256    13221    36326 
   32998    41485    65260    23500    18314    64315    41748    97146        0    48452    49147    44895    80934    69921    18547    61998    39265    19514   109938   107249    41923    65150    49454    61998    96702    26370    65150    88398    41923        0    44895        0    46922    46922    30050    96702    30643    27675    23500    27646    44895    53450    34534    23500    57087   107249    49147    64315    72601    22987    83710    35850    46922    79693    65150    33080    41748    35850    39265    77871   109938    39265    13341    26370    45394    26337    78998    31211    53721    27675   102516    96702    39265    48021    35850    31729    20608    66337    64315    53721    26790    48021    35850    54016    37126    19514    84356    44119    72368    45394    37999     8866    69921   102516    97146    45413    37179    68337    23500    48452    49466    27646    69921    27646    72601 
   83929    51836   109175    24211    28911    61348    17792   102577    46922    92412    84334    88810   102555   113837    62596    78174    46169    63430   153853   151298     9276    48688    93503    78174   140674    54280    48688   132447     9276    46922    88810    46922        0        0    79265   140674    62431    18905    24211    78787    88810    97365    54921    24211   101136   151298    84334    61348    91104    67379   106360    14934        0   123742    48688    82003    17792    14934    46169   121920   153853    46169    38146    54280    74658    20962    99666    19129    89422    18905   105995   140674    46169    48539    14934    17149    67237   110386    61348    89422    68460    48539    14934    98065    37244    63430   128405    88168   116417    74658    86923    45303   113837   105995   102577    79110    41808   112252    24211    92412    79174    78787   113837    78787    91104 
   83929    51836   109175    24211    28911    61348    17792   102577    46922    92412    84334    88810   102555   113837    62596    78174    46169    63430   153853   151298     9276    48688    93503    78174   140674    54280    48688   132447     9276    46922    88810    46922        0        0    79265   140674    62431    18905    24211    78787    88810    97365    54921    24211   101136   151298    84334    61348    91104    67379   106360    14934        0   123742    48688    82003    17792    14934    46169   121920   153853    46169    38146    54280    74658    20962    99666    19129    89422    18905   105995   140674    46169    48539    14934    17149    67237   110386    61348    89422    68460    48539    14934    98065    37244    63430   128405    88168   116417    74658    86923    45303   113837   105995   102577    79110    41808   112252    24211    92412    79174    78787   113837    78787    91104 
    4657    33872    28513    50676    45766    56702    68925    45122    30050    14541    23383    15174    35176    27012    17372    36129    35304    11801    79472    75612    67814    67002    11300    36129    66236    22924    67002    45906    67814    30050    15174    30050    79265    79265        0    66236    23032    53949    50676     8371    15174    12530    26923    50676    16877    75612    23383    56702    28806    20477    39691    62319    79265    48057    67002     5171    68925    62319    35304    35379    79472    35304    40792    22924    27365    51954    35203    58388     8425    53949    54354    66236    35304    48816    62319    57346    15770    34700    56702     8425    12064    48816    62319    20417    43272    11801    41864     8834    40732    27365    12130    36042    27012    54354    45122    19544    37647    37870    50676    14541    23718     8371    27012     8371    28806 
   62096    99998    39985   117328   112066    96084   135577    47333    96702    55606    62553    61893    38610    44646    86712    75004   100433    80177    34289    25210   135674   105990    56697    75004        0    89050   105990    37416   135674    96702    61893    96702   140674   140674    66236        0    88160   121427   117328    66074    61893    59750    92052   117328    64330    25210    62553    96084    60240    86603    53293   129602   140674    25966   105990    68840   135577   129602   100433    34436    34289   100433   107044    89050    70840   120088    64774   125040    60964   121427    50365        0   100433   114942   129602   125481    81896    33747    96084    60964    79657   114942   129602    49260   109398    80177    32181    60751    18520    70840    70526   102695    44646    50365    47333    64326   102776    43062   117328    55606    67193    66074    44646    66074    60240 
   27595    10995    57713    40605    35846    35715    56691    51706    30643    39899    24427    34296    42993    62374    13428    31655    16889    18062    72407    68190    54216    47182    39770    31655    88160    11604    47182    53814    54216    30643    34296    30643    62431    62431    23032    88160        0    38458    40605    22453    34296    38881     8692    40605    31374    68190    24427    35715    31543    11145    46452    49533    62431    52841    47182    31205    56691    49533    16889    43287    72407    16889    38225    11604    14751    36463    39759    49031    35737    38458    61115    88160    16889    25502    49533    41855    11003    57872    35715    35737    12236    25502    49533    45551    26340    18062    49773    31361    63903    14751    27102    36635    62374    61115    51706    19203    21354    43409    40605    39899    19266    22453    62374    22453    31543 
   58521    32556    90813     6129     9706    60393    18691    98546    27675    73165    69478    69828   106414    85383    43349    77191    31343    45088   135241   132051    14267    57816    74256    77191   121427    35736    57816   113200    14267    27675    69828    27675    18905    18905    53949   121427    38458        0     6129    54038    69828    74617    29591     6129    81889   132051    69478    60393    76681    42062    91504     8443    18905   104495    57816    56687    18691     8443    31343   102673   135241    31343    18899    35736    59803     5858    84810     8598    78523        0   104222   121427    31343    40687     8443     8817    41921    91139    60393    78523    43144    40687     8443    78818    29792    45088   109158    68921    97170    59803    61607    26056    85383   104222    98546    64254    29999    93763     6129    73165    64318    54038    85383    54038    76681 
   53624    33300    85886        0     5621    60422    19178   117772    23500    69078    69452    65521   101561    90548    39036    78977    31712    40140   130564   125334    19212    57883    69634    78977   117328    36692    57883   108443    19212    23500    65521    23500    24211    24211    50676   117328    40605     6129        0    48273    65521    74076    30598        0    77481   125334    69452    60422    93227    43131   104336    13139    24211    96714    57883    53683    19178    13139    31712    98585   130564    31712    14648    36692    59856     9386    99624     8588    73791     6129   119802   117328    31712    40800    13139    14042    41218    89513    60422    73791    44203    40800    13139    74085    29966    40140   104391    64665    95187    59856    58498    21919    90548   119802   117772    64762    29626    88963        0    69078    64371    48273    90548    48273    93227 
    5484    33295    35460    48273    45854    56125    66521    52802    27646    17812    29452    13221    51061    30030    14968    42198    35130     8489    79888    76698    68074    66425    12121    42198    66074    22347    66425    57847    68074    27646    13221    27646    78787    78787     8371    66074    22453    54038    48273        0    13221    19264    26350    48273    22946    76698    29452    56125    35254    19900    45760    63391    78787    49142    66425    13280    66521    63391    35130    47320    79888    35130    37988    22347    33434    52273    39067    55984     9246    54038    71965    66074    35130    48239    63391    57435    15194    35786    56125     9246    13971    48239    63391    23465    42695     8489    53805     7528    41817    33434    18199    33639    30030    71965    52802    25613    37736    38410    48273    17812    29788        0    30030        0    35254 
   10630    45138    20868    65521    60245    67969    83769    54409    44895     5162    30794        0    38858    19256    26813    43540    46973    20334    75707    72517    84172    78269     8861    43540    61893    34191    78269    53666    84172    44895        0    44895    88810    88810    15174    61893    34296    69828    65521    13221        0    13992    38194    65521    21264    72517    30794    67969    36326    31744    47368    77814    88810    44961    78269    17856    83769    77814    46973    43138    75707    46973    55236    34191    34776    68236    40674    73232    10395    69828    67784    61893    46973    60083    77814    73659    27037    31605    67969    10395    25814    60083    77814    12691    54538    20334    49624     8079    37636    34776    19542    50887    19256    67784    54409    26955    49018    34229    65521     5162    31130    13221    19256    13221    36326 
   10992    49723    20209    74076    65256    54371    92324    40417    53450    10703    20840    13992    24866    18708    43459    33290    53922    33366    73563    50142    92727    64276     9343    33290    59750    38776    64276    35766    92727    53450    13992    53450    97365    97365    12530    59750    38881    74617    74076    19264    13992        0    42779    74076     7272    50142    20840    54371    24876    36329    33375    86368    97365    42818    64276    11783    92324    86368    53922    25238    73563    53922    63791    38776    28935    73278    26682    81787     8726    74617    48038    59750    53922    62359    86368    78671    31622    29461    54371     8726    26884    62359    86368     8638    59123    33366    31724    18286    35493    28935    13468    59442    18708    48038    40417    20763    55966    21947    74076    10703    25289    19264    18708    19264    24876 
