dep2 0 0 60
**************************************DATA
13 180 480 8 1.33
**************************************DISTANCE
       0    50810    81299    41751    44515    20402    45976    30725    38329    32823    30320    41525    52453    39910    34635    39175    80574    58242    48694     6443    83473    19928    87851     8078     2958    41265    55239     2958    95016    34475     3961    61461    84282     6274    40098    34635    79469    31125    66963    29485    37134    36043     8204    54858    66575    23513    61461    76095    27604    71077    81299    63911    44515    56780    12299    51335    54872    36888     6274    39910    14719    83473     3961    39182    87851    23838    48605    17861    17572    76336    56992    93165    36043    33419    80574    51335    88392    35005    82886    54682    72707    36957    55239    27706    55625    84472    12927    84372    20971    26964    30725    29765    40042    43386    17861    39910    84472    30666    68225    27631    52453     6817     4492    66963    17572    63809    78399    36957    41751    58242    27604    36043    72258    31766    99024     6443    43244    37356    44515    23513    65405    17861     6274    55239    17027    55239    47626    40098    44515    91109    36957    75947    55625    79469    99024     8204    36888    37648    19928    57861    27604    55239    75721    48694    55625    56992    38121    17572    36888     6443    52453    32631    43244    26839    37648    69716    16461    76095    37620    55625    43386    61083    27604    58242    37595    32631    36464     6274    39175     4492    33271    23300    83129    47614    27631    22304    42305    27604    50814    61083    87744 
   50810        0   155779    95645    87500    31260    21004    74911    57310    47146    60710   108719    57091    63465    85011    93069   155054   106340    48286    60689    80298    33084    41686    58768    56978    42278    29527    56978   169496   101496    49781   114964   158762    57750    31535    85011   159046    19710   117575    23431    16187    22871    62970    68014    53651    31592   114964   150574    57538    81187   155779    11703    87500     7684    36904    86153    54905   100140    57750    63465    47776    80298    49781    90823    41686    30995     8541    68551    45841    37039   107604    55809    22871    20372   155054    86153   162871    93456   148877    68423    82817    78598    29527    26881    68781    56415    46301   158851    40830    23668    74911    34539    85679    72553    68551    63465    56415    38726    22072    26862    57091    42938    45637   117575    45841   114420    76170    78598    95645   106340    57538    22871    30901    23133    57498    60689    20881    88878    87500    31592    15194    68551    57750    29527    42267    29527    80597    31535    87500    46233    78598    29794    68781   159046    57498    62970   100140    82543    33084    13510    57538    29527    47664    48286    68781   107604    14527    45841   100140    60689    57091    83322    20881    44846    82543    30700    51892   150574    15376    68781    72553    10872    57538   106340   102119    83322    66757    57750    93069    45637    35867    31221   157608    60770    26862    54232    92318    57538     6594    10872    40277 
   81299   155779        0    50366    40961   147332   141877    64444    67449    82468    66335    64735    99830    69315    47196    47656     7458    45765   120353    73995    53261   149263   160253    77054    77663   112924   127040    77663    20893    60349    79409    20177     8122    78582   163799    47196     3891   142897    18066   154044   147845   159729    73808   100184   111525   146424    20177     5198    68146    82323        0   163312    40961   161772   137024    39328   103594    55473    78582    69315    84044    53261    79409    42382   160253   152833   172972    66981    96146   147995    24342   144332   159729   157378     7458    39328    12398    48346     9358    51097    77497    55401   127040   150774    90148   135519    91500     8110   155213   141635    64444   122264    42384    48397    66981    69315   135519   161246   159559   152004    99830    85931    82863    18066    96146    25925    90031    55401    50366    45765    68146   159729   143917   156544   159408    73995   167259    43697    40961   146424   163757    66981    78582   127040   155889   127040    44422   163799    40961   164108    55401   160495    90148     3891   159408    73808    55473    48538   149263   177947    68146   127040   120919   120353    90148    24342   149066    96146    55473    73995    99830    54744   167259    86432    48538   141760    95593     5198   160531    90148    48397   159435    68146    45765    56694    54744    66027    78582    47656    82863   121082   129488     7117   103659   152004    71468    42277    68146   149467   159435   161739 
   41751    95645    50366        0    16482    73925    81743    28178    45795    44119    30319    14953    59919    33049     7115     4365    49640    24232    54547    34358    42219    61346    99527    37506    38026    52941    66915    38026    64083    11834    39771    33636    53349    38945    79592     7115    48535    77689    36029    68980    84481    75538    30074    62658    74040    63007    33636    45161    32130    59948    50366   103178    16482    98461    66186    26135    63253     7560    38945    33049    36342    42219    39771     9278    99527    81309    88545    25348    56597    88011    26058    93560    75538    72914    49640    26135    57458     4922    54002    35708    54946    19385    66915    66348    63091    88178    52422    53438    62407    78271    28178    61058    13229    25910    25348    33049    88178    70161    99576    67126    59919    46382    43314    36029    56597    32875    67270    19385        0    24232    32130    75538    83934    71260   110700    34358    82739     9521    16482    63007    99521    25348    38945    66915    56522    66915    24238    79592    16482   103974    19385   100511    63091    48535   110700    30074     7560    12272    61346    93520    32130    66915    76307    54547    63091    26058    83470    56597     7560    34358    59919     8430    82739    50166    12272    81626    50861    45161    77115    63091    25910    95199    32130    24232     8179     8430    30010    38945     4365    43314    56514    63161    52195    55079    67126    35202    12789    32130    84931    95199    99419 
   44515    87500    40961    16482        0    65608    73598    20087    38673    38057    22026    30851    52067    24904    10299    13772    43723    31308    46855    36773    33693    64110    91974    40270    40257    45012    58761    40257    56042    26465    42203    20784    43272    41513    82136    10299    37070    69543    28706    72382    76336    78067    38682    54948    66211    65416    20784    39139    23805    51416    40961    95033        0    93493    58041    14329    55108    20956    41513    24904    39688    33693    42203    10479    91974    73042    90483    30197    59552    80112    20038    88726    78067    75716    43723    14329    47428    14462    42823    26920    46466    10403    58761    69112    45860    80033    54715    43259    65171    70126    20087    52913     4258    14866    30197    24904    80033    72128    92518    70341    52067    49146    46078    28706    59552    27064    58754    10403    16482    31308    23805    78067    75987    74882   102932    36773    85597     8023        0    65416    95820    30197    41513    58761    58721    58761    11003    82136        0    95829    10403    92566    45860    37070   102932    38682    20956     7815    64110   103212    23805    58761    68566    46855    45860    20038    75310    59552    20956    36773    52067    20411    85597    42021     7815    73481    58221    39139    80614    45860    14866    91477    23805    31308    22810    20411    21736    41513    13772    46078    48227    54861    42138    47250    70341    27111     5536    23805    81188    91477    93460 
   20402    31260   147332    73925    65608        0    34464    36146    39993    34487    34128    63692    54117    42062    55754    71177   146607    88751    50357    31036    85137     7765    66598    29221    24728    42928    56903    24728   159465    54819    24354    82498   146695    27447    26525    55754   108188    11752    95682    14897    16561    22543    33317    56582    68238    12102    82498   142128    32111    72740   147332    43404    65608    42192     8333    64260    57178    57925    27447    42062    22272    85137    24354    68931    66598     9021    30708    38899    16152    56025    85602    75249    22543    19919   146607    64260   154425    58656   140430    56345    74370    56706    56903    13002    57289    66549    12648   146682    13062     7592    36146    31334    63787    54965    38899    42062    66549    19754    46984    13042    54117    12698    15391    95682    16152    92637    80063    56706    73925    88751    32111    22543    49887    17814    82410    31036    29744    58394    65608    12102    44164    38899    27447    56903    11561    56903    58705    26525    65608    75495    56706    54706    57289   108188    82410    33317    57925    58483     7765    39969    32111    56903    57805    50357    57289    85602    17782    16152    57925    31036    54117    53669    29744    28372    58483    49402    18239   142128    23032    57289    54965    39842    32111    88751    58696    53669    44864    27447    71177    15391    34934    13661   149162    49277    13042    28807    70538    32111    29573    39842    62186 
   45976    21004   141877    81743    73598    34464        0    61009    43408    35146    56821    94817    43189    47603    68934    79167   141152    94293    34384    49821    66396    37159    33076    47897    48969    31752    15625    48969   155594    89450    43138   101062   144860    46231    52591    68934   145144    20630   103673    28674    20485    43015    52101    52003    39749    36835   101062   136672    64876    67285   141877    28538    73598    28228    33191    72251    39482    86238    46231    47603    40947    66396    43138    76921    33076    34033    29321    57683    50095    21561    93702    40331    43015    38223   141152    72251   148969    79554   134975    59782    68915    64696    15625    34123    54879    42513    46095   144950    45084    26872    61009    22539    71777    60506    57683    47603    42513    48583    22571    32105    43189    38602    42156   103673    50095   100518    62268    64696    81743    94293    64876    43015    15423    36118    44250    49821    41093    74976    73598    36835    29288    57683    46231    15625    45008    15625    66695    52591    73598    37286    64696    30294    54879   145144    44250    52101    86238    70496    37159    36717    64876    15625    33762    34384    54879    93702    18747    50095    86238    49821    43189    85508    41093    32572    70496    14938    51686   136672    32310    54879    60506    24966    64876    94293    88218    85508    52855    46231    79167    42156    23867    22675   143707    46868    32105    49676    76079    64876    14698    24966    30399 
   30725    74911    64444    28178    20087    36146    61009        0    25506    23830     2221    41252    39630     9195    17730    25602    63718    43089    34258    22992    28866    42274    79238    26480    26660    32652    46626    26660    78161    38246    28405    40368    67427    23895    61107    17730    62613    41926    50107    49406    46874    57052    24901    41923    53752    67462    40368    59239     4033    56494    64444    82444    20087    78172    28579    22311    42519    32673    23895     9195    19918    28866    28405    23356    79238    43530    61021    16412    45572    67723    40137    73272    57052    54429    63718    22311    71536    26243    68080    23461    51492    13716    46626    71879    42802    67444    41056    67516    51382    42648        0    40323    18267    12954    16412     9195    67444    58795    79287    47552    39630    31568    32289    50107    45572    46953    63816    13716    28178    43089     4033    57052    63645    51719    90411    22992    64253    21411    20087    67462    79232    16412    23895    46626    45156    46626    16756    61107    20087    83239    13716    80223    42802    62613    90411    24901    32673    19292    42274    70283     4033    46626    56018    34258    42802    40137    47910    45572    32673    22992    39630    31943    64253    29432    19292    60892    44589    59239    57541    42802    12954    74910     4033    43089    34590    31943     6056    23895    25602    32289    36225    29871    66273    34791    47552     7342    24875     4033    64642    74910    79130 
   38329    57310    67449    45795    38673    39993    43408    25506        0     7328    18623    60164    14892    11374    35262    43085    81157    60621    13776    43020    19774    52767    61783    40250    41244    14788    28571    41244    93477    55778    35485    47272    80706    33172    67302    35262    63558    38648    67414    57548    44305    63233    45300    16002    31992    50582    47272    76573    21882    30398    67449    64843    38673    63303    32426    28943    20889    51313    33172    11374    26148    19774    35485    39792    61783    47428    76476    41596    63727    49859    57472    54529    63233    60882    81157    28943    84862    43775    69310    16352    25459    31088    28571    54278    16770    45814    45355    80694    58717    45139    25506    22018    36852    26834    41596    11374    45814    65630    62327    55507    14892    36823    34510    67414    63727    64507    37736    31088    45795    60621    21882    63233    45796    60048    72548    43020    70763    40051    38673    50582    60117    41596    33172    28571    60380    28571    30730    67302    38673    65638    31088    62375    16770    63558    72548    45300    51313    36824    52767    73022    21882    28571    35486    13776    16770    57472    44415    63727    51313    43020    14892    49724    70763    16406    36824    43291    52035    76573    65780    16770    26834    61286    21882    60621    52123    49724    14665    33172    43085    34510    17332    32992    79572    10075    55507    24392    42407    21882    50997    61286    63269 
   32823    47146    82468    44119    38057    34487    35146    23830     7328        0    17855    58488    18902    12255    33586    41409    81742    58945    13142    36321    27102    48065    56670    34744    35470    10710    23869    35470    91801    54102    29639    55443    79030    26798    62601    33586    78260    33723    68131    50867    39380    57424    38602    21347    32850    44894    55443    77263    20756    42070    82468    54679    38057    53139    26920    36271    21942    50697    26798    12255    20641    27102    29639    41380    56670    49362    53527    35891    47670    45155    55796    52155    57424    56181    81742    36271    89560    42099    86104    23680    30590    29155    23869    49577    21900    46867    38900    79018    54015    37843    23830    17093    36236    25158    35891    12255    46867    59716    58148    49012    18902    31317    29004    68131    47670    62831    49392    29155    44119    58945    20756    57424    41077    55346    67843    36321    66061    39435    38057    44894    55328    35891    26798    23869    40833    23869    31154    62601    38057    60937    29155    57655    21900    78260    67843    38602    50697    35148    48065    62858    20756    23869    36938    13142    21900    55796    39490    47670    50697    36321    18902    49967    66061     8918    35148    38589    46287    77263    48781    21900    25158    51006    20756    58945    50447    49967    17313    26798    41409    29004    12321    28290    84297    13889    49012    18886    40731    20756    40738    51006    58568 
   30320    60710    66335    30319    22026    34128    56821     2221    18623    17855        0    44688    35290    13050    19786    27609    65681    45145    30079    22578    30802    40256    75197    26075    26062    28235    41984    26062    78000    40302    28008    45155    65230    19706    59017    19786    64459    39908    51938    47806    44856    54947    24487    37736    49434    48985    45155    61097     3259    52131    66335    68243    22026    66703    26561    24406    38331    34611    19706    13050    14838    30802    28008    24316    75197    41563    59003    16002    45166    63335    41996    71949    54947    52597    65681    24406    69386    28299    69947    25556    47182    15579    41984    45494    38504    63256    40521    65217    45296    38646     2221    26763    22948    15010    16002    13050    63256    52253    71850    45765    35290    25590    25671    51938    45166    49031    59470    15579    30319    45145     3259    54947    59210    50306    86155    22578    62477    23474    22026    48985    69030    16002    19706    41984    44526    41984    18905    59017    22026    79052    15579    75789    38504    64459    86155    24487    34611    21348    40256    68265     3259    41984    51789    30079    38504    41996    46078    45166    34611    22578    35290    34248    62477    19765    21348    56704    44026    61097    56037    38504    15010    64687     3259    45145    36647    34248     7960    19706    27609    25671    25971    27666    64096    30473    45765     5847    26931     3259    54398    64687    76683 
   41525   108719    64735    14953    30851    63692    94817    41252    60164    58488    44688        0    74288    46123    20189    18734    64010    15744    68916    33435    56588    62250   113896    37630    38757    67310    81284    38757    59708     7050    40417    48006    60146    39590    80276    20189    62177    69473    50399    69625    77978    76183    35354    75731    88410    63653    48006    59530    46499    74317    64735   116252    30851   112830    56126    40505    76327     8430    39590    46123    41239    56588    40417    23647   113896    63979    89449    27937    55102   102381    39713   107930    76183    73560    64010    40505    71827    17995    68371    50077    69315    33754    81284    67252    77460   101252    50500    60133    63311    68211    41252    74131    27598    38983    27937    46123   101252    67014   113945    67771    74288    47286    44218    50399    55102    33801    81639    33754    14953    15744    46499    76183    98303    73022   125069    33435    83384    23890    30851    63653   113890    27937    39590    81284    57167    81284    38607    80276    30851   117048    33754   114881    77460    62177   125069    35354     8430    25346    62250    94424    46499    81284    90676    68916    77460    39713    78965    55102     8430    33435    74288    10296    83384    63240    25346    94700    50685    59530    77760    77460    38983   109568    46499    15744     5060    10296    44380    39590    18734    44218    70883    59802    66564    69449    67771    48276    25863    46499    99300   109568   114679 
   52453    57091    99830    59919    52067    54117    43189    39630    14892    18902    35290    74288        0    28055    49386    57636    99105    74745    12905    56414    21563    61066    59218    54374    55562    23032    28276    55562   111724    69902    49731    54711    98953    46567    75602    49386   104134    54700   101506    63815    59648    70373    58695     4302    20231    57842    54711    94625    43345    17723    99830    64624    52067    64265    46550    41441     8188    64707    46567    28055    40271    21563    49731    55390    59218    62310    84775    55725    72027    48987    71596    42753    70373    67749    99105    41441   106923    57899    92928    28850    18736    43165    28276    62578    10164    34030    71342    98940    67016    53438    39630    32459    50247    40958    55725    28055    34030    72665    69668    61961        0    50947    48634   101506    72027    78631    22268    43165    59919    74745    43345    70373    54025    68348    57829    56414    79063    53445    52067    57842    65325    55725    46567    28276    67308    28276    45164    75602    52067    57943    43165    70603    10164   104134    57829    58695    64707    50948    61066    72803    43345    28276    29867    12905    10164    71596    54856    72027    64707    56414        0    63977    79063    30530    50948    47921    76933    94625    71950    10164    40958    61003    43345    74745    66247    63977    31324    46567    57636    48634    28307    41291   101660     5636    61961    38516    56531    43345    50735    61003    61024 
   39910    63465    69315    33049    24904    42062    47603     9195    11374    12255    13050    46123    28055        0    22415    30473    68590    48028    22683    32022    24459    47701    67663    34034    43487    21077    35051    43487    83032    43185    37656    39246    72298    29981    72472    22415    67484    45967    54979    61860    50837    68417    33931    30460    42177    55887    39246    64110    13062    44919    69315    70998    24904    66597    34478    20626    30473    37544    29981        0    23900    24459    37656    28227    67663    49445    64984    25442    53436    56148    45008    61697    68417    65794    68590    20626    76407    30860    72951    21777    39917    15907    35051    60081    31227    53003    46917    72388    63916    46506     9195    29326    23083    11304    25442        0    53003    70709    67712    60005    28055    38888    36661    54979    53436    51824    52241    15907    33049    48028    13062    68417    52070    64140    78836    32022    75618    26282    24904    55887    67657    25442    29981    35051    48850    35051    15071    72472    24904    70921    15907    68648    31227    67484    78836    33931    37544    24231    47701    79178    13062    35051    44443    22683    31227    45008    51606    53436    37544    32022    28055    36814    75618    17986    24231    49446    54303    64110    69995    31227    11304    63335    13062    48028    39523    36814     3291    29981    30473    36661    24650    31298    71144    23216    60005    16369    29722    13062    53067    63335    67555 
   34635    85011    47196     7115    10299    55754    68934    17730    35262    33586    19786    20189    49386    22415        0     4539    46471    24812    44014    27001    33341    54231    88994    30572    30668    42408    56382    30668    60913    17132    32414    27245    50179    31587    72235        0    45365    61460    32860    61622    69958    68180    28910    51791    63508    55650    27245    41991    20731    51070    47196    92544    10299    87928    48106    18387    51804    11610    31587    22415    29716    33341    32414     4966    88994    55976    80742    20421    49709    77479    22889    83028    68180    65557    46471    18387    54288     4926    48670    26830    46068    10507    56382    59843    52558    74334    45064    50268    53108    60198    17730    50657     5481    16204    20421    22415    74334    62803    89043    59768    49386    38531    36199    32860    49709    29705    58392    10507     7115    24812    20731    68180    73401    63903   100167    27001    75381     3140    10299    55650    88988    20421    31587    56382    49164    56382    15360    72235    10299    92252    10507    89979    52558    45365   100167    28910    11610     2927    54231    86405    20731    56382    65774    44014    52558    22889    70258    49709    11610    27001    49386    10880    75381    39532     2927    70992    48598    41991    69758    52558    16204    84666    20731    24812    13590    10880    19478    31587     4539    36199    45981    51753    49025    44547    59768    23705     8089    20731    74398    84666    88886 
   39175    93069    47656     4365    13772    71177    79167    25602    43085    41409    27609    18734    57636    30473     4539        0    46930    22374    51837    31648    39509    58770    96817    34930    35316    50231    64205    35316    60068    14348    37062    30927    47297    36235    76796     4539    46527    75113    33319    66270    81905    72828    27364    60081    71330    60297    30927    42451    29420    57238    47656   100602    13772    95751    63610    23425    60677     9029    36235    30473    33765    39509    37062     6568    96817    78599    85969    22638    54021    85301    24063    90851    72828    70204    46930    23425    54748     2345    51292    32998    52236    16675    64205    63772    60381    85602    49712    47285    59831    75695    25602    58482    10519    23333    22638    30473    85602    67451    96866    64416    57636    43806    40738    33319    54021    31098    64560    16675     4365    22374    29420    72828    81224    69542   107990    31648    80257     6811    13772    60297    96811    22638    36235    64205    53812    64205    21528    76796    13772   101398    16675    97801    60381    46527   107990    27364     9029     9696    58770    90944    29420    64205    73597    51837    60381    24063    80879    54021     9029    31648    57636     8299    80257    47590     9696    79050    48151    42451    74405    60381    23333    92489    29420    22374    10693     8299    27301    36235        0    40738    53804    60430    49485    52369    64416    32626    10213    29420    82221    92489    99029 
   80574   155054     7458    49640    43723   146607   141152    63718    81157    81742    65681    64010    99105    68590    46471    46930        0    41722   121037    73341    94451   148538   159527    76329    77009   112270   126315    77009    14442    59623    78754    28280     5459    77928   163073    46471    11349   142172    19405   153319   147120   159004    73154    99459   110871   146353    28280     2970    67492    81597     7458   162587    43723   161047   136299    46478   102868    54819    77928    68590    83319    94451    78754    41728   159527   152108   172246    66256    95420   147341    23617   143678   159004   156653        0    46478     5144    47621     9042    67346    76843    54747   126315   150049    89493   134794    90775     5446   154488   140910    63718   121539    48591    61450    66256    68590   134794   161401   158905   151278    99105    85205    82137    19405    95420    25199    88936    54747    49640    41722    67492   159004   143540   155819   158754    73341   166534    43043    43723   146353   163103    66256    77928   126315   155235   126315    51572   163073    43723   163382    54747   160120    89493    11349   158754    73154    54819    47813   148538   177221    67492   126315   120265   121037    89493    23617   148341    95420    54819    73341    99105    53569   166534    85707    47813   141035    94938     2970   161551    89493    61450   159030    67492    41722    55968    53569    65373    77928    46930    82137   120428   128763     4325   103004   151278    70742    41551    67492   148741   159030   161013 
   58242   106340    45765    24232    31308    88751    94293    43089    60621    58945    45145    15744    74745    48028    24812    22374    41722        0    69373    50837    57045    75901   114353    54408    54504    67767    81741    54504    44985    22444    56250    35036    45430    55423   119162    24812    43935    92657    32695   108549    97526   115107    50650    77150    88867   102577    35036    40560    46956    74774    45765   117994    31308   113287    81168    40962    77163    18798    55423    48028    53552    57045    56250    22519   114353    96135   111674    44257    73545   102838    24449   108387   115107   112484    41722    40962    49539    25631    49024    50534    69772    34211    81741   106770    77917    99693    68900    45520    76944    93195    43089    76016    28055    40073    44257    48028    99693    86639   114402   106695    74745    62367    60041    32695    73545    19840    82096    34211    24232        0    46956   115107    98760   110830   125526    50837   122308    24347    31308   102577   114347    44257    55423    81741    73000    81741    39064   119162    31308   117611    34211   115338    77917    43935   125526    50650    18798    25659    75901   120929    46956    81741    91133    69373    77917    24449    98296    73545    18798    50837    74745    31585   122308    64982    25659    96217    72434    40560   116685    77917    40073   110025    46956        0    18239    31585    44837    55423    22374    60041    71340    77987    44277    69906   106695    50263    24161    46956    99757   110025   114245 
   48694    48286   120353    54547    46855    50357    34384    34258    13776    13142    30079    68916    12905    22683    44014    51837   121037    69373        0    53648    32262    52288    52760    50615    52796    10630    19643    52796   132018    64530    46965    61913   119248    41355    66824    44014    88688    37228    76930    57070    42885    62754    55928    15336    22985    49994    61913   116558    38134    46248   120353    55819    46855    54279    40049    42740    13277    59495    41355    22683    34900    32262    46965    50178    52760    55858    56602    50348    63249    44515    66224    39448    62754    60404   121037    42740   128855    52527   114860    30150    29436    37953    19643    53800    20746    30705    63191   119235    58238    44660    34258    19604    45035    35586    50348    22683    30705    64817    56080    55029    12905    47188    44874    76930    63249    73259    33103    37953    54547    69373    38134    62754    40437    59569    54524    53648    70284    48233    46855    49994    56570    50348    41355    19643    59460    19643    39953    66824    46855    51826    37953    57015    20746    88688    54524    55928    59495    45576    52288    63998    38134    19643    22194        0    20746    66224    46029    63249    59495    53648    12905    58765    70284    18908    45576    34267    69085   116558    64102    20746    35586    52248    38134    69373    60875    58765    26112    41355    51837    44874    16199    32513   123592     9756    55029    33144    51159    38134    41974    52248    54246 
    6443    60689    73995    34358    36773    31036    49821    22992    43020    36321    22578    33435    56414    32022    27001    31648    73341    50837    53648        0    51573    29594    92138     1921     3485    45176    58926     3485    85661    30658     7687    53894    72890     6976    47620    27001    72120    36817    59598    37866    45322    43551     2265    58859    70558    30900    53894    68757    19873    75972    73995    71435    36773    64969    23470    43369    59455    27679     6976    32022    12371    51573     7687    31649    92138    33299    56793    10256    21008    80276    49656    95244    43551    41200    73341    43369    77046    29903    75933    46326    76507    29224    58926    34596    59627    86550    16362    72878    30655    35555    22992    33611    32966    35781    10256    32022    86550    37612    76440    35825    56414    14630    11562    59598    21008    56691    83310    29224    34358    50837    19873    43551    76151    40366   102866        0    51081    29823    36773    30900    73620    10256     6976    58926    24205    58926    39935    47620    36773    95993    29224    84161    59627    72120   102866     2265    27679    29730    29594    61768    19873    58926    77812    53648    59627    49656    46309    21008    27679        0    56414    23418    51081    30649    29730    73645    18586    68757    46098    59627    35781    69276    19873    50837    28375    23418    28730     6976    31648    11562    37117    27146    71756    51596    35825    17563    34744    19873    58988    69276    93624 
   83473    80298    53261    42219    33693    85137    66396    28866    19774    27102    30802    56588    21563    24459    33341    39509    94451    57045    32262    51573        0    87067    84772    85394    55016    37763    51559    55016   106771    52202    80629    33083    94000    52952   101603    33341    49370    80701    42071    91849    85649    97534    53441    20241    37346    84883    33083    89868    32583    18721    53261    87831    33693    86291    74828    19300    25326    47570    52952    24459    54960        0    80629    36216    84772    90637   110776    44956    98028    72909    41674    59861    97534    95183    94451    19300    98157    40199    55122     6709    13771    25224    51559    88579    11652    51168    97970    93988    93017    79439    28866    47148    31387    17132    44956    24459    51168    99931    85315    89808    21563    81967    79654    42071    98028    52286    26059    25224    42219    57045    32583    97534    68784    94348    74967    51573   105064    35374    33693    84883    88618    44956    52952    51559    94681    51559    20720   101603    33693    75081    25224    85364    11652    49370    74967    53441    47570    33248    87067   115751    32583    51559    46981    32262    11652    41674    86871    98028    47570    51573    21563    46148   105064    45219    33248    66279    97179    89868   100080    11652    17132    84274    32583    57045    48547    46148    23725    52952    39509    79654    42463    67292    92866    25188    89808    35890    41297    32583    73986    84274    86258 
   19928    33084   149263    61346    64110     7765    37159    42274    52767    48065    40256    62250    61066    47701    54231    58770   148538    75901    52288    29594    87067        0    68199    27673    25883    44859    58833    25883   162980    54346    23556    81056   152246    26655    21547    54231   152530    16036    86558     9846    17494    17492    31875    63471    75188     5848    81056   144058    38239    74671   149263    43829    64110    37141    14457    70388    63485    56483    26655    47701    28477    87067    23556    58777    68199     3970    28966    37456    13204    79930    76587    96759    17492    14868   148538    70388   156356    54600   142361    69141    76301    62834    58833     9155    64238    88066    10717   152336     8194    11023    42274    34337    59638    61113    37456    47701    88066    15151    48585     7992    61066    18822    21451    86558    13204    83404    81993    62834    61346    75901    38239    17492    53958    12159   102618    29594    24693    56951    64110     5848    45765    37456    26655    58833     9630    58833    64833    21547    64110    72747    62834    56308    64238   152530   102618    31875    56483    54795        0    38450    38239    58833    79315    52288    64238    76587    18481    13204    56483    29594    61066    52226    24693    34521    54795    72796    16308   144058    17981    64238    61113    41443    38239    75901    57190    52226    50992    26655    58770    21451    37843    27872   151093    56227     7992    34932    61900    38239    31175    41443    63786 
   87851    41686   160253    99527    91974    66598    33076    79238    61783    56670    75197   113896    59218    67663    88994    96817   159527   114353    52760    92138    84772    68199        0    89772    91287    50127    33199    91287   171176   109510    85455   119438   158405    88549    74051    88994   163586    55048   122048    58886    51525    66778    94419    59112    39330    67026   119438   155048    83252    67941   160253    40285    91974    46078    79206    90626    51591   104614    88549    67663    82823    84772    85455    95297        0    65604    52391   100000    81135    11862   111204    22691    66778    64196   159527    90626   167345    97507   153351    78158    87290    83072    33199    65163    73255    31235    81077   158393    76124    59005    79238    50564    90153    80566   100000    67663    31235    78775    19684    62297    59218    86345    84032   122048    81135   118239    60860    83072    99527   114353    83252    66778    18704    66928    14341    92138    60738    93352    91974    67026    32181   100000    88549    33199    77701    33199    85071    74051    91974     4662    83072    17722    73255   163586    14341    94419   104614    90556    68199    48160    83252    33199    30906    52760    73255   111204    49864    81135   104614    92138    59218   103884    60738    56992    90556    18308    87326   155048    57345    73255    80566    36512    83252   114353   105855   103884    71230    88549    96817    84032    52250    55753   162082    65244    62297    78124    96139    83252    37550    36512     4268 
    8078    58768    77054    37506    40270    29221    47897    26480    40250    34744    26075    37630    54374    34034    30572    34930    76329    54408    50615     1921    85394    27673    89772        0     3597    43186    57160     3597    90772    30587     5881    57216    80038     5055    45702    30572    75224    34927    62718    35090    43401    41647     4202    56779    68496    29117    57216    71850    23359    72998    77054    69514    40270    62385    21549    47090    57533    29600     5055    34034    10474    85394     5881    34937    89772    29443    54209    13616    23177    78257    52747    95086    41647    39024    76329    47090    84147    27717    78641    49624    74627    32712    57160    33311    57546    86393    18531    80127    26575    33665    26480    31685    35797    39352    13616    34034    86393    36271    73829    33235    54374    11998     9641    62718    23177    59564    80320    32712    37506    54408    23359    41647    74179    37370   100945     1921    48848    33111    40270    29117    71009    13616     5055    57160    22632    57160    43381    45702    40270    93029    32712    81552    57546    75224   100945     4202    29600    33302    27673    59847    23359    57160    77642    50615    57546    52747    43725    23177    29600     1921    54374    25343    48848    28728    33302    71724    22065    71850    43225    57546    39352    66687    23359    54408    30307    25343    32219     5055    34930     9641    35191    25220    78884    49535    33235    18059    38060    23359    56419    66687    89664 
