dep20 0 0 60
**************************************DATA
9 112 480 8 1.33
**************************************DISTANCE
       0   124870    50223    55623    17681    54870    48986    84924    45724    39100    93636    76710    60263    75444    95349    44303    76710    77978    44961    22402   105828    59429    17681   105828    93636    94164    59810    13064    59810    13064   104075    91144    75444    93936    67533   127272    72817    28699   110344    70987    77719   104075   115683    27756    27963   112480    94013    73199    28114    55646    94164    50223   136644    27963   110344    80603   139214    63995    68826    28114    55646    76051    60263    95349    25538    60783   108868    16143    80603    93936    67167    44961   115972    67167    71210    55623   146983    78998    68147    48986    60783    71210    33831    19757   110344    74822    55623    63730    46628    48986    68012   137391    16143    66575    31226    38847    25143    60263   139214   120239    16143    68012    61494    27756    44961    73014    66575    84924    95899    48986    73199    27756   105828 
  124870        0   123576    77139   123968   113285   103610   149384    75706    84629   158096   141183    73481    79412   160051    81594   141183   142452    68909   108551   168896   132677   123968   168896   158096    22028   102047   119312   102047   119312    23101   154210    79412    21373   132006   190403    65040   100141   173475   135460   151031    23101   178814   109350   112166    24005   158486   137914   111413    86256    22028   123576   196513   112166   173475    50993   203687    66942   133287   111413    86256    54774    73481   160051   113970   125243   171916   114917    50993    21373   131627    68909   179020   131627    67803    77139   210041   143472   132875   103610   125243    67803    99281   129305   173475    43046    77139   128190    90389   103610    46734   199379   114917    55369   108052   102877   106736    73481   203687   183297   114917    46734   134805   109350    68909   137488    55369   149384   160360   103610   137914   109350   168896 
   50223   123576        0    76986    57680    19487    22421    49540    67088    38899    58252    41359    60111    70748    59965    44150    41359    42628    66324    44349    70444    23746    57680    70444    58252   109441    41051    41380    41051    41380   102747    55760    70748   115604    32182    91889    63725    46395    74961    35636    42032   102747    78990    28513    65545   111187    58663    37815    32176    41556   109441        0   101260    65545    74961    79310   103863    85358    33443    32176    41556    97415    60111    59965    33174    25399    72092    34080    79310   115604    31783    66324    80589    31783    62427    76986   110217    43648    26111    22421    25399    62427    30524    61786    74961    95231    76986    28346    34140    22421    89376    99556    34080    76625    28878    43341    25941    60111   103863    83473    34080    89376    12010    28513    66324    37664    76625    49540    60516    22421    37815    28513    70444 
   55623    77139    76986        0    54721    73343    63715   111687    17819    44075   120399   103245    24520    28070   122112    41643   103245   104500    10880    39304   132591    86192    54721   132591   120399    43087    61213    50066    61213    50066    56344   117907    28070    50271    94056   154036    25086    45071   137108    97538   104478    56344   142446    62801    42919    52545   122182    99962    51519    47831    43087    76986   163407    42919   137108    32872   167393    30056    95590    51519    47831    38176    24520   122112    68520    87546   135631    59125    32872    50271    93930    10880   142736    93930    23835        0   173746   105520    94911    63715    87546    23835    52732    60058   137108    23809        0    90493    50438    63715    30136   164155    59125    13622    54817    33694    60188    24520   167393   147003    59125    30136    88952    62801    10880    99536    13622   111687   122663    63715    99962    62801   132591 
   17681   123968    57680    54721        0    62292    56400    92339    44822    46427   101050    84124    70992    74542   102992    51718    84124    91275    44059    30457   113243    66844        0   113243   101050    93262    67225    20479    67225    20479   103155    98559    74542    93339    74947   133344    71924    36114   116416    78401    86570   103155   121755    35171    27061   111560   101428    80613    35529    63061    93262    57680   139454    27061   116416    79341   146629    63093    76241    35529    63061    75149    70992   102992    32953    68198   114858    23558    79341    93339    74581    44059   121962    74581    70308    54721   152982    86413    75816    56400    68198    70308    41246    18676   116416    73920    54721    71145    54060    56400    67110   142321    23558    65673    38641    51498    32557    70992   146629   126238    23558    67110    68908    35171    44059    80429    65673    92339   103314    56400    80613    35171   113243 
   54870   113285    19487    73343    62292        0     9627    42840    71735    43546    51552    34591    52500    63930    53458    48763    34591    35860    70972    48996    63744    33729    62292    63744    51552    99207    28257    45992    28257    45992    92513    49060    63930   106401    25414    83811    53491    51008    66883    28868    38942    92513    72221    33160    70193   100895    51894    31115    36788    28721    99207    19487    89921    70193    66883    69019    97095    90005    26742    36788    28721   102062    52500    53458    37787    18699    65324    38727    69019   106401    25083    70972    73888    25083    52193    73343   103449    36880    26064     9627    18699    52193    35171    66433    66883    84940    73343    21646    28756     9627    94023    92787    38727    66390    33490    47939    30554    52500    97095    76704    38727    94023    28530    33160    70972    30895    66390    42840    53815     9627    31115    33160    63744 
   48986   103610    22421    63715    56400     9627        0    45968    63132    34944    54693    37526    42827    54303    56393    35726    37526    38794    62369    43111    65238    36661    56400    65238    54693    89579    18630    40100    18630    40100    82885    50552    54303    96773    28349    86746    43864    42313    69817    31803    41876    82885    75156    27275    64308    91291    54829    34256    30896    19094    89579    22421    92855    64308    69817    59072   100030    81403    28235    30896    19094    93460    42827    56393    31895    21634    68259    32842    59072    96773    28018    62369    75363    28018    42566    63715   106383    39814    29218        0    21634    42566    27566    60549    69817    75314    63715    24581    19128        0    85420    95722    32842    56763    27598    39337    24662    42827   100030    79639    32842    85420    31464    27275    62369    33830    56763    45968    56943        0    34256    27275    65238 
   84924   149384    49540   111687    92339    42840    45968        0   101788    73599    21446    15299    88601   105449    13340    78803    15299    40739   101025    79050    36225    63780    92339    36225    21446   135354    64405    76039    64405    76039   128660    21538   105449   150305    22394    44133    89638    81282    27205    39115    43821   128660    32543    63213   100246   137066    28061    36200    66835    64868   135354    49540    51468   100246    27205   104846    62385   120059    27389    66835    64868   132115    88601    13340    67833    27634    26871    68781   104846   150305    32896   101025    33975    32896    88340   111687    68739    37195    34380    45968    27634    88340    65225   108054    27205   121089   111687    42521    64903    45968   124076    54334    68781   102538    63537    77993    60600    88601    62385    50626    68781   124076    58583    63213   101025    35774   102538        0    10976    45968    36200    63213    36225 
   45724    75706    67088    17819    44822    71735    63132   101788        0    34177   110500    93346    40024    43574   112214    39380    93346    94850     7158    29405   122693    76293    44822   122693   110500    56361    67904    40167    67904    40167    72204   108008    43574    56133    84404   144137    40947    35172   127209    87858    94591    72204   132548    52902    33020    65754   110884    90063    41620    53005    56361    67088   153508    33020   127209    48733   156085    26191    85691    41620    53005    38248    40024   112214    58622    77648   125733    49227    48733    56133    84031     7158   132837    84031    39340    17819   163848    95870    85012    63132    77648    39340    42841    50159   127209    37019    17819    80594    44004    63132    30209   154256    49227    30174    44918    23796    50289    40024   156085   137104    49227    30209    78365    52902     7158    89886    30174   101788   112764    63132    90063    52902   122693 
   39100    84629    38899    44075    46427    43546    34944    73599    34177        0    82311    65392    21163    31849    84025     5203    65392    66661    33414    23122    94504    48105    46427    94504    82311    70542    39715    27372    39715    27372    63848    79819    31849    77736    56215   115948    24826    15569    99020    59669    66402    63848   103023    24721    41856    72239    82696    61874    26777    23778    70542    38899   125319    41856    99020    40363   127896    52447    57502    26777    23778    64504    21163    84025    29334    49459    96125    30288    40363    77736    55842    33414   104648    55842    23528    44075   135659    67681    56823    34944    49459    23528    14652    50575    99020    56283    44075    52405    14777    34944    56465   126067    30288    37726    23479    10381    22100    21163   127896   107506    30288    56465    50176    24721    33414    61697    37726    73599    84575    34944    61874    24721    94504 
   93636   158096    58252   120399   101050    51552    54693    21446   110500    82311        0    33830    97313   114161    10123    87514    33830    28986   109737    87762    51912    53049   101050    51912        0   144066    73116    84751    73116    84751   137372    40069   114161   159017    40817    45300    98350    90008    23646    57647    32068   137372    33710    71925   108958   145777    38572    31260    75546    73580   144066    58252    61979   108958    23646   113558    72896   128771    45920    75546    73580   140827    97313    10123    76545    36792    37382    77492   113558   159017    51427   109737    44486    51427    97052   120399    79250    16231    41648    54693    36792    97052    73937    96301    23646   129801   120399    50961    73615    54693   132788    64845    77492   111250    72490    86705    69312    97313    72896    69157    77492   132788    63245    71925   109737    31028   111250    21446    32421    54693    31260    71925    51912 
   76710   141183    41359   103245    84124    34591    37526    15299    93346    65392    33830        0    80398    97007    25724    70595        0    32296    92583    70845    36285    56358    84124    36285    33830   126912    56155    67825    56155    67825   120388    21601    97007   134609    13952    57730    81362    72840    40802    27092    35378   120388    46140    54999    91804   128793    25878    27758    58620    56426   126912    41359    67101    91804    40802    96917    71079   111852    15365    58620    56426   123673    80398    25724    59619    18860    39326    60338    96917   134609    20872    92583    46430    20872    79898   103245    77440    33316    25948    37526    18860    79898    56783    99609    40802   112838   103245    30498    56654    37526   115869    67849    60338    94286    55323    69785    52386    80398    71079    50697    60338   115869    50141    54999    92583    27332    94286    15299    26274    37526    27758    54999    36285 
   60263    73481    60111    24520    70992    52500    42827    88601    40024    21163    97313    80398        0     9944    99266    18129    80398    81667    34133    44364   109506    69268    70992   109506    97313    52656    40324    48535    40324    48535    55049    94821     9944    59850    71221   129618    13624    36732   112690    74675    87565    55049   118029    45884    59190    61092    97702    76876    47940    25471    52656    60111   135728    59190   112690    29215   142903    46320    72504    47940    25471    53450        0    99266    50504    64461   111132    51451    29215    59850    70844    34133   119650    70844    11246    24520   149256    82687    71825    42827    64461    11246    35815    76329   112690    36119    24520    67407    26924    42827    45410   138595    51451    17568    44643    31544    43264        0   142903   122512    51451    45410    71339    45884    34133    76703    17568    88601    99577    42827    76876    45884   109506 
   75444    79412    70748    28070    74542    63930    54303   105449    43574    31849   114161    97007     9944        0   115874    28815    97007    98510    37683    59125   126353    79954    74542   126353   114161    56206    51801    59221    51801    59221    58617   111669        0    63391    88064   147798    22648    47418   130869    91519    98251    58617   136208    56563    62740    67023   114545    93724    58627    36947    56206    70748   157169    62740   130869    35146   159746    49870    89351    58627    36947    57000     9944   115874    61183    81308   129393    62138    35146    63391    87692    37683   136497    87692    14796    28070   167508    99530    88672    54303    81308    14796    46501    79879   130869    39669    28070    84255    37610    54303    48960   157916    62138    21118    55329    42231    53950     9944   159746   140764    62138    48960    82026    56563    37683    93546    21118   105449   116424    54303    93724    56563   126353 
   95349   160051    59965   122112   102992    53458    56393    13340   112214    84025    10123    25724    99266   115874        0    89463    25724    38627   111451    89475    46648    62688   102992    46648    10123   145779    75023    86692    75023    86692   139086    31964   115874   160730    32819    55423   100064    91708    33769    49541    41709   139086    43833    73639   110671   147661    36241    40901    77488    75294   145779    59965    64808   110671    33769   115784    75725   130484    37814    77488    75294   142541    99266        0    78487    38059    40211    79206   115784   160730    43321   111451    47278    43321    98766   122112    82079    25872    44815    56393    38059    98766    75650   105942    33769   131705   122112    52947    75328    56393   134502    67674    79206   112963    74190    88418    71253    99266    75725    61051    79206   134502    72886    73639   111451    40669   112963    13340    24316    56393    40901    73639    46648 
   44303    81594    44150    41643    51718    48763    35726    78803    39380     5203    87514    70595    18129    28815    89463        0    70595    71864    38617    28404    99707    53308    51718    99707    87514    67507    44772    32663    44772    32663    60814    83622    28815    74702    61418   119815    21792    20772   102887    64872    71605    60814   108226    29924    47059    69219    87899    67077    31987    28981    67507    44150   125925    47059   102887    37000   133099    57650    62705    31987    28981    69707    18129    89463    34544    54662   101328    35491    37000    74702    61045    38617   108433    61045    20494    41643   139453    72884    62287    35726    54662    20494    19855    55866   102887    53249    41643    57609    19980    35726    61668   128792    35491    34691    28682    15584    27303    18129   133099   112709    35491    61668    55379    29924    38617    66900    34691    78803    89778    35726    67077    29924    99707 
   76710   141183    41359   103245    84124    34591    37526    15299    93346    65392    33830        0    80398    97007    25724    70595        0    32296    92583    70845    36285    56358    84124    36285    33830   126912    56155    67825    56155    67825   120388    21601    97007   134609    13952    57730    81362    72840    40802    27092    35378   120388    46140    54999    91804   128793    25878    27758    58620    56426   126912    41359    67101    91804    40802    96917    71079   111852    15365    58620    56426   123673    80398    25724    59619    18860    39326    60338    96917   134609    20872    92583    46430    20872    79898   103245    77440    33316    25948    37526    18860    79898    56783    99609    40802   112838   103245    30498    56654    37526   115869    67849    60338    94286    55323    69785    52386    80398    71079    50697    60338   115869    50141    54999    92583    27332    94286    15299    26274    37526    27758    54999    36285 
   77978   142452    42628   104500    91275    35860    38794    40739    94850    66661    28986    32296    81667    98510    38627    71864    32296        0    94087    72114    65210    26072    91275    65210    28986   128693    57424    69093    57424    69093   121657    50526    98510   133840    24918    74286    82631    74109    52632    39544     8072   121657    62696    56268    93059   130062    54858     7487    59889    57888   128693    42628    96026    93059    52632    98186   100012   113121    28209    59889    57888   124929    81667    38627    60888    20893    68250    61594    98186   133840    33269    94087    75355    33269    81153   104500   106365    14107    18397    38794    20893    81153    58038    72599    52632   114107   104500    35063    57923    38794   117138    96774    61594    95555    56591    71054    53655    81667   100012    79622    61594   117138    36968    56268    94087    15130    95555    40739    51714    38794     7487    56268    65210 
   44961    68909    66324    10880    44059    70972    62369   101025     7158    33414   109737    92583    34133    37683   111451    38617    92583    94087        0    28642   121929    75530    44059   121929   109737    49564    67141    39404    67141    39404    65957   107245    37683    49336    83641   143374    34699    34409   126446    87095    93828    65957   131784    52139    32257    58957   110121    89300    40857    52242    49564    66324   152745    32257   126446    42485   156731    19394    84928    40857    52242    31451    34133   111451    57858    76884   124969    48463    42485    49336    83268        0   132074    83268    33448    10880   163084    95107    84249    62369    76884    33448    42077    49396   126446    30222    10880    79831    43241    62369    23412   153493    48463    23234    44155    23032    49526    34133   156731   136341    48463    23412    77602    52139        0    89122    23234   101025   112001    62369    89300    52139   121929 
   22402   108551    44349    39304    30457    48996    43111    79050    29405    23122    87762    70845    44364    59125    89475    28404    70845    72114    28642        0    99954    53555    30457    99954    87762    77845    54629    10762    54629    10762    87738    85270    59125    77922    61668   121398    56507    12800   104470    65122    71855    87738   108475    25038    18655    96161    88148    67324    12215    39756    77845    44349   130770    18655   104470    64284   133349    47676    62952    12215    39756    59732    44364    89475    30610    54909   101578    21215    64284    77922    61293    28642   110098    61293    54891    39304   139703    73134    62273    43111    54909    54891    24346    35794   104470    58503    39304    57856    30756    43111    51693   129041    21215    50256    15513    22948    22416    44364   133349   112958    21215    51693    55629    25038    28642    67149    50256    79050    90025    43111    67324    25038    99954 
  105828   168896    70444   132591   113243    63744    65238    36225   122693    94504    51912    36285   109506   126353    46648    99707    36285    65210   121929    99954        0    83274   113243        0    51912   156258    85309    96943    85309    96943   149564    24617   126353   171209    47854    45256   110542   100553    28328    52605    68292   149564    33667    84117   121150   157970    13340    60729    87739    85773   156258    70444    37029   121150    28328   125750    41015   140963    40880    87739    85773   153020   109506    46648    88737    44374    26770    89685   125750   171209    46387   121929    33874    46387   109244   132591    47368    66230    57258    65238    44374   109244    86129   117391    28328   140551   132591    56012    85807    65238   144980    37777    89685   123442    83035    98897    80099   109506    41015    20624    89685   144980    79487    84117   121929    60246   123442    36225    30425    65238    60729    84117        0 
   59429   132677    23746    86192    66844    33729    36661    63780    76293    48105    53049    56358    69268    79954    62688    53308    56358    26072    75530    53555    83274        0    66844    83274    53049   118646    55108    50544    55108    50544   111953    68588    79954   124810    46384    98347    72931    55564    76694    49838    21242   111953    86758    37718    74751   120358    72864    33560    41340    55572   118646    23746   110891    74751    76694    88139   118065    94564    47682    41340    55572   106621    69268    62688    42338    39639    86294    43286    88139   124810    46023    75530    93398    46023    71633    86192   124419    38169    47253    36661    39639    71633    39730    70992    76694   104382    86192    42586    43346    36661    98581   113757    43286    85830    38046    52498    35105    69268   118065    97675    43286    98581    13152    37718    75530    39191    85830    63780    74755    36661    33560    37718    83274 
   17681   123968    57680    54721        0    62292    56400    92339    44822    46427   101050    84124    70992    74542   102992    51718    84124    91275    44059    30457   113243    66844        0   113243   101050    93262    67225    20479    67225    20479   103155    98559    74542    93339    74947   133344    71924    36114   116416    78401    86570   103155   121755    35171    27061   111560   101428    80613    35529    63061    93262    57680   139454    27061   116416    79341   146629    63093    76241    35529    63061    75149    70992   102992    32953    68198   114858    23558    79341    93339    74581    44059   121962    74581    70308    54721   152982    86413    75816    56400    68198    70308    41246    18676   116416    73920    54721    71145    54060    56400    67110   142321    23558    65673    38641    51498    32557    70992   146629   126238    23558    67110    68908    35171    44059    80429    65673    92339   103314    56400    80613    35171   113243 
  105828   168896    70444   132591   113243    63744    65238    36225   122693    94504    51912    36285   109506   126353    46648    99707    36285    65210   121929    99954        0    83274   113243        0    51912   156258    85309    96943    85309    96943   149564    24617   126353   171209    47854    45256   110542   100553    28328    52605    68292   149564    33667    84117   121150   157970    13340    60729    87739    85773   156258    70444    37029   121150    28328   125750    41015   140963    40880    87739    85773   153020   109506    46648    88737    44374    26770    89685   125750   171209    46387   121929    33874    46387   109244   132591    47368    66230    57258    65238    44374   109244    86129   117391    28328   140551   132591    56012    85807    65238   144980    37777    89685   123442    83035    98897    80099   109506    41015    20624    89685   144980    79487    84117   121929    60246   123442    36225    30425    65238    60729    84117        0 
   93636   158096    58252   120399   101050    51552    54693    21446   110500    82311        0    33830    97313   114161    10123    87514    33830    28986   109737    87762    51912    53049   101050    51912        0   144066    73116    84751    73116    84751   137372    40069   114161   159017    40817    45300    98350    90008    23646    57647    32068   137372    33710    71925   108958   145777    38572    31260    75546    73580   144066    58252    61979   108958    23646   113558    72896   128771    45920    75546    73580   140827    97313    10123    76545    36792    37382    77492   113558   159017    51427   109737    44486    51427    97052   120399    79250    16231    41648    54693    36792    97052    73937    96301    23646   129801   120399    50961    73615    54693   132788    64845    77492   111250    72490    86705    69312    97313    72896    69157    77492   132788    63245    71925   109737    31028   111250    21446    32421    54693    31260    71925    51912 
   94164    22028   109441    43087    93262    99207    89579   135354    56361    70542   144066   126912    52656    56206   145779    67507   126912   128693    49564    77845   156258   118646    93262   156258   144066        0    87077    88607    87077    88607    20444   141574    56206    12198   118247   177703    50950    83612   160775   121701   137272    20444   166113    95255    81396    11001   144728   123629    90060    73695        0   109441   187074    81396   160775    30508   191059    47596   119256    90060    73695    44196    52656   145779    99875   111213   159298    97602    30508    12198   117597    49564   166402   117597    51972    43087   197413   129713   118578    89579   111213    51972    85522    98599   160775    22560    43087   114160    76302    89579    36147   187821    97602    34883    94021    72236    92642    52656   191059   170670    97602    36147   121046    95255    49564   123729    34883   135354   146329    89579   123629    95255   156258 
   59810   102047    41051    61213    67225    28257    18630    64405    67904    39715    73116    56155    40324    51801    75023    44772    56155    57424    67141    54629    85309    55108    67225    85309    73116    87077        0    50929        0    50929    80383    70625    51801    94271    46979   105376    41361    47994    88447    50433    60506    80383    93786    38099    73284    88789    73459    52679    41721    16135    87077    41051   111485    73284    88447    56569   118660    83013    48307    41721    16135    90143    40324    75023    42719    40264    86889    43667    56569    94271    46648    67141    93993    46648    40063    61213   125013    58444    47848    18630    40264    40063    38390    71373    88447    73701    61213    43211    28402    18630    82103   114352    43667    54261    38427    44109    35491    40324   118660    98269    43667    82103    50094    38099    67141    52460    54261    64405    75380    18630    52679    38099    85309 
   13064   119312    41380    50066    20479    45992    40100    76039    40167    27372    84751    67825    48535    59221    86692    32663    67825    69093    39404    10762    96943    50544    20479    96943    84751    88607    50929        0    50929        0    98499    82259    59221    88683    58648   117045    52198    17059   100116    62102    68834    98499   105455    18871    28386   106905    85128    64313    16474    44006    88607    41380   123154    28386   100116    74685   130329    58437    59941    16474    44006    70494    48535    86692    16653    51898    98558     7258    74685    88683    58282    39404   105662    58282    50900    50066   136682    70113    59517    40100    51898    50900    24946    24627   100116    69265    50066    54845    35005    40100    62455   126021     7258    61018    19772    27207    16258    48535   130329   109938     7258    62455    52609    18871    39404    64129    61018    76039    87014    40100    64313    18871    96943 
   59810   102047    41051    61213    67225    28257    18630    64405    67904    39715    73116    56155    40324    51801    75023    44772    56155    57424    67141    54629    85309    55108    67225    85309    73116    87077        0    50929        0    50929    80383    70625    51801    94271    46979   105376    41361    47994    88447    50433    60506    80383    93786    38099    73284    88789    73459    52679    41721    16135    87077    41051   111485    73284    88447    56569   118660    83013    48307    41721    16135    90143    40324    75023    42719    40264    86889    43667    56569    94271    46648    67141    93993    46648    40063    61213   125013    58444    47848    18630    40264    40063    38390    71373    88447    73701    61213    43211    28402    18630    82103   114352    43667    54261    38427    44109    35491    40324   118660    98269    43667    82103    50094    38099    67141    52460    54261    64405    75380    18630    52679    38099    85309 
   13064   119312    41380    50066    20479    45992    40100    76039    40167    27372    84751    67825    48535    59221    86692    32663    67825    69093    39404    10762    96943    50544    20479    96943    84751    88607    50929        0    50929        0    98499    82259    59221    88683    58648   117045    52198    17059   100116    62102    68834    98499   105455    18871    28386   106905    85128    64313    16474    44006    88607    41380   123154    28386   100116    74685   130329    58437    59941    16474    44006    70494    48535    86692    16653    51898    98558     7258    74685    88683    58282    39404   105662    58282    50900    50066   136682    70113    59517    40100    51898    50900    24946    24627   100116    69265    50066    54845    35005    40100    62455   126021     7258    61018    19772    27207    16258    48535   130329   109938     7258    62455    52609    18871    39404    64129    61018    76039    87014    40100    64313    18871    96943 
  104075    23101   102747    56344   103155    92513    82885   128660    72204    63848   137372   120388    55049    58617   139086    60814   120388   121657    65957    87738   149564   111953   103155   149564   137372    20444    80383    98499    80383    98499        0   134880    58617    31036   111211   171009    44245    79417   154081   114665   130236        0   158019    88555    91371    10711   137692   116935    90625    65461    20444   102747   180380    91371   154081    41248   182892    78143   112563    90625    65461    63097    55049   139086    93182   104519   151121    94122    41248    31036   110903    65957   159709   110903    47008    56344   190719   122677   111884    82885   104519    47008    78486   108492   154081    41505    56344   107466    69594    82885    55057   181128    94122    49392    87328    82065    85949    55049   182892   163976    94122    55057   114010    88555    65957   116693    49392   128660   139636    82885   116935    88555   149564 
   91144   154210    55760   117907    98559    49060    50552    21538   108008    79819    40069    21601    94821   111669    31964    83622    21601    50526   107245    85270    24617    68588    98559    24617    40069   141574    70625    82259    70625    82259   134880        0   111669   156525    33169    39275    95858    85867    22347    37920    53608   134880    27685    69433   106466   143286    14210    46043    73055    71088   141574    55760    45385   106466    22347   111066    56302   126279    26194    73055    71088   138335    94821    31964    74053    29688    20788    75001   111066   156525    31700   107245    27892    31700    94560   117907    62656    51546    42574    50552    29688    94560    71445   102707    22347   125864   117907    41326    71123    50552   130296    48251    75001   108758    68349    84213    65412    94821    56302    39020    75001   130296    64803    69433   107245    45562   108758    21538    24444    50552    46043    69433    24617 
   75444    79412    70748    28070    74542    63930    54303   105449    43574    31849   114161    97007     9944        0   115874    28815    97007    98510    37683    59125   126353    79954    74542   126353   114161    56206    51801    59221    51801    59221    58617   111669        0    63391    88064   147798    22648    47418   130869    91519    98251    58617   136208    56563    62740    67023   114545    93724    58627    36947    56206    70748   157169    62740   130869    35146   159746    49870    89351    58627    36947    57000     9944   115874    61183    81308   129393    62138    35146    63391    87692    37683   136497    87692    14796    28070   167508    99530    88672    54303    81308    14796    46501    79879   130869    39669    28070    84255    37610    54303    48960   157916    62138    21118    55329    42231    53950     9944   159746   140764    62138    48960    82026    56563    37683    93546    21118   105449   116424    54303    93724    56563   126353 
   93936    21373   115604    50271    93339   106401    96773   150305    56133    77736   159017   134609    59850    63391   160730    74702   134609   133840    49336    77922   171209   124810    93339   171209   159017    12198    94271    88683    94271    88683    31036   156525    63391        0   125432   192654    58466    83689   175726   128886   129135    31036   181064   101122    81232    21593   151913   138580    90137    79682    12198   115604   202025    81232   175726    37702   197113    47368   134207    90137    79682    35200    59850   160730   107138   126164   165342    97439    37702        0   132548    49336   181353   132548    59156    50271   212364   136898   133528    96773   126164    59156    91053    98676   175726    29754    50271   129111    83496    96773    27161   202772    97439    42068    93435    72312    98806    59850   197113   185621    97439    27161   126577   101122    49336   130914    42068   150305   161280    96773   138580   101122   171209 
   67533   132006    32182    94056    74947    25414    28349    22394    84404    56215    40817    13952    71221    88064    32819    61418    13952    24918    83641    61668    47854    46384    74947    47854    40817   118247    46979    58648    46979    58648   111211    33169    88064   125432        0    66527    72185    63663    49599    28107    27999   111211    54937    45822    82615   119617    37446    20380    49443    47442   118247    32182    73824    82615    49599    87740    82655   102675    16772    49443    47442   114484    71221    32819    50442     9457    49227    51149    87740   125432    21832    83641    56331    21832    70709    94056    89009    25626    17537    28349     9457    70709    47594    79096    49599   103661    94056    24617    47477    28349   106692    79417    51149    85109    46146    60608    43209    71221    82655    62265    51149   106692    41225    45822    83641    19954    85109    22394    33369    28349    20380    45822    47854 
  127272   190403    91889   154036   133344    83811    86746    44133   144137   115948    45300    57730   129618   147798    55423   119815    57730    74286   143374   121398    45256    98347   133344    45256    45300   177703   105376   117045   105376   117045   171009    39275   147798   192654    66527        0   131987   122060    21654    74049    77368   171009    11590   105562   142595   178013    31854    76560   107840   107217   177703    91889    55261   142595    21654   146137    66178   162408    62387   107840   107217   174464   129618    55423   108839    65881    30664   111129   146137   192654    67894   143374    37731    67894   130689   154036    72532    61530    78808    86746    65881   130689   107574   141601    21654   162058   154036    77520   107252    86746   166425    58127   111129   144886   104543   120341   101606   129618    66178    67311   111129   166425   100932   105562   143374    76328   144886    44133    33157    86746    76560   105562    45256 
   72817    65040    63725    25086    71924    53491    43864    89638    40947    24826    98350    81362    13624    22648   100064    21792    81362    82631    34699    56507   110542    72931    71924   110542    98350    50950    41361    52198    41361    52198    44245    95858    22648    58466    72185   131987        0    40395   115059    75639    91210    44245   120398    49529    60113    52650    98666    77913    51604    26435    50950    63725   141358    60113   115059    20773   143866    46886    73541    51604    26435    54016    13624   100064    54160    65497   112095    55096    20773    58466    71881    34699   120687    71881     7982    25086   151697    83651    72862    43864    65497     7982    39460    77261   115059    36694    25086    68444    30587    43864    45977   142106    55096    18134    48306    35207    46927    13624   143866   124954    55096    45977    74984    49529    34699    77667    18134    89638   100614    43864    77913    49529   110542 
   28699   100141    46395    45071    36114    51008    42313    81282    35172    15569    90008    72840    36732    47418    91708    20772    72840    74109    34409    12800   100553    55564    36114   100553    90008    83612    47994    17059    47994    17059    79417    85867    47418    83689    63663   122060    40395        0   105132    67117    73850    79417   110471    28074    31456    87822    90144    69571    15260    32203    83612    46395   128170    31456   105132    55603   135344    53443    64871    15260    32203    65499    36732    91708    32694    56828   103573    27512    55603    83689    63212    34409   110678    63212    39097    45071   141698    75129    64532    42313    56828    39097    22100    40262   105132    64334    45071    59775    23202    42313    57460   131037    27512    55960    18558    15404    25461    36732   135344   114954    27512    57460    57624    28074    34409    69145    55960    81282    91944    42313    69571    28074   100553 
  110344   173475    74961   137108   116416    66883    69817    27205   127209    99020    23646    40802   112690   130869    33769   102887    40802    52632   126446   104470    28328    76694   116416    28328    23646   160775    88447   100116    88447   100116   154081    22347   130869   175726    49599    21654   115059   105132        0    57121    55714   154081    10064    88634   125667   161085    14926    54906    90912    90289   160775    74961    38295   125667        0   129209    49250   145480    45459    90912    90289   157536   112690    33769    91911    48953    13736    94201   129209   175726    50966   126446    20803    50966   113761   137108    55604    39877    61880    69817    48953   113761    90646   119947        0   145130   137108    60591    90324    69817   149497    41199    94201   127958    87614   102077    84678   112690    49250    50383    94201   149497    84004    88634   126446    54675   127958    27205    16229    69817    54906    88634    28328 
