dep87 0 0 60
**************************************DATA
8 108 480 8 1.33
**************************************DISTANCE
       0    59164    95230    79461    95230    48694    62052   113318    83775    65524   102869    67959   103054    87976    73995    24787   118673    39702    67830    37673    81490    67959    73842    76885    67830    65524    87720    84409    73842    75482    94448    95230    61058   113318    84409    80009    37704   100412    59516    59164    77571    74667    46692    96584   113011    49686    74667    67959    45434    80246    94774    57863    81490    80285   107746    33952    52933    84409   119363    46692   107746    64525    67959    53263    65392    34171    56535    33952    59733    43124    83499    44628    48694    81834    81630   100412    52425    95436    84409    77593    35848    65524    76807    28382    55982    72018   100412    17946    43124    47351    44628    96530    41932    72806   118673    23290    72806    74507    75482    74507    96584    51127   113011    87976    80522    83499    17946   104719   114178 
   59164        0    56654    40977    56654    15752    23615    52739    34706    49955    46155    18887    64478    45084    16573    74496    61916    23757    34477    20918    20157    18887    33913    42002    34477    49955    49247    25169    33913    16245    55682    56654    22667    52739    25169    41674    24286    61857    18714        0    28495    15429    68711    58235    74457    24805    15429    18887    17257    32183    56091    44640    20157    26793    69401    62050    12840    25169    48832    68711    69401    27432    18887    12060    10978    85050    11594    62050    32636    18470    44664    45715    15752    28478    36975    61857     7629    50781    25169    36400    53807    49955    24598    30258    29152    10835    61857    48643    18470    12578    45715    39549    66025    38712    61916    40749    38712    17014    16245    17014    58235    25057    74457    45084    21284    44664    48643    65954    75849 
   95230    56654        0    18109        0    69875    38211    50720    21641    55597    44292    32591     8700    72073    34509    95832    30806    60067    59429    69362    32559    32591    66861    74945    59429    55597    21089    44253    66861    45132    31106        0    44544    50720    44253    15849    67478    16406    52254    56654    23685    47389    90179    11892    12120    78556    47389    32591    54083    61142    20738    66095    32559    49799    19040    83361    66014    44253    16245    90179    19040    60966    32591    42041    37128   106900    36597    83361    66170    58389    18377    67171    69875    35150    39709    16406    62009    32453    44253    66472    75263    55597    26005    72383    87887    39828    16406    84953    58389    51291    67171    47926    87481    44354    30806    76535    44354    33080    45132    33080    11892    57602    12120    72073    46062    18377    84953    37047    29486 
   79461    40977    18109        0    18109    54198    17878    43346    14392    63199    36716    13751    25933    60925    18937    80155    44142    44299    43751    53593    16986    13751    55713    63797    43751    63199    20156    32318    55713    29793    25947    18109    28866    43346    32318     9228    51801    32848    36682    40977    12119    31816    74502    25228    29068    62879    31816    13751    38406    49230    27210    50326    16986    38651    36390    67684    50336    32318    25334    74502    36390    45393    13751    26273    21565    91223    21018    67684    50598    42712    15935    51402    54198    18314    32461    32848    46332    25205    32318    54560    59494    63199    10654    56615    53828    24256    32848    87433    42712    35614    51402    36018    71712    47118    44142    60767    47118    17508    29793    17508    25228    41834    29068    60925    32535    15935    87433    37177    42822 
   95230    56654        0    18109        0    69875    38211    50720    21641    55597    44292    32591     8700    72073    34509    95832    30806    60067    59429    69362    32559    32591    66861    74945    59429    55597    21089    44253    66861    45132    31106        0    44544    50720    44253    15849    67478    16406    52254    56654    23685    47389    90179    11892    12120    78556    47389    32591    54083    61142    20738    66095    32559    49799    19040    83361    66014    44253    16245    90179    19040    60966    32591    42041    37128   106900    36597    83361    66170    58389    18377    67171    69875    35150    39709    16406    62009    32453    44253    66472    75263    55597    26005    72383    87887    39828    16406    84953    58389    51291    67171    47926    87481    44354    30806    76535    44354    33080    45132    33080    11892    57602    12120    72073    46062    18377    84953    37047    29486 
   48694    15752    69875    54198    69875        0    36836    70789    58489    63177    59849    32904    77700    44597    31665    50297    75933    25071    50732    15777    35249    32904    26490    33445    50732    63177    62434    40718    26490    30180    69162    69875    35888    70789    40718    54895    29181    75126    12147    15752    42513    22799    81482    71457    87678     8681    22799    32904    23299    30532    69312    57861    35249    32767    82622    54587     7582    40718    62849    81482    82622    14406    32904    27883    26071    62909    25612    54587    16763    19136    57886    58937        0    43000    52426    75126    10590    66232    40718    34749    48942    63177    38159    25102    18054    26384    75126    42807    19136    19204    58937    49015    79247    51933    75933    30278    51933    31031    30180    31031    71457    38279    87678    44597    36833    57886    42807    79175    89070 
   62052    23615    38211    17878    38211    36836        0    56333    20473    33829    45850     6765    46275    64962    17601    62868    48633    26890    26465    36184    24866     6765    53797    61881    26465    33829    30700    41452    53797    27050    37429    38211     9433    56333    41452    20438    34514    43393    38487    23615    14583    35269    57215    37038    56254    45517    35269     6765    20657    51957    37755    33425    24866    46633    50781    50397    32975    41452    34916    57215    50781    47224     6765    11670    17054    73936    10814    50397    52429    25351    26480    34501    36836     8057    20000    43393    28970    24646    41452    56173    42593    33829    19788    39205    54848    20915    43393    51775    25351    18252    34501    45544    54811    22586    48633    43358    22586    14012    27050    14012    37038    24933    56254    64962    33525    26480    51775    47750    54633 
  113318    52739    50720    43346    50720    70789    56333        0    57574    96758     7068    47307    53768    53281    37480   113715    78195    78156    77311    87450    32127    47307    48069    56152    77311    96758    30253    33383    48069    37102    22374    50720    62426        0    33383    47152    85360    36086    51762    52739    52402    42341   108062    59280    48685    69572    42341    47307    71966    41594    34244    84183    32127    36226    68056   101244    66928    33383    65357   108062    68056    55765    47307    60130    42616   124782    54578   101244    59893    76272    33514    85259    70789    63075    79006    36086    62923    68386    33383    46924    93351    96758    33058    90471    66798    43201    36086   120992    76272    69173    85259    18839   105569    80678    78195    94624    80678    42787    37102    42787    59280    75690    48685    53281    38815    33514   120992    16085    76875 
   83775    34706    21641    14392    21641    58489    20473    57574        0    34808    51868    16034    22634    71652    32442    84496    28489    48612    35382    57906    31379    16034    60481    68615    35382    34808    31954    46734    60481    40482    38682    21641    22594    57574    46734    10422    49496    33296    46888    34706     7124    42003    78705    19983    32600    67542    42003    16034    42111    58751    39156    38536    31379    53361    33824    71887    44861    46734    15405    78705    33824    55605    16034    30586    30601    95050    25142    71887    60810    46821    27730    55716    58489    15176    18912    33296    40857    11673    46734    62968    63808    34808    25057    60928    64032    34461    33296    73497    46821    39723    55716    50406    76026    23564    28489    65080    23564    27018    40482    27018    19983    39626    32600    71652    47071    27730    73497    48991    38783 
   65524    49955    55597    63199    55597    63177    33829    96758    34808        0    86507    51597    56597    91303    58131    43981    52712    39124    24483    48418    65292    51597    80138    88221    24483        0    71357    82109    80138    62424    78086    55597    28897    96758    82109    44385    34994    84050    71900    49955    41078    61609    38328    53930    66564    71858    61609    51597    35065    85370    78412     7689    65292    72974    66550    31510    59315    82109    49369    38328    66550    73565    51597    48336    57584    55049    47139    31510    78769    44746    67137    14003    63177    28023    17343    84050    55311    31870    82109    89586    23129        0    60445    48647    81188    64021    84050    51259    44746    44592    14003    85970    36198    11244    52712    48031    11244    54936    62424    54936    53930    33452    66564    91303    74470    67137    51259    88176    65046 
  102869    46155    44292    36716    44292    59849    45850     7068    51868    86507        0    41845    52116    49102    30850   103590    74243    67707    63571    77001    25545    41845    43890    51980    63571    86507    24563    29204    43890    30519    16707    44292    51841     7068    29204    41440    68236    32972    45132    46155    45823    35758    97806    55310    45571    64373    35758    41845    61206    37381    27724    73734    25545    34254    62456    91145    53806    29204    59673    97806    62456    51539    41845    49681    35741   114144    44236    91145    55713    65916    27847    74810    59849    52594    67752    32972    56340    62695    29204    42711    82902    86507    26457    80023    62027    36571    32972    92592    65916    58817    74810    14661    95120    69488    74243    84175    69488    36157    30519    36157    55310    65242    45571    49102    31726    27847    92592    12885    72923 
   67959    18887    32591    13751    32591    32904     6765    47307    16034    51597    41845        0    40416    55836    16627    68680    43375    32797    32136    42091    19463        0    44665    52796    32136    51597    28382    36354    44665    24663    35110    32591    17251    47307    36354    16312    33326    41074    31072    18887     9831    26184    62887    34864    43551    41585    26184        0    26790    42936    35258    38825    19463    37546    46029    56068    29043    36354    30164    62887    46029    43304        0    14771    14785    79235     9327    56068    48509    31097    24161    39900    32904    12699    25801    41074    25038    26846    36354    47152    47992    51597    14677    45113    50916    18646    41074    57682    31097    23907    39900    40026    60210    34579    43375    49265    34579    11202    24663    11202    34864    30332    43551    55836    31256    24161    57682    45121    52477 
  103054    64478     8700    25933     8700    77700    46275    53768    22634    56597    52116    40416        0    79898    42334   103657    25604    67892    67253    77299    40383    40416    74686    82769    67253    56597    28914    51290    74686    52957    38930     8700    52368    53768    51290    23666    75302    18223    60072    64478    31509    55213    98004     6690    13937    86380    55213    40416    61908    68966    22556    73919    40383    57624    13387    91186    73838    51290    15760    98004    13387    68790    40416    49543    44962   114724    44520    91186    73995    66214    26201    74995    77700    42975    40702    18223    69833    33446    51290    77167    82972    56597    33818    80208    95711    47653    18223   110934    66214    59115    74995    54991    95305    45354    25604    84360    45354    41272    52957    41272     6690    65432    13937    79898    53099    26201   110934    39003    24284 
   87976    45084    72073    60925    72073    44597    64962    53281    71652    91303    49102    55836    79898        0    44059    89579   102793    64353    78823    55059    46602    55836    15777    11308    78823    91303    61248    29232    15777    38126    53694    72073    63863    53281    29232    69222    69583    74472    34436    45084    65448    29313   109574    83879    83033    41776    29313    55836    61636    14347    68745    85987    46602    25710    90238   102755    43377    29232    87454   109574    90238    27990    55836    56008    45545   102191    53750   102755    28259    60531    55658    87063    44597    71091    80518    74472    52766    94323    29232     8684    95155    91303    50667    64384    35163    37723    74472    82089    60531    54757    87063    34441   107373    80059   102793    69560    80059    48772    38126    48772    83879    66404    83033        0    30740    55658    82089    59098   101473 
   73995    16573    34509    18937    34509    31665    17601    37480    32442    58131    30850    16627    42334    44059        0    75088    67892    35849    38684    36842     4538    16627    32894    40978    38684    58131    30511    21511    32894    10191    22255    34509    23799    37480    21511    30850    36387    43203    20763    16573    26238    14366    69435    48977    45468    38782    14366    16627    29364    31158    37565    51380     4538    25730    52674    62616    27804    21511    49073    69435    52674    29481    16627    24161     6138    86155    13649    62616    34685    30477    23344    52456    31665    24343    40378    43203    23799    43254    21511    35375    54402    58131    11524    46250    37915     8829    43203    60802    30477    24703    52456    26712    72766    42051    67892    56742    42051     6199    10191     6199    48977    36863    45468    44059    18781    23344    60802    34552    66572 
   24787    74496    95832    80155    95832    50297    62868   113715    84496    43981   103590    68680   103657    89579    75088        0    97816    32573    46974    36886    82248    68680    75446    78489    46974    43981    88441    95312    75446    86964    95169    95832    61858   113715    95312    80853    32775   101133    60025    74496    78292    86149    25781    97305   113635    51290    86149    68680    40505    80139    95269    36984    82248    97514   108579    13095    54536    95312    98485    25781   108579    66129    68680    65292    74540    13889    63516    13095    61336    38195    84220    25115    50297    60978    60774   101133    48807    74579    95312    79112    17728    43981    77577    28961    57586    80978   101133    11246    38195    42422    25115   102926    20999    51264    97816    21976    51264    71892    86964    71892    97305    50408   113635    89579    91427    84220    11246   105132   114899 
  118673    61916    30806    44142    30806    75933    48633    78195    28489    52712    74243    43375    25604   102793    67892    97816        0    73123    55665    82417    65941    43375    87821   104896    55665    52712    51040    74183    87821    73941    61057    30806    52959    78195    74183    37041    69796    42619    74228    61916    34341    69213    92759    20905    39008    84614    69213    43375    69819    91072    46930    58835    65941    80516    15499    82418    72072    74183    16027    92759    15499    86333    43375    57927    57941   108370    52483    82418    91538    74126    48327    69036    75933    42601    39212    42619    68067    23353    74183    90308    77128    52712    59387    85439    93945    61802    42619   105132    74126    67063    69036    77856    80632    43864        0    87114    43864    54358    73941    54358    20905    59926    39008   102793    75992    48327   105132    63239    13571 
   39702    23757    60067    44299    60067    25071    26890    78156    48612    39124    67707    32797    67892    64353    35849    32573    73123        0    25712     9294    46327    32797    50220    53262    25712    39124    52557    48629    50220    39703    59285    60067    25895    78156    48629    44847     4110    65249    28214    23757    42409    38888    57953    61421    77849    26229    38888    32797    10272    55680    59611    31487    46327    50252    72583    37867    21415    48629    62833    57953    72583    40902    32797    18101    30230    45185    21372    37867    36110     6403    48336    26367    25071    33123    36080    65249    17015    49886    48629    59897    24824    39124    41645    12316    32360    33872    65249    27244     6403    12188    26367    66497    55474    37753    73123    15818    37753    39345    39703    39345    61421    14881    77849    64353    44743    48336    27244    69557    79016 
   67830    34477    59429    43751    59429    50732    26465    77311    35382    24483    63571    32136    67253    78823    38684    46974    55665    25712        0    35006    45844    32136    67652    75742        0    24483    48422    58909    67652    49984    58457    59429    16221    77311    58909    44449    22385    64632    52453    34477    41745    46130    41189    61010    77232    59785    46130    32136    19324    65922    58865    16846    45844    60532    72175    34528    43837    58909    49927    41189    72175    61171    32136    28888    38137    57528    27112    34528    66375    29005    47439    18194    50732    18757    18622    64632    39832    32432    58909    70139    26286    24483    41173    38028    69597    44574    64632    54289    29005    31965    18194    66522    38504    18015    55665    39703    18015    35489    49984    35489    61010    12515    77232    78823    55023    47439    54289    68728    78624 
   37673    20918    69362    53593    69362    15777    36184    87450    57906    48418    77001    42091    77299    55059    36842    36886    82417     9294    35006        0    40508    42091    40925    43968    35006    48418    61851    46162    40925    37235    68579    69362    35189    87450    46162    54141    13404    74543    21485    20918    51703    36420    67247    70716    87143    16935    36420    42091    19566    45660    68905    40781    40508    47785    81877    42180    14686    46162    72127    67247    81877    31608    42091    27395    31311    49498    30667    42180    26816    11190    57630    35661    15777    42417    45374    74543    14178    59180    46162    44676    33165    48418    50939     9340    23066    31560    74543    29064    11190    21482    35661    64030    64768    47047    82417    16750    47047    36384    37235    36384    70716    24175    87143    55059    42276    57630    29064    78851    88310 
   81490    20157    32559    16986    32559    35249    24866    32127    31379    65292    25545    19463    40383    46602     4538    82248    65941    46327    45844    40508        0    19463    35975    44059    45844    65292    23629    17994    35975    12208    16950    32559    30959    32127    17994    28900    53894    41252    24852    20157    26093    17447    76595    47027    43518    42851    17447    19463    32948    34824    35614    52355        0    24328    50723    69777    31387    17994    42320    76595    50723    33550    19463    28301     9725    93316    17232    69777    38754    34061    18038    53430    35249    31608    47539    41252    27383    42191    17994    37831    61522    65292     9676    49848    41984    12426    41252    64385    34061    28287    53430    23195    73740    49211    65941    62795    49211     9037    12208     9037    47027    43862    43518    46602    14950    18038    64385    29246    64621 
   67959    18887    32591    13751    32591    32904     6765    47307    16034    51597    41845        0    40416    55836    16627    68680    43375    32797    32136    42091    19463        0    44665    52796    32136    51597    28382    36354    44665    24663    35110    32591    17251    47307    36354    16312    33326    41074    31072    18887     9831    26184    62887    34864    43551    41585    26184        0    26790    42936    35258    38825    19463    37546    46029    56068    29043    36354    30164    62887    46029    43304        0    14771    14785    79235     9327    56068    48509    31097    24161    39900    32904    12699    25801    41074    25038    26846    36354    47152    47992    51597    14677    45113    50916    18646    41074    57682    31097    23907    39900    40026    60210    34579    43375    49265    34579    11202    24663    11202    34864    30332    43551    55836    31256    24161    57682    45121    52477 
   73842    33913    66861    55713    66861    26490    53797    48069    60481    80138    43890    44665    74686    15777    32894    75446    87821    50220    67652    40925    35975    44665        0    10917    67652    80138    56036    24020        0    24864    48482    66861    52692    48069    24020    64010    57945    69260    17492    33913    54277    18142    98403    77879    77820    28208    18142    44665    50465     7663    63533    74822    35975    16276    85026    91584    26434    24020    82242    98403    85026    10896    44665    44843    34380    88058    42585    91584    11292    41713    50446    75898    26490    59920    69346    69260    33255    83152    24020     7093    83990    80138    45454    50251    21271    26558    69260    67956    41713    43520    75898    29229    96208    68894    87821    55427    68894    37607    24864    37607    77879    55239    77820    15777    19575    50446    67956    53886    95492 
   76885    42002    74945    63797    74945    33445    61881    56152    68615    88221    51980    52796    82769    11308    40978    78489   104896    53262    75742    43968    44059    52796    10917        0    75742    88221    64126    32103    10917    33579    56572    74945    60933    56152    32103    72093    57372    77383    32582    42002    62405    26232   106492    85963    85904    30067    26232    52796    58999    13501    71617    82906    44059    24360    93109    99674    38119    32103    90326   106492    93109    24712    52796    52927    42464    91101    50669    99674    17573    53373    58499    83981    33445    68009    75241    77383    44940    91242    32103     9238    92073    88221    53538    53294    23887    34641    77383    70999    53373    51604    83981    37313   104291    76978   104896    58470    76978    45690    33579    45690    85963    63323    85904    11308    27658    58499    70999    61969   103576 
   67830    34477    59429    43751    59429    50732    26465    77311    35382    24483    63571    32136    67253    78823    38684    46974    55665    25712        0    35006    45844    32136    67652    75742        0    24483    48422    58909    67652    49984    58457    59429    16221    77311    58909    44449    22385    64632    52453    34477    41745    46130    41189    61010    77232    59785    46130    32136    19324    65922    58865    16846    45844    60532    72175    34528    43837    58909    49927    41189    72175    61171    32136    28888    38137    57528    27112    34528    66375    29005    47439    18194    50732    18757    18622    64632    39832    32432    58909    70139    26286    24483    41173    38028    69597    44574    64632    54289    29005    31965    18194    66522    38504    18015    55665    39703    18015    35489    49984    35489    61010    12515    77232    78823    55023    47439    54289    68728    78624 
   65524    49955    55597    63199    55597    63177    33829    96758    34808        0    86507    51597    56597    91303    58131    43981    52712    39124    24483    48418    65292    51597    80138    88221    24483        0    71357    82109    80138    62424    78086    55597    28897    96758    82109    44385    34994    84050    71900    49955    41078    61609    38328    53930    66564    71858    61609    51597    35065    85370    78412     7689    65292    72974    66550    31510    59315    82109    49369    38328    66550    73565    51597    48336    57584    55049    47139    31510    78769    44746    67137    14003    63177    28023    17343    84050    55311    31870    82109    89586    23129        0    60445    48647    81188    64021    84050    51259    44746    44592    14003    85970    36198    11244    52712    48031    11244    54936    62424    54936    53930    33452    66564    91303    74470    67137    51259    88176    65046 
   87720    49247    21089    20156    21089    62434    30700    30253    31954    71357    24563    28382    28914    61248    30511    88441    51040    52557    48422    61851    23629    28382    56036    64126    48422    71357        0    32638    56036    33240    13149    21089    36691    30253    32638    21526    53086    11257    64155    49247    29263    38479    82656    32107    23051    71487    38479    28382    46056    49527     7943    58585    23629    38972    39254    75995    59522    32638    39758    82656    39254    72873    28382    34531    33887    98995    29087    75995    78077    50766     6249    59660    62434    37444    52602    11257    54506    42749    32638    54857    67752    71357    18360    64873    81299    37748    11257    77442    50766    43667    59660    38382    79970    54339    51040    69025    54339    29211    33240    29211    32107    50092    23051    61248    34447     6249    77442    21671    49720 
   84409    25169    44253    32318    44253    40718    41452    33383    46734    82109    29204    36354    51290    29232    21511    95312    74183    48629    58909    46162    17994    36354    24020    32103    58909    82109    32638        0    24020    10089    25084    44253    43949    33383        0    40614    49669    45862    22400    25169    41448    12816    89659    55269    54425    36504    12816    36354    41722    17792    40224    69336    17994     6958    61630    82841    32807        0    58847    89659    61630    21921    36354    36056    23257   106380    28154    82841    35844    39769    27048    70412    40718    42940    60603    45862    32852    57546        0    23121    78504    82109    22059    55502    35637    15829    45862    73514    39769    33996    70412    14543    90722    65090    74183    65993    65090    26484    10089    26484    55269    46452    54425    29232     5561    27048    73514    33592    72863 
   73842    33913    66861    55713    66861    26490    53797    48069    60481    80138    43890    44665    74686    15777    32894    75446    87821    50220    67652    40925    35975    44665        0    10917    67652    80138    56036    24020        0    24864    48482    66861    52692    48069    24020    64010    57945    69260    17492    33913    54277    18142    98403    77879    77820    28208    18142    44665    50465     7663    63533    74822    35975    16276    85026    91584    26434    24020    82242    98403    85026    10896    44665    44843    34380    88058    42585    91584    11292    41713    50446    75898    26490    59920    69346    69260    33255    83152    24020     7093    83990    80138    45454    50251    21271    26558    69260    67956    41713    43520    75898    29229    96208    68894    87821    55427    68894    37607    24864    37607    77879    55239    77820    15777    19575    50446    67956    53886    95492 
   75482    16245    45132    29793    45132    30180    27050    37102    40482    62424    30519    24663    52957    38126    10191    86964    73941    39703    49984    37235    12208    24663    24864    33579    49984    62424    33240    10089    24864        0    25686    45132    35135    37102    10089    41473    40232    46534    18571    16245    34272     6967    80735    55008    56091    35552     6967    24663    33202    26405    40767    57108    12208    13613    63297    73916    23882    10089    55126    80735    63297    27289    24663    27130    14331    97518    19470    73916    32494    31672    27650    58184    30180    34015    49444    46534    23927    51632    10089    27351    66276    62424    19534    46576    35716     6903    46534    64588    31672    25807    58184    24468    78494    51180    73941    57067    51180    15962        0    15962    55008    37526    56091    38126     7415    27650    64588    34221    72621 
   94448    55682    31106    25947    31106    69162    37429    22374    38682    78086    16707    35110    38930    53694    22255    95169    61057    59285    58457    68579    16950    35110    48482    56572    58457    78086    13149    25084    48482    25686        0    31106    43419    22374    25084    28254    59814    19736    40299    55682    40720    30925    89208    42123    31530    57280    30925    35110    52784    41973    16288    65313    16950    31417    49270    82390    65042    25084    46487    89208    49270    46401    35110    41259    30096   105723    35815    82390    60305    57494    14660    66389    69162    44220    59330    19736    61037    49532    25084    47303    74481    78086    15954    71601    57443    31738    19736    84170    57494    50395    66389    21794    86699    61067    61057    75753    61067    26049    25686    26049    42123    56820    31530    53694    26893    14660    84170    13792    59737 
   95230    56654        0    18109        0    69875    38211    50720    21641    55597    44292    32591     8700    72073    34509    95832    30806    60067    59429    69362    32559    32591    66861    74945    59429    55597    21089    44253    66861    45132    31106        0    44544    50720    44253    15849    67478    16406    52254    56654    23685    47389    90179    11892    12120    78556    47389    32591    54083    61142    20738    66095    32559    49799    19040    83361    66014    44253    16245    90179    19040    60966    32591    42041    37128   106900    36597    83361    66170    58389    18377    67171    69875    35150    39709    16406    62009    32453    44253    66472    75263    55597    26005    72383    87887    39828    16406    84953    58389    51291    67171    47926    87481    44354    30806    76535    44354    33080    45132    33080    11892    57602    12120    72073    46062    18377    84953    37047    29486 
   61058    22667    44544    28866    44544    35888     9433    62426    22594    28897    51841    17251    52368    63863    23799    61858    52959    25895    16221    35189    30959    17251    52692    60933    16221    28897    36691    43949    52692    35135    43419    44544        0    62426    43949    29564    26424    49383    37493    22667    19772    34320    56267    46125    62347    44569    34320    17251    19709    50962    43981    32002    30959    45573    57290    49449    32027    43949    37400    56267    57290    46276    17251    13929    23252    72413    12227    49449    51480    24104    32554    33078    35888     8835    16012    49383    28022    29818    43949    55179    41170    28897    26288    38211    53900    29614    49383    50780    24104    17006    33078    51638    53388    17653    52959    42363    17653    20604    35135    20604    46125    23510    62347    63863    40063    32554    50780    53843    63739 
  113318    52739    50720    43346    50720    70789    56333        0    57574    96758     7068    47307    53768    53281    37480   113715    78195    78156    77311    87450    32127    47307    48069    56152    77311    96758    30253    33383    48069    37102    22374    50720    62426        0    33383    47152    85360    36086    51762    52739    52402    42341   108062    59280    48685    69572    42341    47307    71966    41594    34244    84183    32127    36226    68056   101244    66928    33383    65357   108062    68056    55765    47307    60130    42616   124782    54578   101244    59893    76272    33514    85259    70789    63075    79006    36086    62923    68386    33383    46924    93351    96758    33058    90471    66798    43201    36086   120992    76272    69173    85259    18839   105569    80678    78195    94624    80678    42787    37102    42787    59280    75690    48685    53281    38815    33514   120992    16085    76875 
   84409    25169    44253    32318    44253    40718    41452    33383    46734    82109    29204    36354    51290    29232    21511    95312    74183    48629    58909    46162    17994    36354    24020    32103    58909    82109    32638        0    24020    10089    25084    44253    43949    33383        0    40614    49669    45862    22400    25169    41448    12816    89659    55269    54425    36504    12816    36354    41722    17792    40224    69336    17994     6958    61630    82841    32807        0    58847    89659    61630    21921    36354    36056    23257   106380    28154    82841    35844    39769    27048    70412    40718    42940    60603    45862    32852    57546        0    23121    78504    82109    22059    55502    35637    15829    45862    73514    39769    33996    70412    14543    90722    65090    74183    65993    65090    26484    10089    26484    55269    46452    54425    29232     5561    27048    73514    33592    72863 
   80009    41674    15849     9228    15849    54895    20438    47152    10422    44385    41440    16312    23666    69222    30850    80853    37041    44847    44449    54141    28900    16312    64010    72093    44449    44385    21526    40614    64010    41473    28254    15849    29564    47152    40614        0    52498    34218    48596    41674    12466    43730    75200    18127    26801    63576    43730    16312    39103    57574    28580    50874    28900    46947    29279    68381    51034    40614    18233    75200    29279    65283    16312    26821    26728    91920    21716    68381    70488    43410    17305    51950    54895    20874    28490    34218    47029    21234    40614    62904    60042    44385    22335    57163    72907    36170    34218    88130    43410    36311    51950    44315    72260    33142    37041    61315    33142    29421    41473    29421    18127    42382    26801    69222    42494    17305    88130    38569    35721 
   37704    24286    67478    51801    67478    29181    34514    85360    49496    34994    68236    33326    75302    69583    36387    32775    69796     4110    22385    13404    53894    33326    57945    57372    22385    34994    53086    49669    57945    40232    59814    67478    26424    85360    49669    52498        0    65778    43213    24286    42937    39417    54626    61950    85281    30339    39417    33326     8454    56683    66915    27357    53894    50781    80225    28119    23393    49669    70130    54626    80225    45012    33326    19561    30792    45387    22831    28119    40220     9780    48865    22237    29181    32957    32753    65778    20203    46559    49669    60899    20694    34994    49222    16799    36470    35335    65778    27427     9780    12717    22237    64048    52147    34482    69796    19010    34482    43538    40232    43538    61950    11554    85281    69583    45784    48865    27427    76778    79544 
  100412    61857    16406    32848    16406    75126    43393    36086    33296    84050    32972    41074    18223    74472    43203   101133    42619    65249    64632    74543    41252    41074    69260    77383    64632    84050    11257    45862    69260    46534    19736    16406    49383    36086    45862    34218    65778        0    76847    61857    35351    56816    95383    23685    13227    83760    56816    41074    59287    62750     5765    71277    41252    52195    32512    88565    71217    45862    32758    95383    32512    85565    41074    47223    46580   111687    41779    88565    90769    63458    19472    72353    75126    50396    66327        0    67213    44108    45862    68080    80445    84050    34698    77565    93991    50440        0    90134    63458    56359    72353    44614    92663    67031    42619    81717    67031    41903    46534    41903    23685    62784    13227    74472    47670    19472    90134    21269    41299 
   59516    18714    52254    36682    52254    12147    38487    51762    46888    71900    45132    31072    60072    34436    20763    60025    74228    28214    52453    21485    24852    31072    17492    32582    52453    71900    64155    22400    17492    18571    40299    52254    37493    51762    22400    48596    43213    76847        0    18714    40684    10908    83204    73019    89446    16050    10908    31072    35266    23309    71209    59531    24852    23911    84181    76385     6805    22400    64532    83204    84181     9805    31072    29786    20689    72637    27143    76385    15009    22084    59934    60607    12147    44721    54148    76847    13627    67953    22400    25752    68699    71900    29269    30825    16642    12889    76847    52665    22084    28387    60607    40156    80917    55820    74228    41101    55820    23944    18571    23944    73019    39598    89446    34436    18402    59934    52665    48834    90613 
   59164        0    56654    40977    56654    15752    23615    52739    34706    49955    46155    18887    64478    45084    16573    74496    61916    23757    34477    20918    20157    18887    33913    42002    34477    49955    49247    25169    33913    16245    55682    56654    22667    52739    25169    41674    24286    61857    18714        0    28495    15429    68711    58235    74457    24805    15429    18887    17257    32183    56091    44640    20157    26793    69401    62050    12840    25169    48832    68711    69401    27432    18887    12060    10978    85050    11594    62050    32636    18470    44664    45715    15752    28478    36975    61857     7629    50781    25169    36400    53807    49955    24598    30258    29152    10835    61857    48643    18470    12578    45715    39549    66025    38712    61916    40749    38712    17014    16245    17014    58235    25057    74457    45084    21284    44664    48643    65954    75849 
