dep53 0 0 60
**************************************DATA
7 114 480 8 1.33
**************************************DISTANCE
       0    66247    25837    74107    76976    29011    69099    61188    14744    40409    20605    35293    64880    36655    55635    35441    40291     8759    55635    36012    20793    12176    39160     5003    86352    43590    12187    64381    46431     8364    27333    64381    28081    39744    39744    55585    43176     5003    53349    27546    44147    58130    14445    46804    64381    24313    21902    34587    53042    51850    25837    24250    50120    44841    31538    66247    55585    46804    49340    46250    50624    20793    39744    64381    39160    35441    36012    69099    51850    33363    45811    25837    88253    74107    33466    49340    58130    86352    61079    48993    39510    64381    14445    86352    43176    15296    53042    22989    38839    66247    17279    44841    18033    35441    29367    17854    36655    27333    17854    26223    58366     5003    51850    26223    44147    57040    14744    10688    17603    38454    61351    43590    33363    59082     5003 
   66247        0    49145    18811    27713    29928    21205    55068    65407    57023    33219    38889    19992    58640    23244    20067    60042    69977    23244    62443    37959    47036    49233    68938    48423    13010    72814    11516    56504    49513    60682    11516    68573    80143    80143    66491    29656    68938    72709    32021    26339    12894    39044    29051    11516    37358    38931    42183    56770    15978    49145    59933    42502    38403    50897        0    66491    29051    48942    62864    71828    37959    80143    11516    49233    20067    62443    21205    15978   108979    49539    49145    38994    18811    67938    48942    12894    48423     6905    33808    25571    11516    39044    48423    29656    62451    56770    32011    48739        0    43485    38403    41193    20067    49189    50219    58640    60682    50219    27108    38622    68938    15978    27108    26339    11087    65407    57861    58361    84460    26243    13010   108979    36115    68938 
   25837    49145        0    54675    57498    42570    49760    80329    14248    64771    31154    51517    68050    19149    38057    30968    20575    18818    38057    54412    37153    30657    56779    29868    66659    38629    22562    67550    59990    31225    14705    67550    52262    63868    63868    35499    21511    29868    33326    24158    23827    61299    25721    23336    67550    40538    10784    50550    66601    35829        0     6494    69381    16480    11427    49145    35499    23336    28498    70612    30480    37153    63868    67550    56779    30968    54412    49760    35829    60261    62253        0    70677    54675    57590    28498    61299    66659    44067    19288    29421    67550    25721    66659    21511     8971    66601    20587    18482    49145    19594    16480    16457    30968     9010    35190    19149    14705    35190    28198    61488    29868    35829    28198    23827    60956    14248    35552    42487    65515    41698    38629    60261    39930    29868 
   74107    18811    54675        0     7183    46942     6734    72034    81591    75277    50233    55937    35333    64089    20794    35610    65515    86139    20794    81476    55068    64096    67285    92065    31588    30056    89745    24855    73518    66527    66146    24855    85701    97308    97308    72076    35116    92065    78266    54038    31894    29924    55949    34551    24855    54544    56590    59213    73784    23948    54675    65710    64158    43934    56367    18811    72076    34551    54542    81118    75420    55068    97308    24855    67285    35610    81476     6734    23948   124652    66673    54675    22340        0    88185    54542    29924    31588    23886    39281    34498    24855    55949    31588    35116    69087    73784    53189    54753    18811    62732    43934    61542    35610    54674    67469    64089    66146    67469    44121    55635    92065    23948    44121    31894    28101    81591    80269    75375   101474    25948    30056   124652    34362    92065 
   76976    27713    57498     7183        0    55929     7713    78520    75619    84179    59226    64839    41818    66958    23858    44511    68384    80189    23858    90378    63970    73572    76187    90468    23758    40054    88148    32067    82666    76956    69015    32067    95177   106784   106784    72485    37985    90468    76627    56907    34763    38826    66717    37420    32067    63445    59548    68115    82774    31214    57498    68579    73681    46773    59236    27713    72485    37420    54978    90020    76115    63970   106784    32067    76187    44511    90378     7713    31214   123056    75575    57498    12360     7183    97086    54978    38826    23758    32788    42150    41764    32067    66717    23758    37985    71956    82774    56058    57622    27713    65609    46773    64411    44511    57543    78236    66958    69015    78236    53111    64586    90468    31214    53111    34763    37093    75619    83138    85402   111068    22894    40054   123056    33986    90468 
   29011    29928    42570    46942    55929        0    49336    34833    38436    31777    16587    12436    33394    57954    44150    17070    59380    34840    44150    37975    10919    22956    23785    31700    76529    23335    38268    32852    30103    25536    51003    32852    46126    56168    56168    74304    37303    31700    72130    19799    38274    26643    14809    40931    32852     8324    30113    15712    30371    30481    42570    41847    28086    49784    50232    29928    74304    40931    60422    37618    69285    10919    56168    32852    23785    17070    37975    49336    30481    56509    23172    42570    67213    46942    44684    60422    26643    76529    25512    45162    33069    32852    14809    76529    37303    35569    30371    23837    57287    29928    22573    49784    27682    17070    47815    19702    57954    51003    19702    11521    19483    31700    30481    11521    38274    21468    38436    33833    34787    60343    55231    23335    56509    52899    31700 
   69099    21205    49760     6734     7713    49336        0    74476    67928    76431    52627    58297    39451    59255    16117    39475    60658    72498    16117    81851    61728    67227    68641    71789    28472    31467    80074    30932    75912    69083    61298    30932    88763   100333   100333    67107    30271    71789    73324    49274    26954    32354    59234    29667    30932    56766    51675    61600    76178    22631    49760    60549    61910    39019    51513    21205    67107    29667    49557    82272    72444    61728   100333    30932    68641    39475    81851        0    22631    98080    68947    49760    18994     6734    94091    49557    32354    28472    26313    34424    31106    30932    59234    28472    30271    64304    76178    48706    49355    21205    57817    39019    56486    39475    49805    70409    59255    61298    70409    46515    58029    71789    22631    46515    26954    30495    67928    75412    78551   104651    21271    31467    98080    30491    71789 
   61188    55068    80329    72034    78520    34833    74476        0    76319    24494    41741    23654    43481    94908    76484    43901    97188    63455    76484    32546    37446    46429    23106    61396   102846    50138    83544    48373    19447    52781    88909    48373    40696    53900    53900   112090    72392    61396   109854    56526    73332    42122    43650    75934    48373    33377    58696    27359     7892    57312    80329    78801    12088    84954    88042    55068   112090    75934    95493    26968   108974    37446    53900    48373    23106    43901    32546    74476    57312    61717    17051    80329    85500    72034    39254    95493    42122   102846    49057    80348    59892    48373    43650   102846    72392    73363     7892    51846    94241    55068    51062    84954    56148    43901    85615    42211    94908    88909    42211    44644    19002    61396    57312    44644    73332    48659    76319    53484    47462    58217    80491    50138    61717    88062    61396 
   14744    65407    14248    81591    75619    38436    67928    76319        0    52441    27020    47508    64040    19782    56225    52549    26963     5986    56225    48047    30218    25787    48585    17035    84827    58814     9313    63541    55856    21978    12940    63541    40115    51776    51776    42257    31530    17035    40022    29569    41995    57290    21145    41504    63541    36529    15525    46541    62467    54869    14248    10921    65247    33360    18210    65407    42257    41504    37860    58282    37295    30218    51776    63541    48585    52549    48047    67928    54869    45395    55236    14248    88845    81591    45498    37860    57290    84827    60067    37456    43078    63541    21145    84827    31530     7510    62467    25027    27302    65407    18054    33360    14761    52549    19523    31181    19782    12940    31181    32389    57354    17035    54869    32389    41995    56027        0    22719    29638    50489    59865    58814    45395    58086    17035 
   40409    57023    64771    75277    84179    31777    76431    24494    52441        0    34277    24253    60489    75893    75604    45343    81631    46455    75604    13176    28418    28182    12468    40617   106189    51580    49893    59947     6915    31934    65030    59947    21326    32635    32635    96533    63249    40617    94297    47383    64189    53738    34507    66791    59947    28946    49553    15676    16600    58753    64771    59786    28102    75811    72485    57023    96533    66791    86350     5841    93416    28418    32635    59947    12468    45343    13176    76431    58753    42347    16837    64771    94307    75277    19884    86350    53738   106189    53753    69821    59545    59947    34507   106189    63249    57806    16600    42703    79411    57023    41919    75811    45621    45343    70058    23202    75893    65030    23202    42117    34013    40617    58753    42117    64189    49713    52441    32706    26683    38847    81188    51580    42347    78919    40617 
   20605    33219    31154    50233    59226    16587    52627    41741    27020    34277        0    19344    36685    46538    45067    20361    47965    26434    45067    42228     4980    14551    26285    23295    75497    26626    38569    36143    32351    17073    39587    36143    36156    47762    47762    62888    32608    23295    60715    10299    33579    29934     6404    36236    36143     8364    18679    20056    37225    33772    31154    30431    34993    45089    38817    33219    62888    36236    55727    40118    57869     4980    47762    36143    26285    20361    42228    52627    33772    48103    30080    31154    70504    50233    41484    55727    29934    75497    28803    40466    28942    36143     6404    75497    32608    24154    37225    12421    45871    33219    11157    45089    16267    20361    36399    15700    46538    39587    15700     7991    30778    23295    33772     7991    33579    24759    27020    25427    26381    51938    50536    26626    48103    48204    23295 
   35293    38889    51517    55937    64839    12436    58297    23654    47508    24253    19344        0    34362    64104    62350    26031    68377    40990    62350    29709    15050    29107    13932    37851    92935    32296    44418    33863    19620    31722    60098    33863    37859    53474    53474    83279    50174    37851    81043    34129    50935    27612    21253    53802    33863    10981    36299    11783    19138    39413    51517    47997    16215    62557    59231    38889    83279    53802    73096    28800    75435    15050    53474    33863    13932    26031    29709    58297    39413    54465    11906    51517    76174    55937    38913    73096    27612    92935    34413    58032    46508    33863    21253    92935    50174    44552    19138    29449    63437    38889    28665    62557    33833    26031    53965    21455    64104    60098    21455    22247    12770    37851    39413    22247    50935    30373    47508    37949    31903    55380    67934    32296    54465    65665    37851 
   64880    19992    68050    35333    41818    33394    39451    43481    64040    60489    36685    34362        0    83506    41454    22514    84909    68610    41454    65909    41425    50502    52699    67571    66633    21865    71448     6450    53144    52979    76630     6450    72038    83609    83609    79800    42964    67571    97575    36685    39647     7097    42510    42360     6450    40824    53684    45580    48731    29286    68050    67411    30915    51711    75763    19992    79800    42360    62250    66330    96695    41425    83609     6450    52699    22514    65909    39451    29286   107612    41500    68050    48807    35333    71404    62250     7097    66633    14028    47116    38880     6450    42510    66633    42964    61084    48731    45929    62048    19992    50741    51711    51714    22514    73336    53685    83506    76630    53685    34663    24309    67571    29286    34663    39647    14049    64040    71194    61827    87926    45461    21865   107612    49424    67571 
   36655    58640    19149    64089    66958    57954    59255    94908    19782    75893    46538    64104    83506        0    45749    53223     8945    27896    45749    69956    49736    45881    68103    38947    76198    54110    24484    66974    75374    43888    11413    66974    62025    73595    73595    27816    32716    38947    25580    49087    33276    76756    40663    33963    66974    53123    30750    66007    81985    45224    19149    17471    84765    24699     9549    58640    27816    33963    29199    81734    20831    49736    73595    66974    68103    53223    69956    59255    45224    61726    74754    19149    80172    64089    67353    29199    76756    76198    58711    28731    37500    66974    40663    76198    32716    24344    81985    44407    18612    58640    36750    24699    31877    53223    13558    50415        0    11413    50415    51907    76872    38947    45224    51907    33276    75545    19782    44632    51547    68083    51197    54110    61726    49425    38947 
   55635    23244    38057    20794    23858    44150    16117    76484    56225    75604    45067    62350    41454    45749        0    25712    48955    58980        0    81171    48264    52363    66631    69259    36342    20816    66939    32978    73903    55619    49595    32978    75299    85575    85575    53084    16777    69259    57154    35810    13554    34357    45770    16211    32978    51370    38211    61383    80514    11979    38057    47370    63949    27316    39810    23244    53084    16211    35534    81445    57080    48264    85575    32978    66631    25712    81171    16117    11979   101847    73282    38057    35271    20794    79296    35534    34357    36342    28352    20941    17158    32978    45770    36342    16777    52601    80514    35243    36413    23244    44353    27316    43202    25712    36334    57027    45749    49595    57027    34258    52844    69259    11979    34258    13554    32534    56225    61929    65088    91187    11341    20816   101847    14343    69259 
   35441    20067    30968    35610    44511    17070    39475    43901    52549    45343    20361    26031    22514    53223    25712        0    54719    56205    25712    49585    23895    29393    36375    62130    63458     8885    59811    22992    43646    31870    65139    22992    50929    62660    62660    61168    20558    62130    67386    14193    21458    16585    21401    24186    22992    24609    21592    29278    43912    13735    30968    55068    33656    33080    45574    20067    61168    24186    43619    50006    64554    23895    62660    22992    36375        0    49585    39475    13735    94718    36681    30968    57352    35610    58250    43619    16585    63458    14311    28416    16323    22992    21401    63458    20558    49593    43912    14183    43888    20067    25842    33080    23211        0    43866    32821    53223    65139    32821     9280    25764    62130    13735     9280    21458    11608    52549    40218    40718    66817    38457     8885    94718    36188    62130 
   40291    60042    20575    65515    68384    59380    60658    97188    26963    81631    47965    68377    84909     8945    48955    54719        0    31533    48955    73621    51162    47516    69529    42583    77557    55616    35277    68377    76801    48035    20360    68377    65690    77324    77324    18871    34152    42583    16635    50513    34725    78158    42581    34234    68377    57397    32177    67410    83412    46650    20575    19337    86191    26125     9671    60042    18871    34234    21824    87472    11886    51162    77324    68377    69529    54719    73621    60658    46650    70943    76180    20575    81575    65515    71045    21824    78158    77557    60138    30186    39004    68377    42581    77557    34152    25770    83412    45896    13651    60042    38176    26125    33316    54719    15527    52049     8945    20360    52049    53333    78298    42583    46650    53333    34725    76972    26963    48267    55212    76063    52595    55616    70943    41340    42583 
    8759    69977    18818    86139    80189    34840    72498    63455     5986    46455    26434    40990    68610    27896    58980    56205    31533        0    58980    42061    26622    19803    44989    11049    89429    62442     5607    68111    52260    15992    18575    68111    34129    45790    45790    46827    36100    11049    44592    34116    46507    61860    20274    47194    68111    30010    20094    40633    58871    59417    18818    15491    55949    37930    22780    69977    46827    47194    42430    52306    43711    26622    45790    68111    44989    56205    42061    72498    59417    39409    51640    18818    93415    86139    39457    42430    61860    89429    64615    42026    47275    68111    20274    89429    36100    12080    58871    29436    31872    69977    22602    37930    19331    56205    24105    25483    27896    18575    25483    32052    61901    11049    59417    32052    46507    60575     5986    16736    23652    44503    64428    62442    39409    62656    11049 
   55635    23244    38057    20794    23858    44150    16117    76484    56225    75604    45067    62350    41454    45749        0    25712    48955    58980        0    81171    48264    52363    66631    69259    36342    20816    66939    32978    73903    55619    49595    32978    75299    85575    85575    53084    16777    69259    57154    35810    13554    34357    45770    16211    32978    51370    38211    61383    80514    11979    38057    47370    63949    27316    39810    23244    53084    16211    35534    81445    57080    48264    85575    32978    66631    25712    81171    16117    11979   101847    73282    38057    35271    20794    79296    35534    34357    36342    28352    20941    17158    32978    45770    36342    16777    52601    80514    35243    36413    23244    44353    27316    43202    25712    36334    57027    45749    49595    57027    34258    52844    69259    11979    34258    13554    32534    56225    61929    65088    91187    11341    20816   101847    14343    69259 
   36012    62443    54412    81476    90378    37975    81851    32546    48047    13176    42228    29709    65909    69956    81171    49585    73621    42061    81171        0    36369    31116    20420    36221   111602    55850    45489    65367    14867    24175    54909    65367     8150    21270    21270    83161    68713    36221    86772    47897    69684    59158    38313    72341    65367    34534    46441    21096    24552    64952    54412    57552    36053    75137    59114    62443    83161    72341    79637    19017    83926    36369    21270    65367    20420    49585        0    81851    64952    29170    24788    54412    99727    81476     6709    79637    59158   111602    59952    76571    65047    65367    38313   111602    68713    47446    24552    48526    74682    62443    37630    75137    48348    49585    65210    17887    69956    54909    17887    43924    41964    36221    64952    43924    69684    55912    48047    28309    16506    25671    86640    55850    29170    79433    36221 
   20793    37959    37153    55068    63970    10919    61728    37446    30218    28418     4980    15050    41425    49736    48264    23895    51162    26622    48264    36369        0    14738    20426    23482    78695    31366    30050    40883    26471    17358    42785    40883    36417    47950    47950    66086    35806    23482    63912    20269    36777    34674     6591    39434    40883     4070    21935    14197    32919    36894    37153    33629    29996    48193    44867    37959    66086    39434    58925    34259    61067        0    47950    40883    20426    23895    36369    61728    36894    48291    25786    37153    75244    55068    43078    58925    34674    78695    33544    43664    32140    40883     6591    78695    35806    27351    32919    15619    49069    37959    14301    48193    19464    23895    39597    10924    49736    42785    10924    14499    26551    23482    36894    14499    36777    29504    30218    25615    26206    52305    53733    31366    48291    51301    23482 
   12176    47036    30657    64096    73572    22956    67227    46429    25787    28182    14551    29107    50502    45881    52363    29393    47516    19803    52363    31116    14738        0    25902    14006    82949    37543    23231    49961    33173     5054    39237    49961    23184    34839    34839    62418    41304    14006    60182    24142    40948    43752     8390    44932    49961    18265    22686    19829    42027    42448    30657    29774    44066    51383    38371    47036    62418    44932    55882    34023    57212    14738    34839    49961    25902    29393    31116    67227    42448    35509    34796    30657    86381    64096    28560    55882    43752    82949    42572    49162    37638    49961     8390    82949    41304    23691    42027    19462    45214    47036    13875    51383    18880    29393    35944     5818    45881    39237     5818    20169    44550    14006    42448    20169    40948    38532    25787    12997    12973    39072    57947    37543    35509    55679    14006 
   39160    49233    56779    67285    76187    23785    68641    23106    48585    12468    26285    13932    52699    68103    66631    36375    69529    44989    66631    20420    20426    25902        0    39662    97061    42640    48417    52157     6896    32410    61152    52157    25972    41689    41689    88541    54173    39662    82279    38636    55144    45948    24958    57801    52157    21324    41561     7886    15214    49785    56779    51996    23976    67819    64493    49233    88541    57801    77292    18309    79434    20426    41689    52157        0    36375    20420    68641    49785    49589    12711    56779    86517    67285    27128    77292    45948    97061    45761    62031    50507    52157    24958    97061    54173    45718    15214    33986    67436    49233    33927    67819    37831    36375    57964    22163    68103    61152    22163    34125    29887    39662    49785    34125    55144    41721    48585    31751    27188    43492    72100    42640    49589    70927    39662 
    5003    68938    29868    92065    90468    31700    71789    61396    17035    40617    23295    37851    67571    38947    69259    62130    42583    11049    69259    36221    23482    14006    39662        0    99844    68367    10078    67071    42410    10195    29625    67071    28289    39860    39860    57877    45867        0    55641    40042    57844    60820    17134    60446    67071    26870    24591    34795    57002    65342    29868    26543    52809    48979    33829    68938    57877    60446    53479    46465    54760    23482    39860    67071    39662    62130    36221    71789    65342    29842    49770    29868    90943    92065    33617    53479    60820    99844    70540    53078    53200    67071    17134    99844    45867    17985    57002    35362    42923    68938    19968    48979    20723    62130    35154    19686    38947    29625    19686    28913    67827        0    65342    28913    57844    66500    17035     7472    17811    34942    74843    68367    29842    72574        0 
   86352    48423    66659    31588    23758    76529    28472   102846    84827   106189    75497    92935    66633    76198    36342    63458    77557    89429    36342   111602    78695    82949    97061    99844        0    58959    97525    58158   104333    86049    78196    58158   105729   116160   116160    67724    47226    99844    73954    66241    44003    59536    76201    46660    58158    81956    68641    91968   110944    50108    66659    77820    89104    55917    68411    48423    67724    46660    56066   112031    78926    78695   116160    58158    97061    63458   111602    28472    50108   132432   103713    66659    20064    31588   109882    56066    59536        0    53506    51391    47743    58158    76201        0    47226    81202   110944    65435    66863    48423    74783    55917    73788    63458    66783    87613    76198    78196    87613    70528    85223    99844    50108    70528    44003    57688    84827    92515    95518   121617    30162    58959   132432    35206    99844 
   43590    13010    38629    30056    40054    23335    31467    50138    58814    51580    26626    32296    21865    54110    20816     8885    55616    62442    20816    55850    31366    37543    42640    68367    58959        0    66048    16931    49911    40019    56256    16931    59079    70809    70809    62065    25138    68367    68282    22343    21912    14768    29550    24572    16931    30846    29253    35515    50177    11551    38629    61305    39921    33977    46470    13010    62065    24572    44515    56271    65442    31366    70809    16931    42640     8885    55850    31467    11551   100955    42946    38629    50294    30056    64487    44515    14768    58959     8757    29303    21145    16931    29550    58959    25138    55858    50177    22333    44775    13010    33991    33977    31361     8885    44763    40970    54110    56256    40970    17429    32028    68367    11551    17429    21912     8328    58814    48367    48868    74967    29338        0   100955    31689    68367 
   12187    72814    22562    89745    88148    38268    80074    83544     9313    49893    38569    44418    71448    24484    66939    59811    35277     5607    66939    45489    30050    23231    48417    10078    97525    66048        0    70948    55688    19420    17643    70948    37557    49128    49128    50571    54585    10078    48335    37722    55525    64697    23702    58126    70948    33438    23838    44084    62299    63023    22562    19190    73401    41673    26523    72814    50571    58126    46173    55734    47454    30050    49128    70948    48417    59811    45489    80074    63023    33488    55068    22562    99429    89745    42885    46173    64697    97525    68221    45706    50881    70948    23702    97525    54585    15823    62299    33043    35587    72814    27833    41673    33257    59811    27848    28911    24484    17643    28911    40542    65508    10078    63023    40542    55525    64181     9313    20164    27080    38587    72524    66048    33488    70255    10078 
   64381    11516    67550    24855    32067    32852    30932    48373    63541    59947    36143    33863     6450    66974    32978    22992    68377    68111    32978    65367    40883    49961    52157    67071    58158    16931    70948        0    58037    52437    76131        0    71497    83067    83067    74825    37990    67071    81043    35943    34673     7551    41968    37385        0    40283    42853    45036    53623    24312    67550    66912    35808    46737    59231    11516    74825    37385    57276    65788    80162    40883    83067        0    52157    22992    65367    30932    24312   107112    46392    67550    48728    24855    70863    57276     7551    58158     8327    42142    33906        0    41968    58158    37990    60585    53623    35933    57074    11516    50242    46737    51215    22992    57524    53143    66974    76131    53143    31029    29201    67071    24312    31029    34673    14502    63541    70695    61285    87385    36985    16931   107112    44450    67071 
   46431    56504    59990    73518    82666    30103    75912    19447    55856     6915    32351    19620    53144    75374    73903    43646    76801    52260    73903    14867    26471    33173     6896    42410   104333    49911    55688    58037        0    38889    68423    58037    23017    36136    36136    91724    61444    42410    89551    45907    62415    51785    32229    65072    58037    28596    48040    15157    11555    57057    59990    59267    22900    73925    67653    56504    91724    65072    84563    12756    86705    26471    36136    58037     6896    43646    14867    75912    57057    44036    11644    59990    93789    73518    21575    84563    51785   104333    52088    69302    57778    58037    32229   104333    61444    52990    11555    41257    74707    56504    39993    73925    45103    43646    65235    29435    75374    68423    29435    40604    27165    42410    57057    40604    62415    48045    55856    34499    28964    40312    79372    49911    44036    77040    42410 
    8364    49513    31225    66527    76956    25536    69083    52781    21978    31934    17073    31722    52979    43888    55619    31870    48035    15992    55619    24175    17358     5054    32410    10195    86049    40019    19420    52437    38889        0    34568    52437    22025    33632    33632    62959    43160    10195    60785    27624    44131    46228    11322    46788    52437    20742    27284    26181    48319    44869    31225    30502    47371    52048    38887    49513    62959    46788    56778    37775    57940    17358    33632    52437    32410    31870    24175    69083    44869    33224    43837    31225    88237    66527    27353    56778    46228    86049    45097    51019    39494    52437    11322    86049    43160    24224    48319    22974    45942    49513    17014    52048    24874    31870    36470    10733    43888    34568    10733    22590    47106    10195    44869    22590    44131    41053    21978    10548    11490    38478    61088    40019    33224    58757    10195 
   27333    60682    14705    66146    69015    51003    61298    88909    12940    65030    39587    60098    76630    11413    49595    65139    20360    18575    49595    54909    42785    39237    61152    29625    78196    56256    17643    76131    68423    34568        0    76131    52705    64366    64366    35653    34792    29625    33511    42267    35365    69879    34302    34874    76131    49118    23710    59131    75035    47281    14705     8912    77814    26756    11606    60682    35653    34874    31256    70871    30665    42785    64366    76131    61152    65139    54909    61298    47281    54578    67803    14705    82215    66146    58087    31256    69879    78196    60768    30826    39644    76131    34302    78196    34792    16522    75035    37617    20671    60682    28853    26756    24007    65139    16167    43770    11413        0    43770    44956    69921    29625    47281    44956    35365    68595    12940    35309    42227    61241    53235    56256    54578    51482    29625 
   64381    11516    67550    24855    32067    32852    30932    48373    63541    59947    36143    33863     6450    66974    32978    22992    68377    68111    32978    65367    40883    49961    52157    67071    58158    16931    70948        0    58037    52437    76131        0    71497    83067    83067    74825    37990    67071    81043    35943    34673     7551    41968    37385        0    40283    42853    45036    53623    24312    67550    66912    35808    46737    59231    11516    74825    37385    57276    65788    80162    40883    83067        0    52157    22992    65367    30932    24312   107112    46392    67550    48728    24855    70863    57276     7551    58158     8327    42142    33906        0    41968    58158    37990    60585    53623    35933    57074    11516    50242    46737    51215    22992    57524    53143    66974    76131    53143    31029    29201    67071    24312    31029    34673    14502    63541    70695    61285    87385    36985    16931   107112    44450    67071 
   28081    68573    52262    85701    95177    46126    88763    40696    40115    21326    36156    37859    72038    62025    75299    50929    65690    34129    75299     8150    36417    23184    25972    28289   105729    59079    37557    71497    23017    22025    52705    71497        0    13338    13338    81013    62840    28289    78840    47304    63811    65288    30381    66469    71497    39802    44291    31073    32702    63929    52262    49620    44204    72988    56942    68573    81013    66469    77586    27167    75995    36417    13338    71497    25972    50929     8150    88763    63929    21238    33042    52262   107917    85701     5547    77586    65288   105729    64157    70699    59174    71497    30381   105729    62840    45033    32702    42654    66750    68573    35480    72988    40416    50929    57278    23836    62025    52705    23836    41774    50115    28289    63929    41774    63811    60137    40115    20378    14356    17739    80768    59079    21238    77284    28289 
   39744    80143    63868    97308   106784    56168   100333    53900    51776    32635    47762    53474    83609    73595    85575    62660    77324    45790    85575    21270    47950    34839    41689    39860   116160    70809    49128    83067    36136    33632    64366    83067    13338        0        0    92618    74411    39860    90382    57354    74160    76858    41602    76762    83067    51338    55897    42643    45821    75659    63868    61191    57323    84594    68570    80143    92618    76762    89094    33120    89501    47950        0    83067    41689    62660    21270   100333    75659    11806    46058    63868   119487    97308    16758    89094    76858   116160    75783    82269    69516    83067    41602   116160    74411    56903    45821    52674    78321    80143    47087    84594    51986    62660    69155    35494    73595    64366    35494    53380    63234    39860    75659    53380    74160    71743    51776    32041    25963     8175    91159    70809    11806    88890    39860 
   39744    80143    63868    97308   106784    56168   100333    53900    51776    32635    47762    53474    83609    73595    85575    62660    77324    45790    85575    21270    47950    34839    41689    39860   116160    70809    49128    83067    36136    33632    64366    83067    13338        0        0    92618    74411    39860    90382    57354    74160    76858    41602    76762    83067    51338    55897    42643    45821    75659    63868    61191    57323    84594    68570    80143    92618    76762    89094    33120    89501    47950        0    83067    41689    62660    21270   100333    75659    11806    46058    63868   119487    97308    16758    89094    76858   116160    75783    82269    69516    83067    41602   116160    74411    56903    45821    52674    78321    80143    47087    84594    51986    62660    69155    35494    73595    64366    35494    53380    63234    39860    75659    53380    74160    71743    51776    32041    25963     8175    91159    70809    11806    88890    39860 
   55585    66491    35499    72076    72485    74304    67107   112090    42257    96533    62888    83279    79800    27816    53084    61168    18871    46827    53084    83161    66086    62418    88541    57877    67724    62065    50571    74825    91724    62959    35653    74825    81013    92618    92618        0    40600    57877     8596    63994    41173    72702    57483    39270    74825    72299    47100    82312    98335    53175    35499    34239   101115    30947    24286    66491        0    39270    18706   102374    14105    66086    92618    74825    88541    61168    83161    67107    53175    86237    94015    35499    77066    72076    86339    18706    72702    67724    66699    36635    45453    74825    57483    67724    40600    40733    98335    60798    23518    66491    53100    30947    48218    61168    30430    66951    27816    35653    66951    68256    93222    57877    53175    68256    41173    70881    42257    63561    70536    91387    48788    62065    86237    39179    57877 
   43176    29656    21511    35116    37985    37303    30271    72392    31530    63249    32608    50174    42964    32716    16777    20558    34152    36100    16777    68713    35806    41304    54173    45867    47226    25138    54585    37990    61444    43160    34792    37990    62840    74411    74411    40600        0    45867    46818    23352     5225    35867    33312     7069    37990    39193    19791    49028    68055    16252    21511    34337    53890    12512    25006    29656    40600     7069    23051    67804    45937    35806    74411    37990    54173    20558    68713    30271    16252    72158    60824    21511    51198    35116    68168    23051    35867    47226    29739     7908     4834    37990    33312    47226        0    26212    68055    22784    23380    29656    31894    12512    24315    20558    23299    44487    32716    34792    44487    27639    45997    45867    16252    27639     5225    33921    31530    49490    52629    78728    22224    25138    72158    19956    45867 
    5003    68938    29868    92065    90468    31700    71789    61396    17035    40617    23295    37851    67571    38947    69259    62130    42583    11049    69259    36221    23482    14006    39662        0    99844    68367    10078    67071    42410    10195    29625    67071    28289    39860    39860    57877    45867        0    55641    40042    57844    60820    17134    60446    67071    26870    24591    34795    57002    65342    29868    26543    52809    48979    33829    68938    57877    60446    53479    46465    54760    23482    39860    67071    39662    62130    36221    71789    65342    29842    49770    29868    90943    92065    33617    53479    60820    99844    70540    53078    53200    67071    17134    99844    45867    17985    57002    35362    42923    68938    19968    48979    20723    62130    35154    19686    38947    29625    19686    28913    67827        0    65342    28913    57844    66500    17035     7472    17811    34942    74843    68367    29842    72574        0 
