dep26 0 0 60
**************************************DATA
9 126 480 8 1.33
**************************************DISTANCE
       0    62914    25410    52756    16749    25410    48579    54759    25501    52971    28321    29818    35667    34029    34029    72359    47966    35667    72359    11239     8331    52065    60560    58379    65152     8966    36756    75098    35667    65075    60120    37897    16536    11532    69530    81049    83506    47966   115490    16862    54759    25410    14882    98383     5375    76697    16749    58379    85481    37000    11239    36765     8966    53686    48579    25319    32211    15308    84480    37000    32211    12765    50488    22149    12469    44538    84596    48579    11532    11353    14882    49970    48579    43914    75535    36756    22149    52756    45252    10032    54876    40512    25410    87012    22149     9063    20395    42864    54759    32211    25410    58455    29818    81189    16536    52971    49992    84480    52827    21399    25410    49970     7585    11353    20097    48252    22149    52065    89259    89259    50056    21143    44538    85183    14882    69530    15498    35583    20097    29887    14882    56915    22149    69530    84480    25319    67760 
   62914        0    37919   104666    44548    37919   100580     9441    42290   103351    45022    31394    95564    26956    26956   122276    93074    95564   122276    58474    54122   104108   110878   108685     8533    67312    44044    12737    95564    44960   110426    25301    74884    64511   120729   131807    18413    93074    57207    85617     9441    37919    71929    40913    67202    23498    44548   108685   137074    30063    58474    24274    67312    11804   100580    85356    83410    77277   133879    30063    83410    75095    99887    80500    76764    32779   135369   100580    64511    52379    71929    17003   100580    95113   124933    44044    80500   104666    25303    73395   104275    90357    37919   137737    80500    69450    75220    50538     9441    83410    37919   108261    31394    22891    74884   103351    99390   133879   104753    42029    37919    17003    69125    52379    72989    99452    80500   104108    64969    64969   102039    81143    32779    27713    71929   120729    49633   102103    72989    37989    71929   106659    80500   120729   133879    85356    17196 
   25410    37919        0    77935    17272        0    73520    27255    12976    76621     8960     8185    68833     9184     9184    95545    66344    68833    95545    30774    21692    77006    84147    81519    40158    20609    22610    51474    68833    50930    83695    12618    25055    35902    94471   105076    41719    66344    72799    44825    27255        0    45670    55433    38866    53073    17272    81519   110343    14643    30774    11919    20609    28691    73520    56977    57152    50547   107620    14643    57152    48365    73629    31186    50061    30393   107736    73520    35902    24753    45670    21921    73520    68855    98675    22610    31186    77935    27252    27027    78016    63652        0   110152    31186    38406    48438    28018    27255    57152        0    81530     8185    45749    25055    76621    73132   107620    78022     7040        0    21921    32504    24753    46730    73193    31186    77006    74418    74418    75309    54413    30393    61558    45670    94471    19076    75503    46730    10137    45670    80030    31186    94471   107620    56977    36369 
   52756   104666    77935        0    64371    77935    15335    96007    67254    34213    70073    82921    12458    81829    81829    39496    19128    12458    39496    50383    67854    18821    39477    46096   106905    49379    95660   116851    12458   130501    44336    79649    50132    45399    23038    46045   125259    19128   157242    33854    96007    77935    38819   140135    49447   118449    64371    46096    38989    78451    50383    96587    49379    95438    15335    24755    23700    37598    45742    78451    23700    41938    37433    61231    39114   116051    50243    15335    45399    57109    38819    91723    15335    16741    81115    95660    61231        0   107963    43406    42803    29675    77935    48465    61231    46478    33598    76368    96007    23700    77935    29872    82921   123510    50132    34213    55571    45742    13695    78454    77935    91723    43945    57109    33414    15008    61231    18821   165588   165588    16683    23283   116051   126935    38819    23038    63048    11939    33414    87431    38819    23671    61231    23038    45742    24755   109512 
   16749    44548    17272    64371        0    17272    60286    36599     6632    63057     9364    22208    55270    21094    21094    81981    52780    55270    81981    12309    11572    63813    70583    68390    47279    21148    34959    57992    55270    70741    70131    19003    28719    18346    80869    91513    66426    52780    98419    45323    36599    17272    32060    80865    21037    59607        0    68390    96780    18027    12309    25943    21148    35680    60286    45061    41728    36983    76712    18027    41728    23384    62533    34335    36470    56781    95075    60286    18346     8081    32060    33143    60286    55631    83455    34959    34335    64371    48555    27230    65321    50063    17272    97443    34335    24652    34925    40334    36599    41728    17272    67966    22208    64102    28719    63057    59715    76712    64458    16565    17272    33143    22960     8081    33314    59870    34335    63813   106180   106180    61745    40849    56781    67665    32060    80869     5720    61808    33314    26754    32060    66365    34335    80869    76712    45061    49727 
   25410    37919        0    77935    17272        0    73520    27255    12976    76621     8960     8185    68833     9184     9184    95545    66344    68833    95545    30774    21692    77006    84147    81519    40158    20609    22610    51474    68833    50930    83695    12618    25055    35902    94471   105076    41719    66344    72799    44825    27255        0    45670    55433    38866    53073    17272    81519   110343    14643    30774    11919    20609    28691    73520    56977    57152    50547   107620    14643    57152    48365    73629    31186    50061    30393   107736    73520    35902    24753    45670    21921    73520    68855    98675    22610    31186    77935    27252    27027    78016    63652        0   110152    31186    38406    48438    28018    27255    57152        0    81530     8185    45749    25055    76621    73132   107620    78022     7040        0    21921    32504    24753    46730    73193    31186    77006    74418    74418    75309    54413    30393    61558    45670    94471    19076    75503    46730    10137    45670    80030    31186    94471   107620    56977    36369 
   48579   100580    73520    15335    60286    73520        0    91830    62879    19991    65612    78456    20477    77341    77341    24946     9610    20477    24946    48488    63677     4221    25255    30505   102819    48433    91206   112765    20477   126416    30114    75251    49185    41222    34793    31823   121657     9610   153649    27344    91830    73520    34734   136050    45749   114364    60286    30505    48721    74274    48488    92410    48433    90910        0    18269    19615    33420    32488    74274    19615    37760    23093    54801    34970   111966    35511        0    41222    52878    34734    88374        0     4345    57661    91206    54801    15335   103786    42459    28463    17226    73520    34306    54801    42392    30032    75421    91830    19615    73520    13359    78456   119333    49185    19991    30703    32488     7144    73300    73520    88374    52146    52878    29328     7718    54801     4221   161411   161411     2802    21608   111966   122850    34734    34793    58871    13914    29328    83002    34734     9051    54801    34793    32488    18269   104958 
   54759     9441    27255    96007    36599    27255    91830        0    33047    95197    35867    23098    87410    18664    18664   113809    89417    87410   113809    49084    45215    95316   102723    99829    14097    59158    35745    18301    87410    42892   102271    16981    66729    55153   112781   123653    24870    89417    63584    77803        0    27255    63980    41354    57814    28742    36599    99829   128732    21909    49084    16078    59158     7169    91830    75287    75462    69123   125930    21909    75462    66941    91939    71171    68372    28442   126046    91830    55153    43063    63980     6315    91830    87165   116985    35745    71171    96007    20701    65240    96327    81963    27255   128463    71171    61502    66748    41265        0    75462    27255   100106    23098    29373    66729    95197    91442   125930    96598    44247    27255     6315    60028    43063    65041    91503    71171    95316    71452    71452    93307    72989    28442    33277    63980   112781    41478    93814    65041    29538    63980    98340    71171   112781   125930    75287    21903 
   25501    42290    12976    67254     6632    12976    62879    33047        0    65939     5067    17912    58152    16803    16803    84863    55662    58152    84863    20133    15153    66365    73466    71272    44529    23578    30662    54475    58152    68125    73013    14624    31149    27099    83830    94395    62874    55662    94867    48852    33047    12976    35030    77759    28863    56074     6632    71272    99662    13730    20133    21646    23578    32127    62879    46336    46511    39865    96979    13730    46511    37683    62988    42220    39421    38417    97957    62879    27099    14112    35030    29347    62879    58214    88034    30662    42220    67254    45003    29660    67376    53012    12976    99512    42220    32551    37797    36038    33047    46511    12976    70848    17912    60550    31149    65939    62491    96979    67340    13429    12976    29347    31712    14112    36090    62552    42220    66365   102628   102628    64627    43731    38417    64559    35030    83830    10663    64863    36090    22458    35030    69389    42220    83830    96979    46336    47137 
   52971   103351    76621    34213    63057    76621    19991    95197    65939        0    68759    81607    39464    80514    80514    16009    18085    39464    16009    52336    66617    16277     8971    12850   105590    70402    94346   115536    39464   129187    14058    78335    66837    45265    53782    12390   123944    18085   155928    47536    95197    76621    39137   138821    49764   117135    63057    12850    69734    76865    52336    85342    70402    94124    19991    35546    27552    44334    15105    76865    27552    42152     8587    72117    43528   114737    25394    19991    45265    55794    39137    90408    19991    20702    20149    94346    72117    34213   106996    60531    13958    19667    76621    23146    72117    53795    39781    99443    95197    27552    76621    15446    81607   121924    66837        0    16198    15105    24346    77140    76621    90408    58083    55794    36615    27257    72117    16277   164002   164002    24737    48200   114737   125621    39137    53782    61806    31292    36615    86117    39137    13847    72117    53782    15105    35546   108198 
   28321    45022     8960    70073     9364     8960    65612    35867     5067    68759        0    13937    60972    12854    12854    87683    58482    60972    87683    22866    17972    69097    76286    73611    47261    24915    26685    57207    60972    55004    75833    11467    34056    29919    86562    97215    65694    58482    97599    51584    35867     8960    37762    80492    31595    58806     9364    73611   102482    10553    22866    17671    24915    35795    65612    49069    49243    42685    99712    10553    49243    40503    65720    40146    42153    34467    99828    65612    29919    16844    37762    22031    65612    60946    90767    26685    40146    70073    32693    32480    70108    55744     8960   102244    40146    35283    40529    32063    35867    49243     8960    73668    13937    63370    34056    68759    65223    99712    70160     9479     8960    22031    34532    16844    38822    65285    40146    69097   105448   105448    67447    46551    34467    67292    37762    86562    13483    67595    38822    18483    37762    72121    40146    86562    99712    49069    49869 
   29818    31394     8185    82921    22208     8185    78456    23098    17912    81607    13937        0    73820     5425     5425   100531    71330    73820   100531    35710    28187    81942    89134    86455    33633    25017    13461    47880    73820    41780    88681    10724    27087    42767    99407   110063    36455    71330    63650    46968    23098     8185    50606    46284    41009    49479    22208    86455   115358    14424    35710     6887    25017    21387    78456    61913    62088    55533   112556    14424    62088    53351    78564    33329    54997    21243   112672    78456    42767    29688    50606    18327    78456    73790   103611    13461    33329    82921    21941    29059    82952    68588     8185   115088    33329    40549    53374    18842    23098    62088     8185    86516        0    40438    27087    81607    78068   112556    83008    11525     8185    18327    34535    29688    51666    78129    33329    81942    69107    69107    80295    59399    21243    41552    50606    99407    25571    80439    51666     7254    50606    84965    33329    99407   112556    61913    31431 
   35667    95564    68833    12458    55270    68833    20477    87410    58152    39464    60972    73820        0    72727    72727    44719    26464        0    44719    41281    47541    23963    44813    51238    97803    42061    71145   107749        0   121399    50847    70548    42822    35846    38225    51176   116157    26464   148141    20941    87410    68833    29717   131033    32044   109348    55270    51238    56598    70097    41281    77554    42061    86336    20477    13479    19128    25078    50884    70097    19128    33223    42575    45517    30013   106949    55385    20477    35846    48007    29717    82621    20477    17731    77927    71145    45517    12458    99209    36041    47945    34091    68833    53607    45517    30313    19695    69032    87410    19128    68833    35201    73820   113840    42822    39464    52384    50884    24725    57881    68833    82621    38665    48007    24272    20150    45517    23963   155883   155883    21954    16108   106949   117833    29717    38225    54019     6065    24272    64276    29717    28813    45517    38225    50884    13479   100411 
   34029    26956     9184    81829    21094     9184    77341    18664    16803    80514    12854     5425    72727        0        0    99439    70237    72727    99439    35636    30311    80827    88041    85848    29195    29229    17433    43443    72727    45743    87589     6287    30927    41674    98292   108970    34611    70237    67601    50808    18664     9184    49492    43801    38823    45041    21094    85848   114237     9990    35636     4986    29229    16887    77341    60798    60973    54440   111442     9990    60973    52258    77450    37002    53883    25206   112532    77341    41674    29542    49492    13963    77341    72676   102496    17433    37002    81829    20144    32899    81838    67520     9184   114900    37002    44389    52383    22809    18664    60973     9184    85423     5425    49944    30927    80514    76953   111442    81916    13798     9184    13963    38376    29542    50552    77015    37002    80827    73074    73074    79202    58306    25206    53527    49492    98292    25239    79266    50552    10773    49492    83822    37002    98292   111442    60798    31024 
   34029    26956     9184    81829    21094     9184    77341    18664    16803    80514    12854     5425    72727        0        0    99439    70237    72727    99439    35636    30311    80827    88041    85848    29195    29229    17433    43443    72727    45743    87589     6287    30927    41674    98292   108970    34611    70237    67601    50808    18664     9184    49492    43801    38823    45041    21094    85848   114237     9990    35636     4986    29229    16887    77341    60798    60973    54440   111442     9990    60973    52258    77450    37002    53883    25206   112532    77341    41674    29542    49492    13963    77341    72676   102496    17433    37002    81829    20144    32899    81838    67520     9184   114900    37002    44389    52383    22809    18664    60973     9184    85423     5425    49944    30927    80514    76953   111442    81916    13798     9184    13963    38376    29542    50552    77015    37002    80827    73074    73074    79202    58306    25206    53527    49492    98292    25239    79266    50552    10773    49492    83822    37002    98292   111442    60798    31024 
   72359   122276    95545    39496    81981    95545    24946   113809    84863    16009    87683   100531    44719    99439    99439        0    31706    44719        0    71261    85656    20745     7808    23864   124515    89791   113270   134461    44719   148111    23057    97259    72545    65002    59066    17984   142868    31706   174852    50672   113809    95545    59006   157745    69633   136059    81981    23864    71140    96253    71261   114389    89791   113048    24946    41573    43887    57663     9933    96253    43887    61540    18683    78049    59301   133661    13089    24946    65002    74719    59006   109332    24946    27748    21326   113270    78049    39496   125765    65818    22565    33277    95545    11311    78049    66665    53785   118561   113809    43887    95545    16897   100531   141312    72545    16009    28382     9933    26067    96064    95545   109332    75926    74719    53600    30167    78049    20745   183390   183390    25849    44967   133661   144545    59006    59066    80850    38327    53600   105041    59006    17513    78049    59066     9933    41573   127122 
   47966    93074    66344    19128    52780    66344     9610    89417    55662    18085    58482    71330    26464    70237    70237    31706        0    26464    31706    42059    61263    12213    26396    29903    95313    65398    84069   105259    26464   118910    28208    68058    50607    40610    38698    29917   113667        0   145651    36049    89417    66344    28860   128544    39487   106858    52780    29903    54649    71861    42059    89997    65398    83847     9610    21000    14123    32279    32572    71861    14123    37148    21239    63425    33810   104460    58205     9610    40610    45517    28860    80131     9610     6508    49144    84069    63425    19128    96719    43881    26610     8762    66344    40594    63425    41173    28294    94169    89417    14123    66344    17680    71330   116919    50607    18085    22761    32572    16696    66862    66344    80131    51533    45517    25128    13548    63425    12213   158998   158998    12558    23029   104460   115343    28860    38698    56457    16746    25128    75840    28860    13379    63425    38698    32572    21000    97921 
   35667    95564    68833    12458    55270    68833    20477    87410    58152    39464    60972    73820        0    72727    72727    44719    26464        0    44719    41281    47541    23963    44813    51238    97803    42061    71145   107749        0   121399    50847    70548    42822    35846    38225    51176   116157    26464   148141    20941    87410    68833    29717   131033    32044   109348    55270    51238    56598    70097    41281    77554    42061    86336    20477    13479    19128    25078    50884    70097    19128    33223    42575    45517    30013   106949    55385    20477    35846    48007    29717    82621    20477    17731    77927    71145    45517    12458    99209    36041    47945    34091    68833    53607    45517    30313    19695    69032    87410    19128    68833    35201    73820   113840    42822    39464    52384    50884    24725    57881    68833    82621    38665    48007    24272    20150    45517    23963   155883   155883    21954    16108   106949   117833    29717    38225    54019     6065    24272    64276    29717    28813    45517    38225    50884    13479   100411 
   72359   122276    95545    39496    81981    95545    24946   113809    84863    16009    87683   100531    44719    99439    99439        0    31706    44719        0    71261    85656    20745     7808    23864   124515    89791   113270   134461    44719   148111    23057    97259    72545    65002    59066    17984   142868    31706   174852    50672   113809    95545    59006   157745    69633   136059    81981    23864    71140    96253    71261   114389    89791   113048    24946    41573    43887    57663     9933    96253    43887    61540    18683    78049    59301   133661    13089    24946    65002    74719    59006   109332    24946    27748    21326   113270    78049    39496   125765    65818    22565    33277    95545    11311    78049    66665    53785   118561   113809    43887    95545    16897   100531   141312    72545    16009    28382     9933    26067    96064    95545   109332    75926    74719    53600    30167    78049    20745   183390   183390    25849    44967   133661   144545    59006    59066    80850    38327    53600   105041    59006    17513    78049    59066     9933    41573   127122 
   11239    58474    30774    50383    12309    30774    48488    49084    20133    52336    22866    35710    41281    35636    35636    71261    42059    41281    71261        0    11693    51974    59863    57670    60713    15828    43678    70659    41281    84309    59411    33457    23399     7729    69439    80792    78911    42059   111050    27033    49084    30774    12398    93943    12233    72257    12309    57670    82791    31528        0    49664    15828    48164    48488    31945    32120    16895    84071    31528    32120    12767    50079    28887    15525    69859    84354    48488     7729     6913    12398    45530    48488    43823    75126    43678    28887    50383    61040    20984    54467    40103    30774    86603    28887    19234    20622    49635    49084    32120    30774    57246    35710    76587    23399    52336    49582    84071    50470    24951    30774    45530    18314     6913    21699    48161    28887    51974   118665   118665    47756    26860    69859    80743    12398    69439    11002    50472    21699    36804    12398    56824    28887    69439    84071    31945    63320 
    8331    54122    21692    67854    11572    21692    63677    45215    15153    66617    17972    28187    47541    30311    30311    85656    61263    47541    85656    11693        0    67163    74144    71676    56361     8568    34799    66307    47541    63118    73691    27548    16139    18824    84628    95073    74715    61263   106699    28003    45215    21692    22433    89591    12327    67906    11572    71676   100579    26642    11693    33079     8568    44894    63677    36460    47309    22690    97777    26642    47309    19939    63785    21009    19357    42581    97893    63677    18824    11617    22433    41179    63677    59011    88832    34799    21009    67854    43295    14650    68173    53809    21692   100309    21009    14702    33327    42375    45215    47309    21692    71526    28187    72718    16139    66617    63289    97777    68018    17681    21692    41179    13759    11617    36887    63350    21009    67163    88864    88864    65305    33120    42581    76391    22433    84628    10072    46724    36887    29399    22433    70186    21009    84628    97777    36460    58969 
   52065   104108    77006    18821    63813    77006     4221    95316    66365    16277    69097    81942    23963    80827    80827    20745    12213    23963    20745    51974    67163        0    26130    26792   106347    51036    94692   116293    23963   129457    26401    78737    51788    44708    38321    28110   125143    12213   157135    29947    95316    77006    38261   139577    49235   117892    63813    26792    52207    77760    51974    95896    51036    94396     4221    20872    23142    36906    28266    77760    23142    41246    19216    57404    38456   115493    31309     4221    44708    56364    38261    91859     4221     7004    39660    94692    57404    18821   107272    45062    24587    20133    77006    30104    57404    45920    33518    78024    95316    23142    77006     9158    81942   122819    51788    16277    26827    28266     8824    76786    77006    91859    45601    56364    32856     9422    57404        0   164897   164897     5092    24210   115493   126377    38261    38321    62357    17400    32856    86488    38261     4850    57404    38321    28266    20872   108444 
   60560   110878    84147    39477    70583    84147    25255   102723    73466     8971    76286    89134    44813    88041    88041     7808    26396    44813     7808    59863    74144    26130        0    16959   113117    77992   101872   123063    44813   136713    16082    85862    74426    52792    59047    12097   131471    26396   163454    55062   102723    84147    46663   146347    57291   124662    70583    16959    76632    84454    59863    92868    77992   101650    25255    40810    43868    51923     7010    84454    43868    49741    11778    79643    51054   122263    17193    25255    52792    63321    46663    97935    25255    25966    18404   101872    79643    39477   114522    68057    15660    23434    84147    14945    79643    61321    47307   106969   102723    43868    84147    14353    89134   129513    74426     8971    21477     7010    34954    84666    84147    97935    65610    63321    44142    32521    79643    26130   171591   171591    31158    44271   122263   133147    46663    59047    69333    36557    44142    93643    46663    22898    79643    59047     7010    40810   115725 
   58379   108685    81519    46096    68390    81519    30505    99829    71272    12850    73611    86455    51238    85848    85848    23864    29903    51238    23864    57670    71676    26792    16959        0   110924    75810    99679   120870    51238   134520     4506    83668    72245    51022    64297     6448   129656    29903   161261    51533    99829    81519    44470   144154    55098   122468    68390        0    79482    82273    57670   100409    75810    99457    30505    44650    39140    49742    16293    82273    39140    47560    10451    77450    48861   120070    23829    30505    51022    61128    44470    95742    30505    31217    12684    99679    77450    46096   111785    66328     5602    23564    81519    21584    77450    59128    43778   104581    99829    39140    81519    27219    86455   127332    72245    12850    17981    16293    36120    82473    81519    95742    61946    61128    40612    37772    77450    26792   169410   169410    36606    47836   120070   130954    44470    64297    66870    41807    40612    91001    44470    24362    77450    64297    16293    44650   113531 
   65152     8533    40158   106905    47279    40158   102819    14097    44529   105590    47261    33633    97803    29195    29195   124515    95313    97803   124515    60713    56361   106347   113117   110924        0    69551    43847     5185    97803    38281   112665    27540    77123    66750   123403   134046    11733    95313    50528    87856    14097    40158    74593    33361    69441    15644    47279   110924   139313    32302    60713    26513    69551    10743   102819    87595    84262    79516   136609    32302    84262    77334   105066    82739    79003    28236   137608   102819    66750    54618    74593    19242   102819    98164   127664    43847    82739   106905    20494    75634   107006    92596    40158   139976    82739    72181    77459    45729    14097    84262    40158   110500    33633    16211    77123   105590   102121   136609   106992    44268    40158    19242    71363    54618    75720   102404    82739   106347    58290    58290   104278    83382    28236    20161    74593   123403    51872   104342    75720    37635    74593   108898    82739   123403   136609    87595    10517 
    8966    67312    20609    49379    21148    20609    48433    59158    23578    70402    24915    25017    42061    29229    29229    89791    65398    42061    89791    15828     8568    51036    77992    75810    69551        0    31955    79497    42061    60275    77793    32159    10659    19595    88762    99175    54950    65398    82144    23265    59158    20609    24265    64778    13878    81096    21148    75810    81633    40432    15828    31965        0    58085    48433    31723    51443    26204   101912    40432    51443    20574    67920    16271    20909    39738   102027    48433    19595    15752    24265    54369    48433    46464    92966    31955    16271    49379    40451     9210    72308    57944    20609   104444    16271    16846    28589    34939    59158    51443    20609    75886    25017    85490    10659    70402    67423   101912    72059    16599    20609    54369    10939    15752    41022    67484    16271    51036    80548    80548    69288    27640    39738    89582    24265    88762    18497    41986    41022    25087    24265    74321    16271    88762   101912    31723    72159 
   36756    44044    22610    95660    34959    22610    91206    35745    30662    94346    26685    13461    71145    17433    17433   113270    84069    71145   113270    43678    34799    94692   101872    99679    43847    31955        0    41236    71145    37479   101420    23374    32661    47248   112157   122801    37783    84069    59348    53667    35745    22610    63356    41982    47709    46303    34959    99679   102167    27072    43678    19535    31955    34037    91206    62125    74838    68271   125306    27072    74838    66089    91315    40028    55986    22624   126364    91206    47248    42439    63356    30977    91206    86541   116361        0    40028    95660    23317    34633    95703    81339    22610   127839    40028    47249    58992     6655    35745    74838    22610    99255    13461    45172    32661    94346    90818   125306    95747    21388    22610    30977    40110    42439    64417    90879    40028    94692    56920    56920    93033    56724    22624    42550    63356   112157    36508    72388    64417     8630    63356    97716    40028   112157   125306    62125    32812 
   75098    12737    51474   116851    57992    51474   112765    18301    54475   115536    57207    47880   107749    43443    43443   134461   105259   107749   134461    70659    66307   116293   123063   120870     5185    79497    41236        0   107749    35399   122611    38856    87069    76696   133349   143992     9385   105259    47646    97802    18301    51474    84539    30527    79387    12763    57992   120870   149259    43618    70659    29408    79497    14947   112765    97541    94208    89462   147322    43618    94208    87280   115012    92685    88949    25652   147554   112765    76696    64564    84539    22916   112765   108110   135935    41236    92685   116851    18659    85580   117719   102542    51474   149922    92685    82894    87405    43118    18301    94208    51474   120446    47880    13330    87069   115536   112834   147322   116938    64896    51474    22916    81309    64564    86433   112350    92685   116293    55408    55408   114224    93328    25652    17327    84539   133349    61818   114288    86433    35024    84539   118844    92685   133349   147322    97541     8168 
   35667    95564    68833    12458    55270    68833    20477    87410    58152    39464    60972    73820        0    72727    72727    44719    26464        0    44719    41281    47541    23963    44813    51238    97803    42061    71145   107749        0   121399    50847    70548    42822    35846    38225    51176   116157    26464   148141    20941    87410    68833    29717   131033    32044   109348    55270    51238    56598    70097    41281    77554    42061    86336    20477    13479    19128    25078    50884    70097    19128    33223    42575    45517    30013   106949    55385    20477    35846    48007    29717    82621    20477    17731    77927    71145    45517    12458    99209    36041    47945    34091    68833    53607    45517    30313    19695    69032    87410    19128    68833    35201    73820   113840    42822    39464    52384    50884    24725    57881    68833    82621    38665    48007    24272    20150    45517    23963   155883   155883    21954    16108   106949   117833    29717    38225    54019     6065    24272    64276    29717    28813    45517    38225    50884    13479   100411 
   65075    44960    50930   130501    70741    50930   126416    42892    68125   129187    55004    41780   121399    45743    45743   148111   118910   121399   148111    84309    63118   129457   136713   134520    38281    60275    37479    35399   121399        0   136261    45523    60286    90346   146922   157642    29294   118910    22605    80700    42892    50930    98122     9458    69948    30939    70741   134520   117121    55898    84309    38229    60275    37560   126416   111191   109603   103112   160072    55898   109603   100930   126080    66360   102600    20518   161204   126416    90346    78215    98122    42838   126416   121306   151126    37479    66360   130501    26416    62953   130468   116193    50930   163572    66360    75540   101055    32488    42892   109603    50930   134096    41780    23851    60286   129187   125583   160072   130588    49762    50930    42838    68429    78215    99182   125645    66360   129457    30367    30367   127874   106978    20518    18943    98122   146922    75468   127938    99182    36949    98122   132494    66360   146922   160072   111191    27839 
   60120   110426    83695    44336    70131    83695    30114   102271    73013    14058    75833    88681    50847    87589    87589    23057    28208    50847    23057    59411    73691    26401    16082     4506   112665    77793   101420   122611    50847   136261        0    85409    73986    52339    63906     5648   131018    28208   163002    53274   102271    83695    46211   145895    56839   124209    70131     4506    79857    84014    59411    92416    77793   101198    30114    46391    40881    51483    15493    84014    40881    49717    10060    79191    50602   121811    23114    30114    52339    62869    46211    97482    30114    30825    11489   101420    79191    44336   114070    67605     6511    25305    83695    20784    79191    60869    45519   106517   102271    40881    83695    25535    88681   128701    73986    14058    19722    15493    34474    84214    83695    97482    65158    62869    42353    37380    79191    26401   170745   170745    34860    48601   121811   132695    46211    63906    68880    41416    42353    93191    46211    23970    79191    63906    15493    46391   115272 
   37897    25301    12618    79649    19003    12618    75251    16981    14624    78335    11467    10724    70548     6287     6287    97259    68058    70548    97259    33457    27548    78737    85862    83668    27540    32159    23374    38856    70548    45523    85409        0    37673    39495    96202   106791    34874    68058    67413    61224    16981    12618    47401    49598    41235    40455    19003    83668   112058     4286    33457     9039    32159    16061    75251    60339    58883    52261   109351     4286    58883    50079    75359    43748    51748    28530   110353    75251    39495    27363    47401     9272    75251    70586   100406    23374    43748    79649    23048    39645    79747    65341    12618   112721    43748    44923    50204    28750    16981    58883    12618    83244    10724    45253    37673    78335    74863   109351    79736    16728    12618     9272    42405    27363    48461    74924    43748    78737    75175    75175    77023    56127    28530    48940    47401    96202    23059    77086    48461    17319    47401    81643    43748    96202   109351    60339    30147 
   16536    74884    25055    50132    28719    25055    49185    66729    31149    66837    34056    27087    42822    30927    30927    72545    50607    42822    72545    23399    16139    51788    74426    72245    77123    10659    32661    87069    42822    60286    73986    37673        0    27166    59454    94960    55656    50607    80439    24017    66729    25055    28748    68821    18059    88667    28719    72245    71836    39745    23399    33664    10659    65656    49185    32475    43450    30345    98346    39745    43450    26632    64355     6474    26335    40444    98462    49185    27166    23323    28748    61941    49185    47216    89401    32661     6474    50132    41157     5250    68742    54378    25055   100879     6474    17599    29341    30416    66729    43450    25055    62238    27087    59693        0    66837    63858    98346    55765    23008    25055    61941    11692    23323    36166    51191     6474    51788    75723    75723    52994    28298    40444    60752    28748    59454    26068    42738    36166    25793    28748    56638     6474    59454    98346    32475    50631 
   11532    64511    35902    45399    18346    35902    41222    55153    27099    45265    29919    42767    35846    41674    41674    65002    40610    35846    65002     7729    18824    44708    52792    51022    66750    19595    47248    76696    35846    90346    52339    39495    27166        0    62173    73721    85104    40610   117088    17225    55153    35902     7525    99980     7812    78295    18346    51022    78124    37597     7729    55733    19595    55283    41222    24679    24854     8916    77123    37597    24854     4535    43131    32641     6721    55031    77239    41222        0    12950     7525    51568    41222    36557    68178    47248    32641    45399    68156    21276    47519    33155    35902    79655    32641    12416    13039    53402    55153    24854    35902    50174    42767    82656    27166    45265    42635    77123    45034    31892    35902    51568    18746    12950    12740    40895    32641    44708    99891    99891    42699    21425    55031    86780     7525    62173    17071    43206    12740    40380     7525    49558    32641    62173    77123    24679    69358 
