dep72 0 0 60
**************************************DATA
13 186 480 8 1.33
**************************************DISTANCE
       0    58136    53829    24529    41045    12196    49908    80977    56785    22519    80849    27220    33233    84500    71019    20456    90016    55417    24401    48078    54505    65276    59998    80977    41101    88717    28985    74366    84985    83705    48777    19780    81538    41356    55283    65875    56003    38871    63613    45674    75135    53139    20135    49451    43056    60898    77145    21998    58845    36056     8132    22297    46282    35211    60898    42400    61450    21998    22691    58845    23458    47158    54310    22691    14090    74037    31734    37567    19205    76263    44728    81823    35691    45211    63613    51306    22691    36382    66703    65067    65075    51409    43056    42400    31388    74618    41989    21100    30469    38435    41356    58136    66703    36056    71019    76263    37817    25842    69107    33709    21128    23100    37567    43973    48078    25546    41356    40955    49039    47340    27220    23458    19780    53829    71019    24994    84500    65106    58136    64942    60908    84500    25842    36382    65075    25546     8132    48577    42400    30469    63127    65875    51782    40883    17857    19968    63613    83394    61450    46220    60908    51409    18334    55283    33233    48172    59579    39549    57237    60908    61328    71728    48172    48078    64250    84596    51539    51901    39549    47158    52258    53829    88717    88277    31811    17857    22519    31388     9321    27178    24994    41356    10377    45674    81554    48577    40002    36056    88717    14090    22691    45463    20135    40002    33233    60463    52258 
   58136        0    40405    34896    43560    47249    37277    79399    36890    88305    53018    45516    42217    36070    46301    43227    36586    33972    39437    40985    11102    18187    58976    79399    22339    56087    33826    29566    30016    82607    28791    47410    37955    40832     8523    37849    54424    47740    22467    53529    44506    13304    83864    47471    42531    59319    76037    44512    17146    59188    57769    91781    14223    29048    59319    20500    27426    44512    50926    17146    84176    31289    24754    50926    54977    72933    31386    53016    82260    31161    10638    33609    38884    65282    22467    35473    50926    50431    19943    32010    20275    49448    42531    20500    40030    40076    17221    41640    72587    21273    40832        0    19943    59188    46301    31161    33956    45498    24085    58880    61577    43693    53016    29555    40985   100528    40832    21125     6703    39728    45516    84176    47410    40405    46301    39221    36070    21907        0    36961    19921    36070    45498    50431    20275   100528    57769    48052    20500    72587    41644    37849    24580    63219    42670    41563    22467    27777    27426    63517    19921    49448    77088     8523    42217    68465    12819    37620    34716    19921    16225    26928    68465    40985    18981    36911    11718    49935    37620    31289    15924    40405    56087    40189    32651    42670    88305    40030    52784    91287    39221    40832    61489    53529    79976    48052    41277    59188    56087    54977    50926    27452    83864    41277    42217    41849    15924 
   53829    40405        0    29501    18371    38893     6264    40098    11957    72143    28941    25516    21427    41872    18670    45701    35249    67189    44795    66466    45432    47630    17667    40098    50246    30784    38661    65294    67668    35849    12396    41898    63523    15642    37966    10756    13086    27740    26498    80491    30740    35839    67702     8121     9989    17981    36736    39000    41545    28775    49413    75619    29295    46879    17981    42755    70594    39000    52589    41545    68013    13758    11703    52589    40459    33632    51321    23612    66098    66888    35342    63807    17586    34347    26498    60450    52589    55605    49386    22672    56002    13686     9989    42755    58089    30388    24689    27778    56425    25483    15642    40405    49386    28775    18670    66888    54887    25273    47468    86468    41577    25970    23612    13568    66466    84366    15642    16257    37462     3605    25516    68013    41898        0    18670    40236    41872    42720    40405    76714    22878    41872    25273    55605    56002    84366    49413    22863    42755    56425     7211    10756    14637    32284    36715    33207    26498    65648    70594    32581    22878    13686    60926    37966    21427    27127    42262    14428    68985    22878    51953    62656    27127    66466    48424    44603    33829    12209    14428    13758    21703        0    30784    39300    34349    36715    72143    58089    44428    75125    40236    15642    55534    80491    40675    22863    74320    28775    30784    40459    52589    17478    67702    74320    21427    72234    21703 
   24529    34896    29501        0    30775    13642    26372    70707    33339    58957    59890    18091    23134    63632    60749    16081    53360    38234    19033    39756    31058    41500    49899    70707    23918    78447    12899    50919    61538    73915    25239    13459    60670    31086    31837    55605    45733    28601    40372    36339    51523    29692    42470    37726    32786    50628    67346     9969    35398    41674    24161    57338    22695    18028    50628    19160    48779     9969    24150    35398    49732    27738    30529    24150    25387    64241    15973    43271    47817    52514    20968    60955    16656    55537    40372    34123    24150    29843    43257    41620    41628    39702    32786    19160    22402    51171    18543    10831    58135    14988    31086    34896    43257    41674    60749    52514    25581    11925    45661    42061    31206    12884    43271    18651    39756    40101    31086    17715    25593    28824    18091    49732    13459    29501    60749    13948    63632    41659    34896    47759    37461    63632    11925    29843    41628    40101    24161    38307    19160    58135    38093    55605    28106    53474     9020     4111    40372    62795    48779    53771    37461    39702    37759    31837    23134    59774    36133    27874    40850    37461    37579    48281    59774    39756    40803    63728    27954    40189    27874    27738    28811    29501    78447    67492     8586     9020    58957    22402    19177    56844    13948    31086    27919    36339    71284    38307    34987    41674    78447    25387    24150    19369    42470    34987    23134    43280    28811 
   41045    43560    18371    30775        0    36214    15252    62098    27484    62410    55502     9460     7697    57950    45232    38558    63584    66928    38549    66927    45860    50626    28305    62098    50585    62761    32287    65553    70873    44219    20307    42054    54813     2876    41635    29430    24598     6764    49056    80348    45161    38758    57971    15175     7576    26442    51798    32445    44461    18626    46684    62681    32307    47409    26442    43025    66512    32445    46495    44461    55154    18291    30299    46495    25397    48690    51845    12063    52949    67147    35612    55122     6863    24128    49056    60777    46495    49359    52396    41244    55953    11522     7576    43025    58665    44859    27574    22847    35998    25357     2876    43560    52396    18626    45232    67147    55205    12863    64755    74475    25524    17352    12063    15105    66927    71362     2876    21917    40248    14614     9460    55154    42054    18371    45232    33807    57950    63742    43560    76418    46530    57950    12863    49359    55953    71362    46684     5485    43025    35998    25415    29430    27772    22369    23931    30524    49056    56963    66512    22667    46530    11522    51184    41635     7697    24250    45273     6740    69447    46530    52212    62915    24250    66927    49855    58148    36983    17625     6740    18291    37764    18371    62761    61845    27975    23931    62410    58665    41749    60414    33807     2876    35393    80348    55552     5485    74196    18626    62761    25397    46495    13068    57971    74196     7697    71968    37764 
   12196    47249    38893    13642    36214        0    35950    76146    45848    32521    76185    23530    28569    79669    65914    13136    66107    48078    17081    39683    44088    54388    55334    76146    33762    83443    21665    63428    74047    79041    37890     8843    76707    36525    45324    60794    50747    34040    52725    43581    64248    42202    30103    44787    38225    56067    72481    11111    47908    37175    11729    32265    35395    27872    56067    35079    54110    11111    20655    47908    27325    27715    43423    20655    15209    69373    24413    48710    21876    65376    33840    76992    30860    48800    52725    43954    20655    29892    55766    54129    54137    46745    38225    35079    22476    63946    31052    16269    34531    27497    36525    47249    55766    37175    65914    65376    29438    21178    58629    33160    22142    18436    48710    29036    39683    31251    36525    30068    38102    42509    23530    27325     8843    38893    65914    15424    79669    54421    47249    57509    49970    79669    21178    29892    54137    31251    11729    45316    35079    34531    58463    60794    40895    39557     9164     9031    52725    78730    54110    47339    49970    46745    25392    45324    28569    64841    48642    34885    50537    49970    50440    61143    64841    39683    53313    79765    40652    47237    34885    27715    41433    38893    83443    83613    20543     9164    32521    22476     6686    34474    15424    36525    15551    43581    76723    45316    34205    37175    83443    15209    20655    31878    30103    34205    28569    53123    41433 
   49908    37277     6264    26372    15252    35950        0    43261    15378    68234    35032    22398    18298    43273    24630    41858    36737    64071    41848    63337    42270    44342    23758    43261    46995    36885    35587    61963    64550    39967     8200    38780    60405    12703    35352    16847    19171    24920    28700    76758    33055    32720    63795     8650     9185    22085    42082    35745    38426    27787    46420    72501    26024    43761    22085    39435    67476    35745    49795    38426    64017    11162    14053    49795    37331    38974    48255    24709    61812    63557    32022    60689    14386    33289    28700    57187    49795    52659    46268    25033    52884    12881     9185    39435    45063    32753    21571    24660    53919    22365    12703    37277    46268    27787    24630    63557    51615    22247    48676    83339    38760    22944    24709    11471    63337    81248    12703    13128    34344     4595    22398    64017    38780     6264    24630    37107    43273    44469    37277    72828    25061    43273    22247    52659    52884    81248    46420    19790    39435    53919    13301    16847    11526    31530    32794    30089    28700    62786    67476    31828    25061    12881    57008    35352    18298    25392    39144    11343    65857    25061    48622    59325    25392    63337    45306    63462    30700    12737    11343    11162    18583     6264    36885    47420    31274    32794    68234    45063    41485    69278    37107    12703    52416    76758    46776    19790    71202    27787    36885    37331    49795    14360    63795    71202    18298    69116    18583 
   80977    79399    40098    70707    62098    76146    43261        0    56690    72901    38040    62969    53945    61665    30648    87440    67304   110044    97773   102766    81699    86464    21756        0    86424    32041    90124   101392   113558     8294    49001    83729    98254    51985    77474    41120    26205    41776    63726   116187    43138    81729    68462    35404    38746    22852     5376    81327    87435    38738    86617   109235    68146    89734    22852    78864   113449    81327    95376    87435    95086    56250    48475    95376    57761    10086    87684    32930    92881   102986    71451    98539    49751    29008    63726    96616    95376   105561    95276    60445    98857    34921    38746    78864    94504    50145    70579    69542    54626    76430    51985    79399    95276    38738    30648   102986    91044    57184   100594   114408    49980    64833    32930    53065   102766   117982    51985    64203    82822    40618    62969    95086    83729    40098    30648    85281    61665    99581    79399   112257    59061    61665    57184   105561    98857   117982    86617    40037    78864    54626    38790    41120    52040    34018    63863    77095    63726    92802   113449    28409    59061    34921    61675    77474    53945    21405    88153    48641   105286    59061    88051    98754    21405   102766    94314   101312    72822    32619    48641    56250    73603    40098    32041    60008    68495    63863    72901    94504    81682   100347    85281    51985    89150   116187    10522    40037   117175    38738    32041    57761    95376    63477    68462   117175    53945   115089    73603 
   56785    36890    11957    33339    27484    45848    15378    56690        0    80466    28051    34928    30530    28731    16059    48824    22196    62952    48659    62951    41884    27136    26265    56690    46609    31796    42398    61577    56024    46307    11241    46071    34281    24935    23982    11244    23478    37152    15566    76371    19710    19659    76027    22464    21311    28531    46389    42711    20879    43504    56318    83776    18874    43432    28531    39049    62535    42711    56761    20879    76249    18440     5446    56761    55035    43281    47869    36941    74044    63171    31636    31292    26618    48805    15566    56801    56761    59469    32282    10457    51977    25007    21311    39049    54688    19408    20904    40597    66151    23601    24935    36890    32282    43504    16059    63171    51229    34479    31377    74647    50992    35176    36941    23703    62951    92346    24935    15888    36272    15034    34928    76249    46071    11957    16059    43918    28731    26384    36890    72442    11927    28731    34479    59469    51977    92346    56318    32022    39049    66151    11706    11244     9011    47247    41439    40158    15566    30592    62535    47126    11927    25007    69240    23982    30530    37572    30470    23575    65470    11927    48236    58939    37572    62951    26273    32249    18372    26551    23575    18440    14720    11957    31796    32879    38085    41439    80466    54688    51383    81510    43918    24935    60258    76371    50143    32022    70944    43504    31796    55035    56761    22057    76027    70944    30530    67992    14720 
   22519    88305    72143    58957    62410    32521    68234    72901    80466        0    99163    44384    56641   102826    89345    40735   108329   111654    44680    62654    89897    95371    78312    72901    94711   107043    49122   109758   115168    63052    71947    40026    99864    59682    85467    84201    74329    47907    93801    49462   100937    83339     7443    67765    61382    79224    95942    44984    89045    42920    22512     7261    77052    91344    79224    62536   115059    44984    40047    89045    19669    65472    77480    40047    27458    64542    51870    45369    17754   111353    79807   100149    57735    45305    93801   104915    40047    44117    96887    87645   100467    69723    61382    62536    50075    97196    72189    50575    30991    78041    59682    88305    96887    42920    89345   111353    55320    55370   109782    39089    27299    53082    45369    62286    62654    27361    59682    73109    84432    65666    44384    19669    40026    72143    89345    45131   102826   108769    88305    81685    91108   102826    55370    44117   100467    27361    22512    66903    62536    30991    81441    84201    74953    44303    37723    40294    93801   101708   115059    46789    91108    69723    11436    85467    56641    59219    89763    57862   114192    91108    96958   107121    59219    62654    95924   102922    81728    70214    57862    65472    82458    72143   107043   106686    51948    37723        0    50075    30807    12195    45131    59682    21067    49462    99880    66903    57605    42920   107043    27458    40047    63789     7443    57605    56641    77205    82458 
   80849    53018    28941    59890    55502    76185    35032    38040    28051    99163        0    56373    54258    27618    11146    76553    24476    90336    75810    89502    68580    50338    24699    38040    73393     4338    69676    80789    76057    40436    37262    72750    33675    52774    47670    18209    29499    58598    30551   103639     9233    42486    94721    31502    37255    27717    32856    69852    45580    50405    86705   102639    45466    70027    27717    65903    78648    69852    83441    45580    95033    44991    30720    83441    75970    33681    74469    46043    93118    78680    58490    35318    50827    50769    30551    83598    83441    92644    55046    22312    72353    36357    37255    65903    81237    16206    43980    62946    83445    49733    52774    53018    55046    50405    11146    78680    78035    56355    46217   114721    72435    64999    46043    42336    89502   111386    52774    42439    55808    33465    56373    95033    72750    28941    11146    70469    27618    42282    53018    99861    34619    27618    56355    92644    72353   111386    86705    59995    65903    83445    23030    18209    34258    50764    63735    70499    30551    39987    78648    46387    34619    36357    87946    47670    54258    36847    52703    48954    92021    34619    74787    78151    36847    89502    47003    31944    42093    34042    48954    44991    37411    28941     4338    26053    65363    63735    99163    81237    81720   102145    70469    52774    82554   103639    27925    59995    97468    50405     4338    75970    83441    46397    94721    97468    54258    95382    37411 
   27220    45516    25516    18091     9460    23530    22398    62969    34928    44384    56373        0     5184    59906    46103    34823    65540    69553    34987    68883    47817    52582    35522    62969    52541    63632    28726    67509    73067    59230    25320    30695    56769    11822    43591    40982    30936     6736    51012    82304    58148    40714    39945    24976    20009    37123    52669    28710    46417    18694    34001    58283    34263    49365    37123    44982    72958    28710    42760    46417    50756    18844    30853    42760    15646    49561    53801    17614    48551    69104    37569    57078     8668    29090    51012    62733    42760    47838    54352    42107    57909    26934    20009    44982    38202    61796    30088     7942    27700    22503    11822    45516    54352    18694    46103    69104    57161     5172    66711    70078    17226     7343    17614    15659    68883    67027    11822    30320    42331    24415        0    50756    30695    25516    46103    32665    59906    65698    45516    78374    48486    59906     5172    47838    57909    67027    34001    10707    44982    27700    38652    40982    28326    23520    11247    17840    51012    58919    72958    27628    48486    26934    33158    43591     5184    29581    47662    15073    71403    48486    54168    64871    29581    68883    51811    60104    38939    27425    15073    18844    39720    25516    63632    63801    24413    11247    44384    38202    29065    56017    32665    11822    24186    82304    57779    10707    76684    18694    63632    15646    42760    13622    39945    76684     5184    73924    39720 
   33233    42217    21427    23134     7697    28569    18298    53945    30530    56641    54258     5184        0    57468    43987    34472    63079    66295    33566    65584    44539    49772    32224    53945    49352    61684    27432    64400    69810    57153    21328    30669    54506     6621    40108    38843    28971     7409    47713    79597    47612    37981    52650    20963    11497    33866    50583    27771    43687    20467    39088    55022    31438    45986    33866    41861    69701    27771    41359    43687    47417    17809    26618    41359    21122    47479    50428    18280    45501    65995    34448    54790     3512    30546    47713    59557    41359    44376    51528    37709    55109    16987    11497    41861    57196    47260    26831    15329    30326    19246     6621    42217    51528    20467    43987    65995    53994     5167    64424    66786    21246     8573    18280    10576    65584    63770     6621    17933    39073    20308     5184    47417    30669    21427    43987    37652    57468    63411    42217    75820    45749    57468     5167    44376    55109    63770    39088    11658    41861    30326    28464    38843    24194    28483    16119    22883    47713    56631    69701    28780    45749    16987    45874    40108        0    30407    44404     8808    68104    45749    51059    61762    30407    65584    50566    57563    36242    23427     8808    17809    37100    21427    61684    61328    23119    16119    56641    57196    34104    54528    37652     6621    32159    79597    54522    11658    73427    20467    61684    21122    41359    13853    52650    73427        0    71341    37100 
   84500    36070    41872    63632    57950    79669    43273    61665    28731   102826    27618    59906    57468        0    31343    85712     8280    89126    83959    88952    45447    25198    44896    61665    72610    31363    76310    64185    49640    65779    37355    66484     7258    55548    31088    34200    69183    62950    22236   102373    18850    25266    98254    45419    56922    48018    55157    73005    20420    74117    90140   106172    33717    68816    48018    65051    62045    73005    87055    20420    98566    45084    30813    87055    79181    57250    73870    67407    96404    60350    57638     6674    53275    79620    22236    82802    87055    91747    29886    19655    53291    64065    56922    65051    80690    14634    35295    66479    88512    55513    55548    36070    29886    74117    31343    60350    77230    60707    21067   114441    76790    68356    67407    56628    88952   114919    55548    42532    41321    45486    59906    98566    66484    41872    31343    81706        0    17142    36070    98443    25224        0    60707    91747    53291   114919    90140    62635    65051    88512    34661    34200    34378    77861    67386    74032    22236    14836    62045    78158    25224    64065    91600    31088    57468    57044    33640    52205    91472    25224    50860    59800    57044    88952    21842     5526    30130    64556    52205    45084    30603    41872    31363     6126    68379    67386   102826    80690    85205   103870    81706    55548    86087   102373    51550    62635    96257    74117    31363    79181    87055    46451    98254    96257    57468    94171    30603 
   71019    46301    18670    60749    45232    65914    24630    30648    16059    89345    11146    46103    43987    31343        0    77481    27411    93177    68853    92808    71420    42052    14429    30648    76234    14162    80166    91282    71096    35311    24828    65783    37401    42503    41281     7938    19229    48327    23834   106479    12920    35474    84451    21231    26984    17446    25730    71369    33515    40134    76434    92368    39068    72867    17446    68906    96582    71369    85418    33515    84762    38634    24364    85418    65699    26928    77726    35773    82847    72110    61493    39043    40556    37809    23834    86438    85418    95485    46627    15345    81990    26086    26984    68906    84545    19927    37013    52675    75030    42766    42503    46301    46627    40134        0    72110    81086    47226    39607   104450    62164    54875    35773    33096    92808   101115    42503    36082    65955    23194    46103    84762    65783    18670        0    64112    31343    34859    46301   102702    24232    31343    47226    95485    81990   101115    76434    49724    68906    75030    13569     7938    27928    40507    53464    60228    23834    43779    96582    36130    24232    26086    78119    41281    43987    26576    45691    38683    95327    24232    78093    88644    26576    92808    38083    35669    35736    23784    38683    38634    31082    18670    14162    29790    58279    53464    89345    84545    71723    90389    64112    42503    72283   106479    25314    49724   100308    40134    14162    65699    85418    39430    84451   100308    43987    98222    31082 
   20456    43227    45701    16081    38558    13136    41858    87440    48824    40735    76553    34823    34472    85712    77481        0    70071    36484     5525    29165    32889    58353    60085    87440    22168    95179    10048    51515    56862    83792    41854     5039    82750    38391    47322    55569    62465    45333    56690    21713    68212    45178    40023    45700    40090    67360    84078     8093    50884    49029    18327    40387    39359    16279    67360    23462    42517     8093     9218    50884    33859    34523    47387     9218    27063    74123    12796    50575    29605    52411    31033    83035    32142    63213    56690    32373     9218    13015    58742    57106    44088    47658    40090    23462    10449    66657    34028    27563    46385    30474    38391    43227    58742    49029    77481    52411    17400    33041    61146    21464    34310    30299    50575    35845    29165    29221    38391    34032    38332    44310    34823    33859     5039    45701    77481     6057    85712    57145    43227    46009    52947    85712    33041    13015    44088    29221    18327    45611    23462    46385    52738    55569    44859    61454    21838    13556    56690    84111    42517    61751    52947    47658    37246    47322    34472    61009    47604    35798    38324    52947    37055    48877    61009    29165    56289    85808    44616    48149    35798    34523    44297    45701    95179    88993    12874    21838    40735    10449    11734    40910     6057    38391    27413    21713    88016    45611    21093    49029    95179    27063     9218    34855    40023    21093    34472    41530    44297 
   90016    36586    35249    53360    63584    66107    36737    67304    22196   108329    24476    65540    63079     8280    27411    70071        0    94760    69328    94563    43164    25714    41755    67304    77816    27536    81921    61628    55274    62640    30732    66268    12742    60856    28509    28053    40292    67764    15613   108062    15709    22709   103888    38796    45540    45187    63942    63370    17862    79728    76627   111805    34233    74450    45187    50956    59487    63370    76782    17862   104200    38461    24190    76782    84791    54109    79481    73041   102285    57116    40178    10599    58909    65138    15613    88021    76782    97067    27221    13120    50789    44959    45540    50956    85660    11279    32737    72112    94122    39704    60856    36586    27221    79728    27411    57116    82458    65522    18726   120052    81602    73967    73041    43412    94563   120553    60856    35909    38764    39156    65540   104200    66268    35249    27411    63939     8280    14564    36586   104284    18689     8280    65522    97067    50789   120553    76627    68077    50956    94122    28038    28053    27755    83244    72902    60421    15613    15352    59487    63459    18689    44959    97112    28509    63079    53905    31138    57815    97083    18689    51376    57267    53905    94563    19285    11011    30646    42884    57815    38461    25397    35249    27536    12399    58106    72902   108329    85660    71642   111311    63939    60856    91721   108062    48301    68077   101891    79728    27536    84791    76782    39916   103888   101891    63079    99805    25397 
   55417    33972    67189    38234    66928    48078    64071   110044    62952   111654    90336    69553    66295    89126    93177    36484    94760        0    29335    10078    23066    43875    82597   110044    18010   110706    27082    15665    33695   106304    55637    39922    85989    64376    41760    88056    78010    71777    68508    23499    81996    58210   107215    70934    65968    82688    99743    36886    63913    82945    53130    69694    51759    20206    82688    25864    11092    36886    36954    63913    58401    51988    61170    36954    75800    96635    24642    76382    56360    23435    43432    86297    62141    88447    68508     4695    36954    32260    40859    71233    18030    72892    65968    25864    24820    81694    46240    75130    97339    41769    64376    33972    40859    82945    93177    23435    18628    69535    56545    35567    85617    57196    76382    57332    10078    50799    64376    47816    32595    70373    69553    58401    39922    67189    93177    32478    89126    70204    33972     9882    65983    89126    69535    32260    18030    50799    53130    71463    25864    97339    85726    88056    54889    86688    62204    40862    68508    88138    11092    86985    65983    72892   100427    41760    66295    92104    38127    61032     5138    65983    18478    15525    92104    10078    48584    89323    56435    73384    61032    51988    57216    67189   110706    93020    31439    62204   111654    24820    46700    69135    32478    64376    95065    23499   103344    71463    17393    82945   110706    75800    36954    55295   107215    17393    66295     7659    57216 
   24401    39437    44795    19033    38549    17081    41848    97773    48659    44680    75810    34987    33566    83959    68853     5525    69328    29335        0    22602    31136    57610    59179    97773    20415    78279     8184    44366    53286    82886    41111     8985    80997    38381    47157    55560    72799    39685    55947    19332    67469    45013    43968    44794    40081    77694    94411    11579    50719    52106    22272    44332    38616    14525    77694    19673    35368    11579    13164    50719    37804    33617    46644    13164    31008    73217     8968    50566    33551    45847    29500    81282    32132    62307    55947    25224    13164    11496    53883    56941    36939    46752    40081    19673     5395    66492    33863    31583    78604    30308    38381    39437    53883    52106    68853    45847    12346    30440    60981    19945    38255    33240    50566    34939    22602    33166    38381    33290    36578    44300    34987    37804     8985    44795    68853     5893    83959    56980    39437    38860    52781    83959    30440    11496    36939    33166    22272    45602    19673    78604    51832    55560    44117    60548    25783    17501    55947    81699    35368    60845    52781    46752    45226    47157    33566    60103    45851    34892    31761    52781    30491    41728    60103    22602    56124    84055    43874    47243    34892    33617    44132    44795    78279    87819    11010    25783    44680     5395    15679    45444     5893    38381    31358    19332    98350    45602    17980    52106    78279    31008    13164    34690    43968    17980    33566    34381    44132 
   48078    40985    66466    39756    66927    39683    63337   102766    62951    62654    89502    68883    65584    88952    92808    29165    94563    10078    22602        0    30453    69180    82459   102766    19718   110506    30808    25537    43490   105974    54851    31587    85990    64199    59516    87664    77792    71108    67703    14665    81135    57389    65446    70839    65899    82687    99404    31803    63095    82555    43169    61035    50846    23926    82687    33201    20614    31803    30345    63095    49703    57350    60141    30345    75663    96300    22886    76384    47498    33284    43534    86275    62252    88650    67703     8911    30345    23406    70936    71232    27256    72815    65899    33201    18087    80783    46239    75455    95955    41768    64199    40985    70936    82555    92808    33284    12104    68865    73357    26711    84945    77508    76384    55616        0    41901    64199    47678    48159    70183    68883    49703    31587    66466    92808    27789    88952    69355    40985    19603    65157    88952    68865    23406    27256    41901    43169    71420    33201    95955    67705    87664    57718    86587    76245    37725    67703    88116    20614    86884    65157    72815   100456    59516    65584    91833    63812    60987    12642    65157    27730    25047    91833        0    69974    89048    55650    73302    60987    57350    56507    66466   110506    92812    31559    76245    62654    18087    39356    60290    27789    64199    53960    14665   103343    71420     5970    82555   110506    75663    30345    53512    65446     5970    65584    15124    56507 
   54505    11102    45432    31058    45860    44088    42270    81699    41884    89897    68580    47817    44539    45447    71420    32889    43164    23066    31136    30453        0    21739    60840    81699    11859    88949    23487    20334    24447    84548    33881    36576    64924    43132    17900    66300    56254    50041    32130    43132    60239    22681    86164    49178    44832    61620    77987    33290    26522    61188    49534    94082    23838    18877    61620    10160    18194    33290    40588    26522    86476    30231    33569    40588    52755    74879    21047    55317    84561    21901    10863    42985    41185    66691    32130    24896    40588    40063    23220    41386    11043    51136    44832    10160    29662    49750    25172    38479    75583    18560    43132    11102    23220    61188    71420    21901    23470    33454    33462    48512    63861    34151    55317    35576    30453    60758    43132    26060     9858    49116    47817    86476    36576    45432    71420    28882    45447    31584    11102    26570    29298    45447    33454    40063    11043    60758    49534    50353    10160    75583    63969    66300    29685    64932    39159    38403    32130    37454    18194    65229    29298    51136    78671    17900    44539    70348    15188    39275    24232    29298     6966    17669    70348    30453    28357    46287    21391    51627    39275    30231    25591    45432    88949    49869    22240    39159    89897    29662    49103    90941    28882    43132    58329    43132    82276    50353    30796    61188    88949    52755    40588    32446    86164    30796    44539    34150    25591 
   65276    18187    47630    41500    50626    54388    44342    86464    27136    95371    50338    52582    49772    25198    42052    58353    25714    43875    57610    69180    21739        0    66073    86464    32975    51838    44477    39469    30376    89781    28153    54550    25175    47897    11966    35019    61490    54806    17676    83380    41652    13332    90930    54411    49597    66385    83103    51652     9531    66421    64908    98847    21289    49768    66385    31136    37329    51652    65240     9531    91241    32429    25711    65240    63197    80112    42023    60082    89326    32592    25450    22424    45950    71924    17676    46109    65240    61068     6898    27760    26265    56369    49597    31136    60978    35827    23361    48779    79653    28339    47897    18187     6898    66421    42052    32592    44592    48767     9708    94668    68643    50832    60082    37773    69180   107594    47897    28257    19179    46794    52582    91241    54550    47630    42052    52080    25198     9841    18187    46865    15672    25198    48767    61068    26265   107594    64908    55118    31136    79653    35481    35019    24714    70285    49809    48703    17676    15608    37329    70462    15672    56369    84154    11966    49772    75581     6614    44508    43450    15672    26877    32742    75581    69180     4478    26039    13723    57000    44508    32429    18580    47630    51838    29317    47163    49809    95371    60978    59924    98353    52080    47897    68628    83380    87041    55118    51913    66421    51838    63197    65240    34518    90930    51913    49772    51752    18580 
   59998    58976    17667    49899    28305    55334    23758    21756    26265    78312    24699    35522    32224    44896    14429    60085    41755    82597    59179    82459    60840    66073        0    21756    65653    26543    69169    80701    86111    23199    26571    56282    70807    25577    56410    15117     5264    37747    39015    95899    26512    54282    73870    16193    19400     5331    18394    53384    59988    28005    65854    81788    47739    62287     5331    58163    86002    53384    66972    59988    74182    39986    25877    66972    55191    15290    66729    23657    72267    82296    50750    71092    29976    25984    39015    75858    66972    84904    67829    29091    71410    15694    19400    58163    73497    33485    43132    42095    62594    48983    25577    58976    67829    28005    14429    82296    70295    35504    80725    93551    40608    44148    23657    32753    82459    90535    25577    43780    55375    18198    35522    74182    56282    17667    14429    64858    44896    79712    58976    92121    34823    44896    35504    84904    71410    90535    65854    24297    58163    62594    16359    15117    29442    28377    42884    49648    39015    72933    86002    24001    34823    15694    67095    56410    32224    14477    60706    24561    84863    34823    67361    78064    14477    82459    66867    73865    52543    13391    24561    39986    37615    17667    26543    43331    48732    42884    78312    73497    60869    81294    64858    25577    61703    95899    20329    24297    89728    28005    26543    55191    66972    36030    73870    89728    32224    87642    37615 
