dep45 0 0 60
**************************************DATA
12 170 480 8 1.33
**************************************DISTANCE
       0    29487    90586    80341    78075    30482   126752    57339    46549    34944    22814   118685   111891    58541    85871    33841    22134    89488    73358    46190    66271    33134    53347     8326    97882    79949    36116    29487    87441    26111    52852    22498    26471    81593    39371    78075    82899    90586    65103    62778    65103    22040    43829    22742    92910   116390    94089    43829    92910   118685    92910    26111   116390    85457    66271    82739    68195   105245    59453    51328   131493    87441    22492    40483    68195    46190    32994    66271    45050   105320    87963    86447   102910    80156    26681    39211    83451    66978    82293    43248    86502    53347    85893    35951    85457    15766    63542    62778    87963    65965    40662    86447    62901    32994    81593    31621   116390    52852   121716    80156    42118    33134    81178    99144    75938    45115    26471    58541    57339    34944   135131    60275    97899    62785    85893    43248    33715    17414    43969    60275    87766   109179    36116    47107   111891    62778    55531    45115    40662    79163    55531    71158    60275   102910    92910    66978    92189   100206    46549    59952    45115   121095    92475    62901    62901   119188    55531    57339    22492    87963   112249    73112    39371    86447    40824    57492    89488    99144    73112    62785    11345   105320    21600   100206    42118    86447    82899    35951   116390    65662    42118 
   29487        0    64526    62000    86828     7878   122989    32520    62136    42649    13191   114921    91388    73290    92991    12157    41980   101772    56321    18367    45371    16425    63320    21594    94118    76185     6568        0    96194    27743    32166    17753    17387    90346    18591    86828    62225    64526    73856    45741    73856    20210    23072    40503   142646   108508   102888    23072   142646   114921   142646    27743   108508    94516    45371   105679    58859    84993    38498    30428   110807    96194    17748    12660    58859    18367     5171    45371    36069   101557   113115    65761    82223   102707    14863    41538    79687    70954    78529    24485    82738    63320    94646    47469    94516    28254    98432    45741   113115    24380    19762    65761    68556     5171    90346    16232   108508    32166   117952   102707    37681    16425    77414   108053    55038    41988    17387    73290    32520    42649   114444    39589    94135    59011    94646    24485    12144    13264    34126    39589    84002   105415     6568    26208    91388    45741    63098    41988    19762    88416    63098    79868    39589    82223   142646    70954   113168   118020    62136    64112    41988   100409    71884    68556    68556   100729    63098    32520    17748   113115    91896    52426    18591    65761    19935    58579   101772   108053    52426    59011    19042   101557    20643   118020    37681    65761    62225    47469   108508    61958    37681 
   90586    64526        0    23782    53738    62624    75293    47388    40400    33546    72148    67225    30949    40906    59481    88199    56141    89318    37011    77618    20362    48840    48892    82693    46422    12687    68258    64526    79455    51879    25871    82190    88462    66924    56307    53738    21757        0    40765    31098    40765    66980    58427    47076    94950    39400    55192    58427    94950    67225    94950    51879    39400    68885    20362    54157    14935    35107    28134    41847    61355    79455    86241    71911    14935    77618    72777    20362    36629    53861    65393    17333    32772    53255    57252    25629    19236    33453    30833    60473    35042    48892    70719    32018    68885    69218    54673    31098    65393    56014    50937    17333    35394    72777    66924    49245    39400    25871    70256    53255    28400    48840    19005    97098    20834    23429    88462    40906    47388    33546    64993    21111    46439    12563    70719    60473    61141    82139    32008    21111    23708    57719    68258    54497    30949    31098    30008    23429    50937    56032    30008    46777    21111    32772    94950    33453    65472    68569    40400    31022    23429    50957    30121    35394    35394    49050    30008    47388    86241    65393    44200    13719    56307    17333    40903    22648    89318    97098    13719    12563    90285    53861    61935    68569    28400    17333    21757    32018    39400     6610    28400 
   80341    62000    23782        0    73890    52380    69440    41552    63103    42717    61904    76892    25603    64852    84585    77955    63537    98985    14753    67374    17809    44884    78563    72448    56089    22541    58014    62000    89122    54742    31281    82550    78217    76591    50319    73890     4689    23782    69170    20999    69170    51676    42537    54472   104617    48676    64859    42537   104617    76892   104617    54742    48676    80121    17809    67650     9108    44490    24559    37838    72591    89122    86601    61667     9108    67374    62533    17809    41967    63528   102458    10910    39928    64491    54726    41712    25299    52434    44067    42883    44513    78563    80386    54720    80121    60972    89564    20999   102458    50816    40435    10910    56299    62533    76591    46680    48676    31281    97638    64491    35051    44884    32428   106765     9231    36110    78217    64852    41552    42717    76229    29631    56106    15928    80386    42883    50897    71895    38659    29631    31767    67386    58014    35000    25603    20999    50841    36110    40435    81330    50841    71396    29631    39928   104617    52434    75139    79805    63103    58949    36110    62193    16982    56299    56299    62701    50841    41552    86601   102458    53867    42991    50319    10910    38354    43481    98985   106765    42991    15928    80040    63528    59409    79805    35051    10910     4689    54720    48676    19677    35051 
   78075    86828    53738    73890        0    79531    81905    98302    36158    51163    88522    45650    86629    27468    14461   105344    69154    23452    95049    94763    70501    71143    30433    74793    39699    59901    85403    86828    13623    61665    63553   104492   105607    13833    78610        0    71865    53738    15163    77820    15163    67462    75573    55437    24529    71784    26609    75573    24529    45650    24529    61665    71784    17976    70501    20068    82744    43966    64053    58992    41199    13623   108543    89056    82744    94763    90712    70501    58500    47138    20374    64381    43457    26850    79554    51102    62527    28661    30673    77619    43381    30433    10652    43190    17976    69242    19532    77820    20374    94591    68083    64381    20897    90712    13833    71547    71784    63553    63533    26850    56493    71143    50284    29733    84424    53049   105607    27468    98302    51163    69072    58955    39716    63352    10652    77619    78051    83674    59132    58955    56357    61069    85403    71642    86629    77820    26966    53049    68083    11206    26966     9451    58955    43457    24529    28661    22471    30534    36158    25290    53049    41467   108550    20897    20897    53129    26966    98302   108543    20374    46190    47769    78610    64381    63205    33415    23452    29733    47769    63352    82385    47138    84238    30534    56493    64381    71865    43190    71784    76034    56493 
   30482     7878    62624    52380    79531        0   115691    33223    54861    35352    19316   107624    83929    67173    85716    22165    36885    94475    49024    21629    38074     9150    56023    23163    86821    68888     5383     7878    88897    20468    24891    28789    30905    83049     8580    79531    54938    62624    66559    38444    66559    12036    15775    29905   135349    88429    95927    15775   135349   107624   135349    20468    88429    87241    38074    96333    51562    77283    31492    23131   103532    88897    23726    15922    51562    21629    16195    38074    28772    94259   105840    58486    74948    95431     7588    34263    72390    64024    71232    17010    75441    56023    87349    40194    87241    21384    91135    38444   105840    27791    12465    58486    61629    16195    83049     9142    88429    24891   110655    95431    30384     9150    66021   100756    47741    34691    30905    67173    33223    35352   107169    32314    86838    51736    87349    17010     5226    22609    26894    32314    76705    98118     5383    18910    83929    38444    55801    34691    12465    97040    55801    72942    32314    74948   135349    64024   105871   110745    54861    57185    34691    93134    64514    61629    61629    91227    55801    33223    23726   105840    84287    45150     8580    58486    12660    51282    94475   100756    45150    51736    30181    94259    12271   110745    30384    58486    54938    40194    88429    54661    30384 
  126752   122989    75293    69440    81905   115691        0   134462    84411    92146   124682    27501    45781    83852    92928   141410   113177    96971    83149   131767    83574   107303   109065   135995    33530    56832   121345   122989    88429   110342    99713   140653   141441    72939   114770    81905    63914    75293    70085    93687    70085   125442   112303   104114    99476    25533    42400   112303    99476    27501    99476   110342    25533    58309    83574    50285    71569    35320   100114    94797    26839    88429   144703   126060    71569   131767   126872    83574    97383    20609   102368    63057    45705    64402   115715    90924    51335    62240    57573   113935    44867   109065    62330    90476    58309   122429    98152    93687   102368   130751   104017    63057    82986   126872    72939   107707    25533    99713    17019    64402    93383   107303    52531   106465    74998    83751   141441    83852   134462    92146    10957    95015    29993    84907    62330   113935   114211   135466    95292    95015    40474    17557   121345   107648    45781    93687    72079    83751   104017    89673    72079    86923    95015    45705    99476    62240    44488    39346    84411    68755    83751    28666    56272    82986    82986    22825    72079   134462   144703   102368    35297    76899   114770    63057    99365    75605    96971   106465    76899    84907   143587    20609   120398    39346    93383    63057    63914    90476    25533    80569    93383 
   57339    32520    47388    41552    98302    33223   134462        0    71915    54123    55330   126395    61778    84764   104025    33242    63789   113245    29124    22508    29942    35421    87691    49446   105592    59555    38857    32520   107668    47454    41945    53417    55215   101820    15429    98302    44525    47388    85330    18495    85330    39196    13241    56873   154120   119982   114362    13241   154120   126395   154120    47454   119982   105640    29942   117153    40867    96467    29509    41902   120586   107668    57468    26456    40867    22508    27866    29942    47543   113030   109937    48074    94132   112486    37030    53010    62312    82428    90003     9645    94212    87691   106120    63532   105640    47667   117418    18495   109937     8626    31236    48074    80030    27866   101820    35856   119982    41945   129426   112486    49155    35421    88888   119527    40419    53461    55215    84764        0    54123   125790    35197   105609    38519   106120     9645    20029    48892    45600    35197    68780   116889    38857    19952    61778    18495    74572    53461    31236    99890    74572    91342    35197    94132   154120    82428   124641   130024    71915    75586    53461   111654    53891    80030    80030   112203    74572        0    57468   109937   103370    62205    15429    48074    39046    70053   113245   119527    62205    38519    57038   113030    47861   130024    49155    48074    44525    63532   119982    41067    49155 
   46549    62136    40400    63103    36158    54861    84411    71915        0    20601    57637    73450    62764    10558    37380    80436    26809    46601    60600    69854    46474    35677    14705    43233    55540    47561    60494    62136    40572    31298    35467    62020    65951    39675    52800    36158    63329    40400    23186    53793    23186    36588    50664    24424    52713    66134    51410    50664    52713    73450    52713    31298    66134    43496    46474    40778    53783    56369    39602    30845    69104    40572    62001    64148    53783    69854    65013    46474    29820    62979    43292    56107    54034    38206    42670    24125    51063    25036    32545    52710    42260    14705    43975    12430    43496    37806    24899    53793    43292    69241    43174    56107    20942    65013    39675    37074    66134    35467    79374    38206    26888    35677    48790    52882    56142    29160    65951    10558    71915    20601    75739    34925    55557    48550    43975    52710    53377    52238    28206    34925    55378    66837    60494    46733    62764    53793    13613    29160    43174    29373    13613    29197    34925    54034    52713    25036    50272    59221        0    18034    29160    61602    72988    20942    20942    62151    13613    71915    62001    43292    49734    28197    52800    56107    38584    21345    46601    52882    28197    48550    50825    62979    47375    59221    26888    56107    63329    12430    66134    42006    26888 
   34944    42649    33546    42717    51163    35352    92146    54123    20601        0    34986    84078    60584    31643    54942    61060    21369    64289    40406    50478    26280    17144    36254    31662    63275    45343    41119    42649    60529    18534    16141    60313    61322    54681    34430    51163    43277    33546    38191    33599    38191    24331    31288    12305    71435    65084    72582    31288    71435    84078    71435    18534    65084    58499    26280    55781    33589    53938    19831    11469    80187    60529    50444    44772    33589    50478    45637    26280    10444    70714    60854    42837    51603    53198    24463     4783    48845    34865    47687    33334    51896    36254    58835    12218    58499    26233    46448    33599    60854    50411    23798    42837    35943    45637    54681    18621    65084    16141    87109    53198     7512    17144    42676    70570    35948    10509    61322    31643    54123        0    83824    14732    63293    28357    58835    33334    34001    40664     9541    14732    53160    74572    41119    27357    60584    33599    28619    10509    23798    46960    28619    44200    14732    51603    71435    34865    65277    73248    20601    28026    10509    69789    52852    35943    35943    67882    28619    54123    50444    60854    60942    17775    34430    42837    19026    27736    64289    70570    17775    28357    39254    70714    29327    73248     7512    42837    43277    12218    65084    31056     7512 
   22814    13191    72148    61904    88522    19316   124682    55330    57637    34986        0   116614    93453    66190    97307    17545    35341   102133    71155    29894    47064    16487    65992    14921    95811    77879    19301    13191    97888    25575    34414    18125    17807    92039    29860    88522    64462    72148    75550    60575    75550    13038    24766    33830   144340    97952   105451    24766   144340   116614   144340    25575    97952    96764    47064   105857    60553    86807    40192    32121   113055    97888    18120    24187    60553    29894    16698    47064    28669   103250    99399    68010    84472   104955     9854    43787    81380    72647    80223    36012    84432    65992    96339    47039    96764    21581    76186    60575    99399    35901    21456    68010    71153    16698    92039    15193    97952    34414   119645   104955    30281    16487    79108   112316    56732    43681    17807    66190    55330    34986   116693    41837    95829    61260    96339    36012    23582     4976    26726    41837    85696   107108    19301    27901    93453    60575    64792    43681    21456    90599    64792    82466    41837    84472   144340    72647   114861   120269    57637    65806    43681   102657    73578    71153    71153   100750    64792    55330    18120    99399    93811    54674    29860    68010    21204    60272   102133   112316    54674    61260    16994   103250     7422   120269    30281    68010    64462    47039    97952    63652    30281 
  118685   114921    67225    76892    45650   107624    27501   126395    73450    84078   116614        0    77933    72186    59179   133452   105109    58892    89992   123699    83114    99235    75086   127928    24194    54844   113511   114921    50030   102274    91645   132585   133715    37960   106702    45650    74867    67225    49978    93851    49978   117375   103681    96046    49093    36469    25915   103681    49093        0    49093   102274    36469    29954    83114    32479    77687    34331    92046    87100     4391    50030   136636   117164    77687   123699   118804    83114    92741    31545    64524    67383    37637    37399   107647    82856    57470    54172    46175   105867    37450    75086    38653    82408    29954   114472    64184    93851    64524   122683    95949    67383    55982   118804    37960    99639    36469    91645    10558    37399    84601    99235    44463    65506    79324    75683   133715    72186   126395    84078    16993    86947    28866    76839    38653   105867   106143   127392    87224    86947    44036    25742   113511    99750    77933    93851    64738    75683    95949    55924    64738    52491    86947    37637    49093    54172    24168    17201    73450    60687    75683    17631    92862    55982    55982    27194    64738   126395   136636    64524    27229    68831   106702    67383    91298    67901    58892    65506    68831    76839   135519    31545   112330    17201    84601    67383    74867    82408    36469    70977    84601 
  111891    91388    30949    25603    86629    83929    45781    61778    62764    60584    93453    77933        0    62205    99948   109504    81405   102902    38657    98923    36116    75703    70197   103998    44780    17905    89563    91388    93039    78741    49052   109052   109767    80509    81869    86629    19773    30949    61564    45831    61564    81227    79733    72340   108535    25017    57253    79733   108535    77933   108535    78741    25017    87051    36116    71568    24200    29876    42867    63152    82971    93039   113103    93216    24200    98923    94082    36116    68793    30730   109388    16718    32161    71422    84114    59324    12110    44827    36460    62597    36907    70197    84303    58876    87051    90524    81958    45831   109388    70899    72242    16718    58020    94082    80509    76232    25017    49052    67452    71422    53358    75703    24822   110682    27539    47787   109767    62205    61778    60584    69915    47402    36785    27025    84303    62597    82446   103444    56966    47402    19004    35701    89563    53308        0    45831    51313    47787    72242    74029    51313    63790    47402    32161   108535    44827    67532    66869    62764    51342    47787    49641    10502    58020    58020    36830    51313    61778   113103   109388    37961    40923    81869    16718    67765    43953   102902   110682    40923    27025   111590    30730    88797    66869    53358    16718    19773    58876    25017    28437    53358 
   58541    73290    40906    64852    27468    67173    83852    84764    10558    31643    66190    72186    62205        0    26309    92748    39977    36042    67488    82167    53362    52011    15276    51786    54981    47002    72807    73290    30014    47471    50015    75133    93011    37863    65113    27468    62851    40906    22627    60681    22627    48426    62977    32977    42155    65575    50739    62977    42155    72186    42155    47471    65575    42306    53362    40219    52892    55810    46490    46396    63685    30014    75127    76460    52892    82167    77326    53362    40862    62419    32221    54588    52575    37005    61688    33236    50504    24477    31986    65023    41700    15276    34688    22884    42306    46359    16756    60681    32221    81554    55487    54588    20383    77326    37863    48911    65575    50015    78815    37005    37930    52011    48231    42324    63030    36048    93011        0    84764    31643    75155    41089    54998    49866    34688    65023    65690    60791    39248    41089    54819    66278    72807    59046    62205    60681    13054    36048    55487    18815    13054    27170    41089    52575    42155    24477    49007    53020    10558    17475    36048    61120    68030    20383    20383    61592    13054    84764    75127    32221    49175    34231    65113    54588    49667    20786    36042    42324    34231    49866    59378    62419    58265    53020    37930    54588    62851    22884    65575    46181    37930 
   85871    92991    59481    84585    14461    85716    92928   104025    37380    54942    97307    59179    99948    26309        0   111291    66106    13707    90573   100710    76447    73037    27597    82903    50722    62492    91350    92991    18899    68498    69275   110215   111553    24857    83655    14461    82584    59481    21109    83766    21109    96941    81519    64093    19820    82350    37733    81519    19820    59179    19820    68498    82350    29887    76447    30050    71467    56005    69575    64939    54537    18899    96154    95003    71467   100710    95869    76447    64161    58161     7852    74755    54380    37223    85277    56824    65117    39241    41237    83565    54404    27597    21682    47094    29887    77476    16695    83766     7852   100096    74029    74755    26712    95869    24857    80028    82350    69275    74556    37223    62440    73037    60496    19988    87014    58995   111553    26309   104025    54942    79994    64677    50739    69074    21682    83565    84233    91907    66048    64677    67380    62019    91350    77588    99948    83766    32913    58995    74029    14988    32913    16055    64677    54380    19820    39241    36000    43873    37380    31105    58995    65958   120178    26712    26712    57334    32913   104025    96154     7852    48500    53491    83655    74755    68928    39361    13707    19988    53491    69074    90495    58161    79292    43873    62440    74755    82584    47094    82350    64757    62440 
   33841    12157    88199    77955   105344    22165   141410    33242    80436    61060    17545   133452   109504    92748   111291        0    61379   120587    65080    12830    63517    35169    85364    25948   112269    95119    13700    12157   114571    44962    50466    12747     8264   129543    20854   105344    80513    88199    92505    60029    92505    36530    41049    54399   156081   114004   121502    41049   156081   133452   156081    44962   114004   112816    63517   121908    77010   102858    57067    48894   129107   114571    20563     7060    77010    12830     6986    63517    52998   119676   117203    84061   100523   121006    26623    59838    97838    89599    97059    26758    98910    85364   135780    72053   112816    32679   115258    60029   117203    25285    37979    84061    87204     6986   129543    41973   114004    50466   136769   121006    61228    35169    91596   126793    73185    60040     8264    92748    33242    61060   132744    57889   112265    77311   135780    26758    21832    17618    52469    57889   102056   124742    13700    44452   109504    60029    81803    60040    37979   121534    81803    98517    57889   100523   156081    89599   132742   136320    80436    82760    60040   118709    90089    87204    87204   116802    81803    33242    20563   117203   109862    70726    20854    84061    43570    77225   120587   126793    70726    77311    25042   119676    24850   136320    61228    84061    80513    72053   114004    80011    61228 
   22134    41980    56141    63537    69154    36885   113177    63789    26809    21369    35341   105109    81405    39977    66106    61379        0    70933    79761    56285    47311    23409    34792    20937    84306    66374    42519    41980    74534    17945    36961    39691    43655    69377    39233    69154    64097    56141    52887    69181    52887    28256    42128     9132    74355    85904    81876    42128    74355   105109    74355    17945    85904    73244    47311    70526    54620    74759    40439    32500   101007    74534    39686    50578    54620    56285    45522    47311    31475    91745    68198    63657    72423    67943    33029    25603    69875    54738    62247    43897    72927    34792    76374    25110    73244    20979    44987    69181    68198    55860    36838    63657    50689    45522    69377    28455    85904    36961   108140    67943    28543    23409    67603    76095    56979    31540    43655    39977    63789    21369   104645    35552    84324    49177    76374    43897    40118    29941    29861    35552    74191    95603    42519    41526    81405    69181    43315    31540    36838    59398    43315    58945    35552    72423    74355    54738    79973    87994    26809    47736    31540    90609    73825    50689    50689    88702    43315    63789    39686    68198    81763    38595    39233    63657    30877    43917    70933    76095    38595    49177    28529    91745    28741    87994    28543    63657    64097    25110    85904    52087    28543 
   89488   101772    89318    98985    23452    94475    96971   113245    46601    64289   102133    58892   102902    36042    13707   120587    70933        0   110115   110550    85447    83394    38747    87728    63884    74968   113822   101772    10914    78855    78496   119436   120224    29393    93553    23452    96960    89318    30239    93062    30239    84652    90815    68920    11523    88057    40864    90815    11523    58892    11523    78855    88057    32232    85447    34323    97811    60239    78997    73580    54546    10914   106511   104843    97811   110550   105655    85447    73457    60578     7600    89476    59730    39691    94498    66045    77594    48256    50533    92718    60052    38747    20580    56315    32232    81917    22191    93062     7600   109534    82800    89476    35840   105655    29393    84825    88057    78496    68824    39691    72166    83394    66556    11218   101417    67739   120224    36042   113245    64289    73645    73898    63902    98932    20580    92718    92994    96733    74075    73898    71102    65643   113822    86884   102902    93062    42209    67739    82800    21402    42209    25185    73898    59730    11523    48256    35948    43882    46601    40233    67739    55722   124823    35840    35840    57703    42209   113245   106511     7600    50763    62712    93553    89476    78148    48657        0    11218    62712    98932    95320    60578    89648    43882    72166    89476    96960    56315    88057    91101    72166 
   73358    56321    37011    14753    95049    49024    83149    29124    60600    40406    71155    89992    38657    67488    90573    65080    79761   110115        0    51633    20459    37981    76374    65465    67553    35697    54677    56321   101573    63344    28777    70122    70911    86083    45169    95049    18696    37011    71787     8124    71787    54912    34942    72781   112620    60549    78041    34942   112620    89992   112620    63344    60549    93175    20459    78447    20572    57732    21500    40457    85646   101573    74173    56459    20572    51633    57271    20459    44560    76216   115512    23964    52982    77546    41312    39209    36762    65666    57215    34571    57755    76374    92319    52217    93175    57795    86447     8124   115512    37750    29402    23964    66486    57271    86083    38385    60549    28777   109455    77546    34843    37981    45576   119609    13632    33799    70911    67488    29124    40406    89283    27128    68804    23551    92319    34571    39809    64935    38467    27128    44857    73765    54677    26069    38657     8124    61085    33799    29402    82614    61085    77799    27128    52982   112620    65666    89281    92860    60600    62042    33799    75248    30120    66486    66486    73341    61085    29124    74173   115512    66401    40488    45169    23964    35133    56506   110115   119609    40488    23551    73057    76216    60291    92860    34843    23964    18696    52217    60549    28259    34843 
   46190    18367    77618    67374    94763    21629   131767    22508    69854    50478    29894   123699    98923    82167   100710    12830    56285   110550    51633        0    54149    30374    77207    38297   102896    84963    19911    18367   104973    39867    39884    26077    24042    99124    18709    94763    69932    77618    82634    41004    82634    38535    28271    49304   151425   103422   110921    28271   151425   123699   151425    39867   103422   102234    54149   111327    67638    92277    46486    39206   118525   104973    34304     6786    67638        0    13658    54149    44847   109095   106622    73480    89942   110425    28812    49257    88465    79018    87308    24613    91516    77207   125199    61472   102234    44767   116447    41004   106622    14551    27398    73480    76623    13658    99124    29389   103422    39884   126730   110425    46459    30374    81014   116831    62604    49459    24042    82167    22508    50478   122163    47307   102913    66730   125199    24613    19687    29777    41887    47307    92780   114160    19911    34986    98923    41004    71877    49459    27398    97293    71877    87936    47307    89942   151425    79018   121946   125739    69854    72179    49459   108127    79507    76623    76623   106220    71877    22508    34304   106622    99281    60144    18709    73480    32989    67357   110550   116831    60144    66730    34517   109095    37199   125739    46459    73480    69932    61472   103422    70737    46459 
   66271    45371    20362    17809    70501    38074    83574    29942    46474    26280    47064    83114    36116    53362    76447    63517    47311    85447    20459    54149        0    28255    62127    58378    63835    33549    43576    45371    79870    38113    14652    63035    63823    74021    37152    70501    18368    20362    57662    13652    57662    32834    33746    38248   112364    58501    71164    33746   112364    83114   112364    38113    58501    86298        0    71570    14861    55685     8123    21403    78768    79870    67086    48442    14861    54149    49254        0    25531    69338    82360    21916    50935    70668    38097    25083    36307    54755    48247    33798    55521    62127    85442    38092    86298    44537    72321    13652    82360    38568    27860    21916    52361    49254    74021    28659    58501    14652   107279    70668    20718    28255    43529    91728    11040    19674    63823    53362    29942    26280    82406    13002    63853    11340    85442    33798    36593    57848    24341    13002    42809    74403    43576    20600    36116    13652    46674    19674    27860    68488    46674    63673    13002    50935   112364    54755    82885    85982    46474    47916    19674    68370    27944    52361    52361    66464    46674    29942    67086    82360    59524    26363    37152    21916    21725    42155    85447    91728    26363    11340    65970    69338    42780    85982    20718    21916    18368    38092    58501    14040    20718 
   33134    16425    48840    44884    71143     9150   107303    35421    35677    17144    16487    99235    75703    52011    73037    35169    23409    83394    37981    30374    28255        0    47254    21075    78433    60500    14784    16425    80509     9962    17085    33415    35431    74660    13320    71143    45109    48840    58171    31175    58171     7744    14272    16708   126961    92823    87203    14272   126961    99235   126961     9962    92823    73574    28255    89994    41744    69308    21382    14743    95439    80509    37466    24667    41744    30374    25533    28255    16155    85871    75129    50394    66856    87339     7673    25851    64002    55268    62844    16042    67053    47254    78960    26762    73574    14696    57448    31175    75129    29761     9157    50394    52871    25533    74660     1830    92823    17085   102266    87339    17767        0    61729    88557    37923    26302    35431    52011    35421    17144    98631    21480    78450    43644    78960    16042    10642    20521    14212    21480    68317    89729    14784    12003    75703    31175    47413    26302     9157    71932    47413    64182    21480    66856   126961    55268    97482   102653    35677    48427    26302    84495    54768    52871    52871    85044    47413    35421    37466    75129    76211    37058    13320    50394     7348    42893    83394    88557    37058    43644    28667    85871    11748   102653    17767    50394    45109    26762    92823    46273    17767 
   53347    63320    48892    78563    30433    56023   109065    87691    14705    36254    65992    75086    70197    15276    27597    85364    34792    38747    76374    77207    62127    47254        0    51588    66859    55049    61676    63320    35979    42714    51180    70375    84045    40994    60210    30433    67700    48892    30636    69567    30636    48511    66438    32779    41375    98909    54722    66438    41375    75086    41375    42714    98909    46089    62127    48229    60939    63551    55677    46501    70740    35979    70370    71500    60939    77207    75981    62127    45594    83129    29689    63229    61216    45646    56931    39822    58551    32468    39976    68635    49690        0    37654    27558    46089    46283    12007    69567    29689    85450    58716    63229    28391    75981    40994    48685    98909    51180    85017    45646    42543    47254    52289    44296    71795    44813    84045    15276    87691    36254    96197    50578    75717    58506    37654    68635    57564    60592    44580    50578    62749    88194    61676    62347    70197    69567    21101    44813    58716    20889    21101    32405    50578    61216    41375    32468    51973    60075    14705    25629    44813    82161    76017    28391    28391    80254    21101    87691    70370    29689    73315    42871    60210    63229    54065    28833    38747    44296    42871    58506    59180    83129    53508    60075    42543    63229    67700    27558    98909    54168    42543 
    8326    21594    82693    72448    74793    23163   135995    49446    43233    31662    14921   127928   103998    51786    82903    25948    20937    87728    65465    38297    58378    21075    51588        0   107125    89192    28223    21594    84159    19030    44959    18788    22718    78311    31478    74793    75006    82693    61821    54885    61821    14147    35937    19426    91150   108497   115996    35937    91150   127928    91150    19030   108497    82141    58378    79423    71866    97352    51560    43435   123600    84159    18782    32590    71866    38297    25101    58378    49076   114563    84995    78555    95017    76840    18788    35895    92694    63662    91536    35355    95745    51588    82477    32635    82141     7874    61782    54885    84995    58072    32769    78555    59585    25101    78311    19561   108497    44959   130959    76840    38836    21075    86089    97912    68045    54995    22718    51786    49446    31662   127238    52382   107142    71805    82477    35355    25822     9521    35510    52382    97009   118422    28223    39214   103998    54885    52249    54995    32769    76195    52249    67842    52382    95017    91150    63662    88907    96890    43233    56823    54995   113202    84582    59585    59585   111295    52249    49446    18782    84995   104356    65219    31478    78555    28764    71586    87728    97912    65219    71805     7592   114563    13707    96890    38836    78555    75006    32635   108497    74965    38836 
   97882    94118    46422    56089    39699    86821    33530   105592    55540    63275    95811    24194    44780    54981    50722   112269    84306    63884    67553   102896    63835    78433    66859   107125        0    34097    92474    94118    55342    81471    70842   111782   112570    30009    85899    39699    54064    46422    41214    75301    41214    96572    83432    75243    66389    23176    15814    83432    66389    24194    66389    81471    23176    29438    63835    21414    58412    13528    71243    65926    19848    55342   115833    97189    58412   102896    98001    63835    68512    16240    69281    46580    16834    31315    86844    62054    36784    33369    28702    85065    15996    66859    33459    61605    29438    93277    55946    75301    69281   101880    75146    46580    37526    98001    30009    78837    23176    70842    28889    31315    64512    78433    23661    73378    58522    54880   112570    54981   105592    63275    24864    66144     8829    56036    33459    85065    85340   106595    66421    66144    24392    14296    92474    78777    44780    75301    43208    54880    75146    47467    43208    43440    66144    16834    66389    33369    24311    27552    55540    39884    54880     7312    57120    37526    37526     7674    43208   105592   115833    69281     6426    48028    85899    46580    70495    46735    63884    73378    48028    56036   114717    16240    91527    27552    64512    46580    54064    61605    23176    51698    64512 
