dep56 0 0 60
**************************************DATA
13 152 480 8 1.33
**************************************DISTANCE
       0    36123    42890    47786    45625    16693    31686    90810    40802    39252    57320    58871    71002    25146    27228    30464    16693    48956    15025    11625    24210    97331    77322    53560    53217    58927    62279    43357    45625    38152    53977    37782    27228    48633    19313    43357    47852    43458    32387    59752    61869    36714    25592    48633    54524    22329    19840    19840    29396    57212    19840    35276    13347   101831    79618    13347    47786    67189    53076    47701    42126    67189    57320    61669    13347    45559    77374    45559    72072    66721    45559    39339    19505    53217    58530    73708    54289    26178     6945    19840    25146    39339    32753    51781    61063     8043    55264    17986    54655    27083    51756    36123    36088    53076    63934    54655    58871    71002     8043    42890    61869    11703    45625    19142    45650    35285    52639     6608    79618    53977    42890    53076    51781    97331    65410    27083    77374    47786    97331    63183    35285    51756    42890    25146    34367    46626    41623    37782    59973    77702    24181    79618    46012    48724    59973    47990    39252    51756    77702    55913    87329    85887    59561    52779    13347    25303    58249     8041    25146    36714    60084    40978    13347 
   36123        0    39300    35906    68167    32315     6641   121552    63344    70137    72942    35764    91596    56794    21633    61206    32315    22417    45767    27718    54951   128073    92944    69183    45908    51617   101438    36047    68167    68894    54207    30331    21633    71175    41855    36047    63475    66625    54928    90493    92610    52337    48005    71175    85266    26141    35462    35462    60767    87953    35462    66018    36912   132573    95240    36912    35906    54360    81934    70243    72868    54360    72942    77291    36912    61181    89860    61181    83301    97463    61181    16077    51292    45908    81071   104450    46979    57182    26972    35462    56794    16077    63495    82522    91805    42665    79534    18468    85397    12017    28649        0    66830    81934    86059    85397    35764    91596    42665    39300    92610    30907    68167    50219    40548    57640    75011    37549    95240    54207    39300    81934    82522   128073    80658    12017    89860    35906   128073    93925    57640    28649    39300    56794    11105    69167    33991    30331    90715   108444    39803    95240    76754    25617    90715    24728    70137    28649   108444    46440   118070   116629    82103    83521    36912    56045    73871    38782    56794    52337    51520    71720    36912 
   42890    39300        0    18291    73697    29121    38890   117947    69567    76904    30019    40079    85350    63562    30192    68759    29121    28007    53283    38743    62468   134540    31436    26004    18223    23568    57830     7041    73697    76410    16099    60335    30192    78432    47263     7041    19054    35911    60690    97917    99728    24526    53648    78432    92782    28157    33640    33640    67534    90723    33640    73534    43192   126535    63720    43192    18291    26676    46149    52594    80384    26676    30019    34186    43192    16402    83726    16402    77229   103875    16402    29654    58060    18223    75980   112065    21603    63950    36167    33640    63562    29654    71122    90436    99321    49433    85757    40540    92975    49636    45652    39300    74201    46149    90731    92975    40079    85350    49433        0    99728    37381    73697    56987     6841    42327    60323    45066    63720    16099        0    46149    90436   134540    37050    49636    83726    18291   134540   101240    42327    45652        0    63562    34130    65603    63892    60335    97889   114916    19307    63720    84270    33640    97889    19602    76904    45652   114916    25815   124699   123096    65558    91261    43192    63915    30692    46299    63562    24526    29493    79096    43192 
   47786    35906    18291        0    93178    33832    26930   136735    88355    82233    48552    29283   107241    68128    25675    73446    33832    11103    58007    43467    67191   140313    43292    44792    15049    21800    76762    14170    93178    81134    25193    57135    25675    97220    52626    14170    39084    54841    65700   102733   104850    40843    58905    97220    97506    30251    38547    38547    72430   109511    38547    78258    47683   145323    70850    47683        0    25347    57544    71382    85108    25347    48552    52901    47683    36791   103557    36791    96998   123404    36791    18248    62487    15049    94768   116689    12902    68846    40891    38547    68128    18248    75735    94762   104045    54328   104545    34520    97637    38821    24818    35906    79070    57544   111069    97637    29283   107241    54328    18291   104850    39227    93178    61883    23960    55244    80113    49789    70850    25193    18291    57544    94762   140313    55982    38821   103557        0   140313   106165    55244    24818    18291    68128    22365    85390    56664    57135   102955   120683    28310    70850    88994    17032   102955     7784    82233    24818   120683    14494   130310   128869    84346    95761    47683    68285    49480    51022    68128    40843    18697    83960    47683 
   45625    68167    73697    93178        0    44993    64426    46101     8382    13159    43385    91143    39167    47998    59500    48768    44993    81228    61447    46348    65715    86246    72549    48787    79489    84675    39004    78736        0    75518    64109    70054    59500    10796    30376    78736    57166    32416    19077    50005    51435    33350    22236    10796    44778    53477    38628    38628    39851    22654    38628    47533    35437    54689    59254    35437    93178    75065    37935    29856    79492    75065    43385    34840    35437    54625    32048    54625    26746    36547    54625    71612    46358    79489    28512    63772    85601    28830    40057    38628    47998    71612    51409    42034    51317    46778    13910    50259    44909    59355    83768    68167    40170    37935    19553    44909    91143    39167    46778    73697    51435    37472        0    41734    64663    18951    30164    67861    59254    64109    73697    37935    42034    86246    60525    59355    32048    93178    86246    53437    18951    83768    73697    47998    66640    22535    73546    70054    97339    67956    45447    59254    42872    80997    97339    91090    13159    83768    67956    90313    77582    76141    35980    34042    35437    66809    45242    64507    47998    33350    91262    44285    35437 
   16693    32315    29121    33832    44993        0    28575   101783    37828    35942    44072    55643    68193    37364    14906    42562        0    34296    26294    12981    36705   108342    63071    39698    39318    45037    71882    29527    44993    50648    40011    34324    14906    48271    18217    29527    33107    33958    31644    71719    73530    24902    24603    48271    61387     7638     8759     8759    41337    51842     8759    47249    13318   112813    77773    13318    33832    53215    60201    41402    54251    53215    44072    48239    13318    31691    66570    31691    60073    79918    31691    27260    31862    39318    57807    85868    40435    37752     9240     8759    37364    27260    44924    64238    73527    23235    47335    14777    66778    23874    47916    32315    48003    60201    56005    66778    55643    68193    23235    29121    73530     8295    44993    30789    28734    28968    46340    15651    77773    40011    29121    60201    64238   108342    51102    23874    66570    33832   108342    75043    28968    47916    29121    37364    31284    45843    37695    34324    71692    88718    10938    77773    57898    44030    71692    30903    35942    47916    88718    42079    98502    96898    53177    65063    13318    37717    44381    20401    37364    24902    50141    52898    13318 
   31686     6641    38890    26930    64426    28575        0   117812    59604    66253    69202    30735    89804    52148    17510    57466    28575    17389    42027    23978    51211   124333    89204    65442    40879    46589    99915    31019    64426    65154    49178    26768    17510    67435    38114    31019    59734    62885    51188    86753    88870    48596    44394    67435    81526    22401    31722    31722    56398    84213    31722    62277    33172   128833    91500    33172    26930    49332    78194    66503    69128    49332    69202    73551    33172    57441    86120    57441    79561    93722    57441    11048    46507    40879    77331   100709    41951    53180    23231    31722    52148    11048    59754    78782    88064    38277    75793    14728    81657     8454    23621     6641    63090    78194    82318    81657    30735    89804    38277    38890    88870    27167    64426    46143    36425    54086    71441    33809    91500    49178    38890    78194    78782   124333    77292     8454    86120    26930   124333    90185    54086    23621    38890    52148     6076    65427    30609    26768    86974   104703    36063    91500    73013    20589    86974    19699    66253    23621   104703    41431   114330   112889    78362    79780    33172    52305    70131    35042    52148    48596    46492    67979    33172 
   90810   121552   117947   136735    46101   101783   117812        0    46915    44816    86222   143961    22314    81600   112318    67649   101783   135145    79720   101539    83987    27552   116051    92173   122736   128061    52527   122122    46101    93790   107496   122873   112318    33643    66075   122122   101086    75973    54542    52489    45432    76737    57913    33643    53975   107420    74383    74383    73454    29082    74383    56729    70787     9967    79394    70787   136735   118312    63403    53934    97764   118312    86222    79274    70787    98011    22966    98011    28002    19323    98011   125670    79961   122736    29385    66638   128987    60487    93785    74383    81600   125670    68590    55755    54297    88948    31576   103077    47548   112174   137153   121552    63218    63403    25701    47548   143961    22314    88948   117947    45432    73362    46101    75337   110602    62509    48229    86133    79394   107496   117947    63403    55755    27552   104082   112174    22966   136735    27552    52889    62509   137153   117947    81600   120521    43917   126932   122873   115928    24841    89004    79394    52068   133267   115928   133806    44816   137153    24841   133871    28136    23402    49535    33850    70787    85815    88628    82779    81600    76737   134649    57108    70787 
   40802    63344    69567    88355     8382    37828    59604    46915        0    15149    37842    83978    40289    42155    52335    34657    37828    76937    28769    39184    41169    88771    67670    44297    74355    80759    34181    74680     8382    55111    60194    62890    52335    14303    25575    74680    52705    27593     7648    52148    53960    27745    17414    14303    47183    46312    33884    33884    40462    25058    33884    50234    30287    55504    54544    30287    88355    69932    33825    25282    59085    69932    37842    30894    30287    50709    32919    50709    25802    38612    50709    67462    36653    74355    30524    66297    81686    28978    32892    33884    42155    67462    44049    44668    53956    39294    20092    43094    47207    52191    78945    63344    40420    33825    25467    47207    83978    40289    39294    69567    53960    30307     8382    32295    62222    14129    25341    39760    54544    60194    69567    33825    44668    88771    55702    52191    32919    88355    88771    55472    14129    78945    69567    42155    62313    17938    68724    62890    76482    69148    40624    54544    45276    75059    76482    85426    15149    78945    69148    85491    78931    77327    32065    35920    30287    42507    41327    34046    42155    27745    87347    42395    30287 
   39252    70137    76904    82233    13159    35942    66253    44816    15149        0    59797    92885    46429    29707    61242    19854    35942    82970    20809    50463    32911    72323    88960    65198    95901   101086    51191    77371    13159    42713    80521    71796    61242    20141    23057    77371    73578    49254    17580    44963    47080    34883    18709    20141    39736    56343    29827    29827    25650    17422    29827    31591    24482    53405    75665    24482    82233    91477    54346    46268    46687    91477    59797    51252    24482    45227    35665    45227    30364    31315    45227    73353    28206    95901    32129    58920    88303    16436    30969    29827    29707    73353    29015    36992    46275    32573    13556    52001    39867    61097    85770    70137    19912    54346    22226    39867    92885    46429    32573    76904    47080    28422    13159    21952    81075    30251    51206    35056    75665    80521    76904    54346    36992    72323    71825    61097    35665    82233    72323    48395    30251    85770    76904    29707    68382    38947    75373    71796    64534    52693    58195    75665    29835    82738    64534    82004        0    85770    52693    90481    62320    60879    48905    25881    24482    34004    61654    31702    29707    34883    94098    24801    24482 
   57320    72942    30019    48552    43385    44072    69202    86222    37842    59797        0    72609    53253    77992    45143    85112    44072    51161    61777    53694    77419   123723    34337    10679    37568    43278    25733    35057    43385    91361    26001    75287    45143    46707    40917    35057    13488     9976    38852    86349    88912    22270    39783    46707    81122    43108    34765    34765    81964    58998    34765    83877    46916    94810    32764    46916    48552    36957    13407    20869    95335    36957        0     8036    46916    14609    53044    14609    46485    72891    14609    45455    72489    37568    44255   101249    43909    78380    51119    34765    77992    45455    85552    78378    87661    63862    54032    55491    81253    64588    64792    72942    76514    13407    60556    81253    72609    53253    63862    30019    88912    52332    43385    71417    18725    30492    28226    60017    32764    26001    30019    13407    78378   123723    22368    64588    53044    48552   123723    90424    30492    64792    30019    77992    53732    34877    78322    75287   113182   104300    33736    32764    79216    54923   113182    47412    59797    64792   104300    56799   113926   112485    33833    70386    46916    78512     8627    61250    77992    22270    49571    80629    46916 
   58871    35764    40079    29283    91143    55643    30735   143961    83978    92885    72609        0   114344    79542    50746    84740    55643    22034    68472    51046    78279   150520    49551    68235    29979    24380   100419    36392    91143    92222    45915    56896    50746    94421    64367    36392    61644    88527    77794   113897   115708    75639    70753    94421   103565    49469    58702    58702    83515   121260    58702    89427    60297   154991   106309    60297    29283    34402    88738    92821    96428    34402    72609    76775    60297    61002   112720    61002   106223   122096    61002    31571    74040    29979   103957   128046    22901    79930    50299    58702    79542    31571    87102   106416   115705    65413    93818    41796   108956    38582    17799    35764    90181    88738   102488   108956        0   114344    65413    40079   115708    54333    91143    72967    45755    80388    97759    57829   106309    45915    40079    88738   106416   150520    60809    38582   112720    29283   150520   117221    80388    17799    40079    79542    25643    91993    60470    56896   113870   130896    63242   106309   100076    17001   113870    27965    92885    17799   130896    16996   140680   139076   104596   107241    60297    79895    73692    62579    79542    75639    15756    95076    60297 
   71002    91596    85350   107241    39167    68193    89804    22314    40289    46429    53253   114344        0    78928    82701    74283    68193   104429    86962    69549    91229    49032    84201    60439    88968    94678    36047    90388    39167   101032    75762    93255    82701    25614    53576    90388    64255    46952    42278    75519    58288    57346    45032    25614    70292    76678    61829    61829    70781    37097    61829    73047    58638    30903    58478    58638   107241    86718    45426    35956   105006    86718    53253    46225    58638    66010     8358    66010    15423    32070    66010    94812    86525    88968    11479    89476    95310    62100    63258    61829    78928    94812    83444    67549    76831    79319    32512    73460    70423    82556   107229    91596    65684    45426    25920    70423   114344        0    79319    85350    58288    60673    39167    72664    70126    43223    31911    93375    58478    75762    85350    45426    67549    49032    74588    82556     8358   107241    49032    65598    43223   107229    85350    78928    89840    26021    98923    93255   122853    40631    70264    58478    68386   104197   122853   102742    46429   107229    40631   104377    47933    46492    33370    45378    58638    92323    56895    90021    78928    57346   100971    69799    58638 
   25146    56794    63562    68128    47998    37364    52148    81600    42155    29707    77992    79542    78928        0    47899    14511    37364    69628    15300    37120     9174    88122    97994    74232    73889    79598    72431    64029    47998    16819    74649    58454    47899    52640    39985    64029    68524    64130    38055    50542    52659    57386    46264    52640    28247    43001    40511    40511    13030    48002    40511    18901    35042    92622    91939    35042    68128    87861    70620    62541    20793    87861    77992    82341    35042    66230    68164    66230    62862    57511    66230    60011    11236    73889    64628    64498    74961    16753    29365    40511        0    60011    16428    42571    51853    23284    46055    38658    45445    47755    72428    56794    26879    70620    54725    45445    79542    78928    23284    63562    52659    32374    47998     9756    66321    48787    63651    21714    91939    74649    63562    70620    42571    88122    85386    47755    68164    68128    88122    53974    48787    72428    63562        0    55039    56234    61267    58454    38639    68492    44853    91939    25792    69396    38639    68662    29707    72428    68492    76375    78119    76678    69679    43569    35042    12599    78920    18360        0    57386    80755    31768    35042 
   27228    21633    30192    25675    59500    14906    17510   112318    52335    61242    45143    50746    82701    47899        0    53097    14906    22886    36829    18012    46745   118877    64142    40769    31161    36871    72953    21370    59500    60825    41082    32950        0    62778    32724    21370    34178    38058    46152    82254    84065    23727    39110    62778    71922     8243    19523    19523    51872    89617    19523    57784    28654   123348    78844    28654    25675    39614    61272    66716    64786    39614    45143    49310    28654    33173    81077    33173    74580    90453    33173    15849    42397    31161    72314    96403    32278    48288    16898    19523    47899    15849    55459    74773    84062    33770    62175     8715    77313    13617    43019    21633    58538    61272    70845    77313    50746    82701    33770    30192    84065    22961    59500    41324    29805    38675    56046    26186    78844    41082    30192    61272    74773   118877    52173    13617    81077    25675   118877    85578    38675    43019    30192    47899    26387    60350    36321    32950    82227    99253    11416    78844    68433    39133    82227    19137    61242    43019    99253    33922   109037   107433    79661    75598    28654    48252    46015    30936    47899    23727    41984    63433    28654 
   30464    61206    68759    73446    48768    42562    57466    67649    34657    19854    85112    84740    74283    14511    53097        0    42562    74825    20498    42318    24766    73599   102672    79429    79086    84796    82670    69226    48768    27017    79846    63651    53097    38688    45182    69226    72708    74863    30557    36976    38788    62583    31654    38688    21387    48198    45709    45709     6162    34050    45709    12041    40239    78670   100469    40239    73446    92817    81095    71071    30992    92817    85112    78165    40239    71428    54212    71428    61776    45175    71428    65208    19615    79086    50676    51125    80158     9677    34563    45709    14511    65208     9749    21264    37902    28602    32103    43855    31494    52952    76807    61206    12927    81095    40773    31494    84740    74283    28602    68759    38788    37572    48768    14990    71519    41291    72612    26911   100469    79846    68759    81095    21264    73599    90704    52952    54212    73446    73599    40300    41291    76807    68759    14511    60236    63750    66585    63651    47573    54540    50540   100469    18933    74593    47573    73975    19854    76807    54540    81693    63759    62155    67453    30320    40239    25469    84118    23557    14511    62583    85953    17816    40239 
   16693    32315    29121    33832    44993        0    28575   101783    37828    35942    44072    55643    68193    37364    14906    42562        0    34296    26294    12981    36705   108342    63071    39698    39318    45037    71882    29527    44993    50648    40011    34324    14906    48271    18217    29527    33107    33958    31644    71719    73530    24902    24603    48271    61387     7638     8759     8759    41337    51842     8759    47249    13318   112813    77773    13318    33832    53215    60201    41402    54251    53215    44072    48239    13318    31691    66570    31691    60073    79918    31691    27260    31862    39318    57807    85868    40435    37752     9240     8759    37364    27260    44924    64238    73527    23235    47335    14777    66778    23874    47916    32315    48003    60201    56005    66778    55643    68193    23235    29121    73530     8295    44993    30789    28734    28968    46340    15651    77773    40011    29121    60201    64238   108342    51102    23874    66570    33832   108342    75043    28968    47916    29121    37364    31284    45843    37695    34324    71692    88718    10938    77773    57898    44030    71692    30903    35942    47916    88718    42079    98502    96898    53177    65063    13318    37717    44381    20401    37364    24902    50141    52898    13318 
   48956    22417    28007    11103    81228    34296    17389   135145    76937    82970    51161    22034   104429    69628    22886    74825    34296        0    59360    41311    68544   140605    70160    46939    24623    30290    78971    23687    81228    82487    38296    47161    22886    84768    54453    23687    40196    57053    67880   103982   105794    41307    60838    84768    98859    30715    48788    48788    73600   101546    48788    79610    50382   146166    84861    50382    11103    38274    67290    73529    86461    38274    51161    55327    50382    38937   102805    38937    96309   112182    38937    14212    64125    24623    94664   118131    21954    70016    40564    48788    69628    14212    77188    96502   105398    55498    93126    32061    99041    28847    18354    22417    80267    67290    92573    99041    22034   104429    55498    28007   105794    44500    81228    63053    32852    70473    81465    51142    84861    38296    28007    67290    96502   140605    58191    28847   102805    11103   140605   107306    70473    18354    28007    69628    12391    82078    47123    47161   103955   120982    30194    84861    90346     9082   103955     9380    82970    18354   120982    21637   130765   129161    86493    97326    50382    69980    51627    52375    69628    41307    23678    85161    50382 
   15025    45767    53283    58007    61447    26294    42027    79720    28769    20809    61777    68472    86962    15300    36829    20498    26294    59360        0    26050    14003    86278    87233    63860    69145    68528    59095    58397    61447    27946    63579    47384    36829    63992    21753    58397    57269    50486    24669    49655    51467    44259    23005    63992    44318    31931    27101    27101    19273    39832    27101    25185    17083    90749    78479    17083    58007    77378    57760    49217    31920    77378    61777    54829    17083    55160    79999    55160    74455    57854    55160    49885     9798    69145    54538    63804    63891    11828    18295    27101    15300    49885    22860    42175    51463    11353    35965    27588    44714    36685    61368    45767    25939    57760    44514    44714    68472    86962    11353    53283    51467    21304    61447     4366    52896    35450    50255    17782    78479    63579    53283    57760    42175    86278    75265    36685    79999    58007    86278    52979    35450    61368    53283    15300    44736    42852    51146    47384    49628    66654    35101    78479    35805    57482    49628    58536    20809    61368    66654    66254    76438    74834    56338    42999    17083    15653    67850     7192    15300    44259    69685    30834    17083 
   11625    27718    38743    43467    46348    12981    23978   101539    39184    50463    53694    51046    69549    37120    18012    42318    12981    41311    26050        0    35966   108098    72693    49320    54605    60315    81505    43856    46348    50046    49633    29727    18012    49626    19573    43856    42729    43732    33000    71475    73286    32958    25958    49626    61143    18242    16079    16079    41093    78838    16079    47005    15502   112569    87395    15502    43467    62837    69824    48027    54006    62837    53694    57861    15502    41471    67925    41471    61429    79674    41471    31836    31618    54605    59162    85624    50069    37508     6691    16079    37120    31836    44680    63994    73283    18167    51396    10265    66534    19362    43319    27718    47759    69824    60066    66534    51046    69549    18167    38743    73286    11710    46348    30545    38356    35593    52965    15407    87395    49633    38743    69824    63994   108098    60725    19362    67925    43467   108098    74799    35593    43319    38743    37120    26687    47198    33097    29727    71448    88474    20561    87395    57654    39433    71448    40487    50463    43319    88474    51714    98258    96654    59802    64819    15502    37473    54161    20157    37120    32958    66797    52654    15502 
   24210    54951    62468    67191    65715    36705    51211    83987    41169    32911    77419    78279    91229     9174    46745    24766    36705    68544    14003    35966        0    90546    96418    73045    78330    78444    71495    67581    65715    21429    73358    56960    46745    68260    39130    67581    66454    63290    37069    53923    55734    56683    38213    68260    43591    41847    39247    39247    23541    61286    39247    25119    32953    95017    90879    32953    67191    86562    70160    61617    24810    86562    77419    67229    32953    65076    84266    65076    78722    62122    65076    59069     6124    78330    80843    68072    73794    19956    28211    39247     9174    59069    20132    46442    55731    20573    49232    37504    48982    46601    70553    54951    30207    70160    57902    48982    78279    91229    20573    62468    55734    31972    65715    11026    62081    47850    62655    28159    90879    73358    62468    70160    46442    90546    84449    46601    84266    67191    90546    57247    47850    70553    62468     9174    53920    55252    60331    56960    42251    70922    44285    90879    40102    66666    42251    67720    32911    70553    70922    75439    80706    79102    68776    47267    32953     4768    77766    16376     9174    56683    94030    35102    32953 
   97331   128073   134540   140313    86246   108342   124333    27552    88771    72323   123723   150520    49032    88122   118877    73599   108342   140605    86278   108098    90546        0   152886   129124   144867   150576    79244   135006    86246   100348   144447   129431   118877    59817   110962   135006   139502   113180    99414    59156    51953   113688    84631    59817    60533   113978   111489   111489    79975    55718   111489    63288   106020    20089   104621   106020   140313   155403    89506    80036   104322   155403   123723   115177   106020   137208    49083   137208    54119    42248   137208   130988    86482   144867    55559    73112   145938    76857   100343   111489    88122   130988    75111    57789    60467    95470    62178   109636    54060   118732   143675   128073    65001    89506    53783    54060   150520    49032    95470   134540    51953   103352    86246    81858   137299    89226    74946    92691   104621   144447   134540    89506    57789        0   130799   118732    49083   140313        0    48430    89226   143675   134540    88122   126017    70101   133453   129431   122169    21979   117407   104621    58627   140373   122169   139639    72323   143675    21979   148560    20152    13172    75708    46899   106020    91639   125580    89337    88122   113688   151733    60040   106020 
   77322    92944    31436    43292    72549    63071    89204   116051    67670    88960    34337    49551    84201    97994    64142   102672    63071    70160    87233    72693    96418   152886        0    24869    27937    27139    56681    37312    72549   110360    18695    94286    64142    76535    70746    37312    32487    42339    68681   116178   118075    55677    68946    76535   110951    62107    67786    67786   101966    88827    67786   113706    76744   124639    62593    76744    43292    18767    43236    50698   114334    18767    34337    38886    76744    42010    82873    42010    76313   102719    42010    64454    92492    27937    74084   130412    34049    98382    70118    67786    97994    64454   105554   108207   117489    83864    83860    74490   111081    83587    84794    92944   106343    43236    90385   111081    49551    84201    83864    31436   118075    71332    72549    91419    24595    59655    59175    79016    62593    18695    31436    43236   108207   152886    12010    83587    82873    43292   152886   119610    59655    84794    31436    97994    72731    64706    98324    94286   132181   134128    53739    62593   109044    73922   132181    47769    88960    84794   134128    39118   143755   142314    63662   100215    76744    97511    27116    80249    97994    55677    37897   110458    76744 
   53560    69183    26004    44792    48787    39698    65442    92173    44297    65198    10679    68235    60439    74232    40769    79429    39698    46939    63860    49320    73045   129124    24869        0    31427    36622    32919    30683    48787    86987    16057    70913    40769    53162    47290    30683     9143    18577    45161    92502    94313    32304    45184    53162    87578    38734    44310    44310    78204    65454    44310    90332    53862   101266    38809    53862    44792    27003    21238    26682    90961    27003    10679    14516    53862    18637    58815    18637    52319    78965    18637    45034    68730    31427    50711   106650    37549    74620    46745    44310    74232    45034    81792    85021    94310    60103    60487    51117    87560    60214    61032    69183    84871    21238    65820    87560    68235    60439    60103    26004    94313    47958    48787    67657    18659    35893    35413    52518    38809    16057    26004    21238    85021   129124    10691    60214    58815    44792   129124    95825    35893    61032    26004    74232    49510    40693    74562    70913   108559   109501    29977    38809    85671    50701   108559    41863    65198    61032   109501    53039   119284   117681    40289    76273    53862    74585     7161    56876    74232    32304    43210    82748    53862 
   53217    45908    18223    15049    79489    39318    40879   122736    74355    95901    37568    29979    88968    73889    31161    79086    39318    24623    69145    54605    78330   144867    27937    31427        0     5788    61448    15140    79489    92272    15380    76197    31161    83220    57590    15140    27612    45692    75863   108244   110055    43295    55484    83220   108644    35737    43944    43944    77861    95512    43944    89396    53519   131324    69511    53519    15049    10037    49767    57383    96246    10037    37568    43966    53519    29628    87345    29628    80848   109667    29628    31643    68387        0    80769   122392     6570    74277    52029    43944    73889    31643    81449   100763   115183    59760    90545    40006   103302    43945    47641    45908    84528    49767    96523   103302    29979    88968    59760    18223   110055    53243    79489    67314    19859    53862    63942    60928    69511    15380    18223    49767   100763   144867    31251    43945    87345    15049   144867   111567    53862    47641    18223    73889    36119    69222    74219    76197   108216   125243    33416    69511   100132    35630   108216    21592    95901    47641   125243    11593   135026   133423    70346   106975    53519    74242    40372    62161    73889    43295    12231    89423    53519 
   58927    51617    23568    21800    84675    45037    46589   128061    80759   101086    43278    24380    94678    79598    36871    84796    45037    30290    68528    60315    78444   150576    27139    36622     5788        0    67158    20919    84675    92524    20565    76558    36871    88715    63299    20919    33321    51402    81049   113953   115765    48876    61194    88715   103622    41446    49654    49654    83571   100964    49654    89483    59229   136649    74697    59229    21800    11743    55477    60921    96485    11743    43278    49676    59229    35338    93054    35338    86558   114853    35338    37353    74096     5788    84291   128102    10396    79987    57739    49654    79598    37353    87159   106473   115761    65469    95952    45716   109012    49655    42179    51617    90237    55477   101708   109012    24380    94678    65469    23568   115765    53091    84675    73024    25569    59571    69652    57885    74697    20565    23568    55477   106473   150576    38397    49655    93054    21800   150576   117277    59571    42179    23568    79598    41829    74932    79929    76558   113926   130952    39126    74697   100132    36218   113926    27301   101086    42179   130952    11982   140736   139132    73865   112161    59229    79951    46081    62636    79598    48876     9099    95132    59229 
   62279   101438    57830    76762    39004    71882    99915    52527    34181    51191    25733   100419    36047    72431    72953    82670    71882    78971    59095    81505    71495    79244    56681    32919    61448    67158        0    62868    39004    85437    48242   103097    72953    34001    45622    62868    36735    22879    36170    83906    86023    35173    38925    34001    78679    70919    48763    48763    75976    56555    48763    81434    51621    61115    23677    51621    76762    59198    14693    11514    89411    59198    25733    18351    51621    38490    33153    38490    28146    52662    38490    73266    66790    61448    24177    97863    67790    59221    56229    48763    72431    73266    91831    75935    85218    69537    40898    83301    78810    92398    92821   101438    74071    14693    40970    78810   100419    36047    69537    57830    86023    53644    39004    62538    42606    31401    10154    64676    23677    48242    57830    14693    75935    79244    46612    92398    33153    76762    79244    87338    31401    92821    57830    72431    81543    18732   109035   103097   107258    69177    64206    23677    76773    82734   107258    75222    51191    92821    69177    76401    76478    75037     7837    67944    51621    72588    30340    65909    72431    35173    73451    78186    51621 
   43357    36047     7041    14170    78736    29527    31019   122122    74680    77371    35057    36392    90388    64029    21370    69226    29527    23687    58397    43856    67581   135006    37312    30683    15140    20919    62868        0    78736    81524    23509    65449    21370    83545    47730        0    21486    40950    61157    98384   100195    29639    54115    83545    97896    25946    34084    34084    68001    95837    34084    73913    43659   130710    68758    43659    14170    23593    51187    56631    85498    23593    35057    39224    43659    22279    88764    22279    82268   108914    22279    21783    58527    15140    81094   112532    17916    64417    41281    34084    64029    21783    71589    90903   100192    49900    90870    30215    93442    34154    37781    36047    74668    51187    95769    93442    36392    90388    49900     7041   100195    42495    78736    57454    12717    47366    65362    42315    68758    23509     7041    51187    90903   135006    42088    34154    88764    14170   135006   101707    47366    37781     7041    64029    26259    70642    64359    65449    98356   115383    23556    68758    89383    27450    98356    14669    77371    37781   115383    21694   125166   123563    70672    91728    43659    64382    35806    47066    64029    29639    25806    79563    43659 
