dep35 0 0 60
**************************************DATA
13 168 480 8 1.33
**************************************DISTANCE
       0    40621    39162    30423    59636    54300    64337    67565    22157    37450     6460    39750    38059    32411    48380    42755    41703    58888    41703    83702    36326    70231    68523    70231    54848    62836    23706    58825    29623    41201    26671    57096    17118    71944    31092    84093    58888    54300    50177    74982    34431    55972    32439    68767    53025    21369    55092    84093    10955    31328    60211    44589    62411    26978    24059    62302    27177    52310    24059    29623    33191    21384    29623    49544     9714    63651    41201    78012    34595    23706    38880    34356    38548    62837    36929    42244    40890    42885    11584    37626    49749    71443    16748    38880    61341    41205    42755    62411    21369    62096    58888    33220    29198    40890    56249    43853    11378    33220    33784    56249    65416    62096    82611    37626    23242    64337    16748    37450    68523    47859    32990    33191    51670    32411    46132    83702    64337    33220    12021    53532    29198    27177    23706    44721    37626    46185    18445    26978    65601    48141    36339    62836    41201     3298    19103    41201    20601    84093    62302     9714    26978    34483    68353    33784    31328    14745    40015    24059    45548     3298    71535    22159    53766    71944    24059    28711    50699    10955    36326    32867    70231    37227    32411    44589    21369    68523    65601    11584    23242 
   40621        0    70561    58144    70223    28433    90004    93227    42127    64082    34474    65231    35726    58555    20820    31085    72409    84844    72409   109063    61285    95774    48330    95774    85298    94452    62837    89619    36318    48374    30268    29535    58906    64148    70458   115194    84844    28433    69538   106597    64875    87370    16776    48614    54253    36668    52136   115194    29281    61773    86356    18640    47022    72857    55675    87782    58793    83030    55675    36318    59701    56498    36318    14973    45631    74237    48374   109627    65063    62837    42404    11003    64169    28416    67382    66456    72506    36991    47787    63689    74162    68324    37863    42404    61348    66685    31085    47022    36668    92292    84844    78471    54678    72506    55288     9218    38920    78471    54709    55288    91822    92292   114010    63689    57872    90004    37863    64082    48330    44359    36298    59701    44486    58555    48553   109063    90004    78471    40685    79012    54678    58793    62837    70506    63689     7735    53003    72857    68425    73931    66890    94452    48374    39249    24081    48374    65672   115194    87782    45631    72857    43014    93899    54709    61773    33705    70380    55675    76947    39249    71433    41983    79247    64148    55675    54191    76911    29281    61285    66010    95774    68625    58555    18640    36668    48330    68425    47787    57872 
   39162    70561        0    19862    53650    84240    65529    64264    41644    52017    44630    60891    49491    33603    78320    77403    18363    55587    18363    71356    39474    66930    62538    66930    20441    28429    17764    47835    35559    35216    56611    87036    22752    65959     8370    83034    55587    84240    64744    69072    13268    14645    81184    62781    47039    34212    49107    83034    45772    17863    52324    74529    56426    23869    18386    70660    26118    17903    18386    35559    42606    44920    35559    79484    30178    57665    35216    76953    22018    17764    44341    64296    35246    92777    15956    43436    14432    75219    35054    38818    41874    64613    44795    44341    75908    40917    77403    56426    34212    28359    55587    27234    31816    14432    82405    73793    47456    27234    38006    82405    62115    28359    71248    38818    14723    65529    44795    52017    62538    64367    62930    42606    66237    33603    40147    71356    65529    27234    33561    48303    31816    26118    17764    41420    38818    76125    22915    23869    59615    44840     5556    28429    35216    43633    53963    35216    38288    83034    70660    30178    23869    44060    69545    38006    17863    49605    28436    18386    11012    43633    65549    49391    79923    65959    18386    41918    65266    45772    39474    26019    66930    20957    33603    74529    34212    62538    59615    35054    14723 
   30423    58144    19862        0    65714    75192    49663    45865    34306    36890    36195    32958    62482    18476    69456    65706    15847    37188    15847    50699    24347    50719    75833    50719    34931    42919    16912    38590    48524    47280    44195    74619    23753    78022    19919    62791    37188    75192    49617    59826    10276    36671    59002    78754    59103    42351    61170    62791    36718     7173    32081    65399    68490    33057     5427    42727     8036    32393     5427    48524    27428    29793    48524    67068    16543    69729    47280    56709     5979    16912    57284    51880    16848    80361     8545    26084    15035    60092    22638    22952    21533    77521    36533    57284    60532    26312    65706    68490    42351    36240    37188    39298    17714    15035    54472    61376    35039    39298    22537    54472    46768    36240    61380    22952     7446    49663    36533    36890    75833    73063    50514    27428    51110    18476    52210    50699    49663    39298    21145    33958    17714     8036    16912    25451    22952    63709     8499    33057    71679    28876    16422    42919    47280    31216    41546    47280    25871    62791    42727    16543    33057    56124    53679    22537     7173    37188    16844     5427    14655    31216    82034    34208    51990    78022     5427    26934    49654    36718    24347     5956    50719    14141    18476    65399    42351    75833    71679    22638     7446 
   59636    70223    53650    65714        0    97194   105073   103613    39672    86532    79671    87680    29347    73881    74088    35279    79979    95230    79979   119449    79673   106160     9104   106160    50928    56965    54832    97189    32862    23703    91108    71486    50902    15153    48545   122764    95230    97194    91987   114200    69516    61673    48604    13591    10698    39787    13486   122764    80194    66413    92602    87401    14335    34437    63278    98168    65779    57333    63278    32862    82150    78437    32862    69725    57066     5628    23703   117230    72633    54832    22671    77335    74555    61728    72022    81525    80109   113622    51453    78758    81732    19996    45147    22671   110238    81753    35279    14335    39787    99861    95230    28481    73155    80109   104178    73535    54417    28481    77978   104178   102208    99861   121579    78758    60945   105073    45147    86532     9104    20891    97165    82150    99754    73881    19272   119449   105073    28481    67796    89399    73155    65779    54832    80892    78758    56278    60382    34437     7561    84317    56887    56965    23703    64175    58088    23703    45677   122764    98168    57066    34437    28748   108968    77978    66413    49017    77950    63278    63239    64175    16887    83914   101696    15153    63278    76640    99360    80194    79673    73580   106160    76195    73881    87401    39787     9104     7561    51453    60945 
   54300    28433    84240    75192    97194        0    52008    94612    82181    28114    48275    42199    62273    59458    24389    64517    86472    85935    86472   110749    54674    97278    85838    97278    99617   107605    76040    94256    67677   100233    16931    33105    72694    99880    84605   119524    85935        0    31307   110413    79199   101050    43619    86081    91913    63564    89186   119524    26224    76097    87258    13889    84415    86010    68828    87405    62608    97079    68828    67677    43036    29497    67677    29945    59310   101208   100233   113443    79363    76040    69247    20323    65595    38629    81698    54631    85659     9847    61013    58445    76795   108703    64758    69247    34621    66308    64517    84415    63564   106865    85935    92252    54301    85659    28211    26477    60335    92252    50399    28211    92463   106865   115180    58445    74702    52008    64758    28114    85838    71202    15006    43036    18977    59458   105164   110749    52008    92252    53838    78636    54301    62608    76040    71768    58445    34819    68802    86010    95395    75188    81108   107605   100233    52401    50181   100233    78825   119524    87405    59310    86010    74392    54916    50399    76097    60600    75446    68828    90626    52401   109092    31466    32381    99880    68828    40056    25340    26224    54674    77635    97278    82305    59458    13889    63564    85838    95395    61013    74702 
   64337    90004    65529    49663   105073    52008        0    48702    70470    26800    64637    23538    98646    32860    73374   106488    59533    40788    59533    64671    29729    51383   111997    51383    80266    87796    63848    64455    84688    87442    52105    82089    59917   117381    64796    78441    40788    52008    21274    64523    59843    82338   104795   114918    98635    78515   101204    78441    65160    56741    46050    62896   107848    72415    50078    40364    45465    77998    50078    84688    28128    35383    84688    98679    57826   109087    87442    67817    51864    63848    93448    83740    42471   112221    57040    26379    58476    44686    62104    29089    44721   115304    72697    93448    33919    29028   106488   107848    78515    79416    40788    78656    37097    58476    32290    93236    70160    78656    33475    32290    28536    79416    77257    29089    52840        0    72697    26800   111997   109227    46281    28128    35365    32860    91569    64671        0    78656    49244    38191    37097    45465    63848    39565    29089    95569    42407    72415   111037    32477    61857    87796    87442    52103    82335    87442    65230    78441    40364    57826    72415    89079    10157    33475    56741    73901    52632    50078    66490    52103   118199    33029    18062   117381    50078    39751    29851    65160    29729    46823    51383    55020    32860    62896    78515   111997   111037    62104    52840 
   67565    93227    64264    45865   103613    94612    48702        0    69205    64563    67866    37951    97381    40752   101127   103604    55736    11884    55736    14091    45384    10845   110732    10845    79001    86336    62583    20506    83423    85178    79303   109842    58652   115921    63336    34421    11884    94612    49779    25046    58578    81073   108024   113654    97002    77250    99069    34421    68389    55476    14645    97070   106388    70955    48618    14584    42260    75810    48618    83423    42057    57466    83423   102150    56561   107627    85178    28340    47396    62583    92183    86962    30295   115443    45644    36519    44908    87765    60839    40480    26562   115420    71432    92183    88369    32095   103604   106388    77250    44204    11884    77196    45551    44908    82309    96458    72938    77196    50374    82309    21761    44204    33308    40480    53433    48702    71432    64563   110732   107962    75328    42057    78783    40752    90109    14091    48702    77196    52466    18433    45551    42260    62583    29859    40480    98791    42487    70955   109577    22508    59839    86336    85178    66299    79445    85178    63770    34421    14584    56561    70955    87814    44019    50374    55476    75087    29805    48618    52664    66299   116934    62045    52258   115921    48618    54771    77491    68389    45384    36951    10845    38280    40752    97070    77250   110732   109577    60839    53433 
   22157    42127    41644    34306    39672    82181    70470    69205        0    50197    23812    51194    29510    38544    77219    36649    45585    60528    45585    76297    44416    69674    39578    69674    25955    40128    11817    62707    15552    21237    55510    85934    11377    51980    12450    87976    60528    82181    62925    78864    38313    36748    37180    48802    33060     9396    35128    87976    34331    31121    57265    73427    42447     5815    27941    61682    31059    32493    27941    15552    45664    43101    15552    78383    20580    43686    21237    81894    38477    11817    24312    63195    40188    58836    35535    45038    44773    73400    14763    43759    45246    51479     5832    24312    74089    45267    36649    42447     9396    65979    60528    13255    36669    44773    67692    72691    11647    13255    41491    67692    65722    65979    85093    43759    25693    70470     5832    50197    39578    33292    61828    45664    64417    38544    27833    76297    70470    13255    32460    52912    36669    31059    11817    46361    43759    35858    25404     5815    45636    47831    21855    40128    21237    28838    20259    21237     6371    87976    61682    20580     5815    19878    74487    41491    31121     9702    41464    27941    27520    28838    51683    47428    65210    51980    27941    40154    62874    34331    44416    37093    69674    39709    38544    73427     9396    39578    45636    14763    25693 
   37450    64082    52017    36890    86532    28114    26800    64563    50197        0    37750    18292    78374    29508    49479    64208    51154    56180    51154    80399    19494    67110    91724    67110    66754    74990    43575    62502    64415    67170    22245    58194    39644    97773    51914    88077    56180    28114     6482    80463    46331    68826    77908    94646    78363    58242    80932    88077    27585    43229    57309    39002    87877    53874    37272    59118    32659    64486    37272    64415    14723     9862    64415    71792    31269    90547    67170    83493    43808    43575    73175    56889    35505    86299    48837    37792    50494    24091    38173    23247    55243    95032    52424    73175    25585    38021    64208    87877    58242    71037    56180    60115    22507    50494    19526    67314    44238    60115    18524    19526    63158    71037    86893    23247    39328    26800    52424        0    91724    88955    16386    14723    15918    29508    73028    80399    26800    60115    23322    50348    22507    32659    43575    41842    23247    40710    27811    53874    92496    45267    48346    74990    67170    31174    40576    67170    46689    88077    59118    31269    53874    68807    41638    18524    43229    47014    43264    37272    58403    31174    97926     7240    15576    97773    37272    11769    14708    27585    19494    39939    67110    45652    29508    39002    58242    91724    92496    38173    39328 
    6460    34474    44630    36195    79671    48275    64637    67866    23812    37750        0    39300    36847    32711    42234    36467    47475    59189    47475    84003    36626    70532    53616    70532    60620    68608    37044    64596    30300    61236    15762    50949    33697    91979    45608    89865    59189    48275    50478    80753    40202    61440    26474    53859    48479    22445    50547    89865     4955    37100    60512    38442    52193    47013    29831    61851    32949    58082    29831    30300    33770    30654    30300    43397    17422    83686    61236    83783    40367    37044    39627    28210    38848    56690    41451    40526    46662    41470    16937    37926    50049    91478    18403    39627    61642    40754    36467    52193    22445    67868    59189    53255    28747    46662    55798    37706    13032    53255    28778    55798    65892    67868    88079    37926    35705    64637    18403    37750    53616    48607    22081    33770    36463    32711    43627    84003    64637    53255    14841    53082    28747    32949    37044    45022    37926    20580    29805    47013    85636    48000    42111    68608    61236     9580    12815    61236    22256    89865    61851    17422    47013    37026    68654    28778    37100    15821    45787    29831    51016     9580    91257    20995    53316    91979    29831    28260    51000     4955    36626    40079    70532    42695    32711    38442    22445    53616    85636    16937    35705 
   39750    65231    60891    32958    87680    42199    23538    37951    51194    18292    39300        0    80525    15185    72990    81214    47439    30141    47439    57176     8799    43704    96567    43704    63134    71122    45053    52846    66593    69246    51281    81706    41706    99988    48122    67797    30141    42199    14307    58421    42716    64936    81333    96811    81069    60479    83136    67797    40442    39614    33668    54733    90456    55022    33404    28518    28791    60596    33404    66593     7199    18670    66593    74154    33412    91695    69246    61716    32863    45053    75374    58966    16731    87447    45215     7159    46626    37114    39948    10038    31496    99487    54345    75374    37810    10744    81214    90456    60479    67832    30141    61264    18495    46626    31114    68463    45590    61264    12411    31114    33731    67832    67613    10038    38220    23538    54345    18292    96567    91159    38066     7199    28132    15185    74176    57176    23538    61264    24470    25061    18495    28791    45053    20090    10038    70795    24721    55022    93645    19365    44625    71122    69246    32091    57562    69246    47837    67797    28518    33412    55022    78090    27554    12411    39614    48857    34036    33404    47087    32091    99579    19106    16847    99988    33404    17486    25735    40442     8799    27767    43704    35729    15185    54733    60479    96567    93645    39948    38220 
   38059    35726    49491    62482    29347    62273    98646    97381    29510    78374    36847    80525        0    66720    53976    11908    73762    88704    73762   104473    72592   100047    15335   100047    46660    60833    42427    90883    15511    25141    46258    53890    41204    29377    39722   116152    88704    62273    91101   107040    66489    57513    20404    15578    20315    23607    13973   116152    39530    63387    85442    52857    16569    27374    56118    91013    59236    53198    56118    15511    74995    71277    15511    48173    49911    33362    25141   110070    66654    42427     7666    46148    68364    44164    64867    74369    72949    71037    46145    71935    74992    40857    30084     7666   102265    74598    11908    16569    23607    79788    88704    26053    66000    72949    97023    42482    30689    26053    70822    97023    95232    79788   114424    71935    53869    98646    30084    78374    15335    10238    52577    74995    66959    66720    17232   104473    98646    26053    60636    82243    66000    59236    42427    74537    71935    32520    53580    27374    24892    77162    46894    60833    25141    47744    25687    25141    38517   116152    91013    49911    27374    17916   102663    70822    63387    26230    72073    56118    59079    47744    41223    58264    94541    29377    56118    69485    91623    39530    72592    66424   100047    69040    66720    52857    23607    15335    24892    46145    53869 
   32411    58555    33603    18476    73881    59458    32860    40752    38544    29508    32711    15185    66720        0    65973    74562    28756    32370    28756    56588     7036    43300    80071    43300    48340    56466    31922    41094    52762    55516    44148    74688    27991    86120    33500    66669    32370    59458    23466    57341    27917    50412    72870    82993    66710    46589    69279    66669    33234    24815    33493    61915    76224    41265    18418    35308    15519    46072    18418    52762     9655    22646    52762    66753    25900    78232    55516    60736    21088    31922    61522    51850    11694    75557    26264     9312    28119    56598    30178     6545    31433    83379    40771    61522    53215     9541    74562    76224    46589    48639    32370    47556     4975    28119    47155    61079    38385    47556     9798    47155    39348    48639    65484     6545    20914    32860    40771    29508    80071    77302    50200     9655    43900        0    59106    56588    32860    47556    17544    26538     4975    15519    31922    18032     6545    64288    10482    41265    80077    21456    29932    56466    55516    30963    50911    55516    33570    66669    35308    25900    41265    57154    36755     9798    24815    41975    21855    18418    39989    30963    86273    26891    25945    86120    18418    19617    42337    33234     7036    16046    43300    24244        0    61915    46589    80071    80077    30178    20914 
   48380    20820    78320    69456    74088    24389    73374   101127    77219    49479    42234    72990    53976    65973        0    41411    80736    92450    80736   117264    69888   103534    62497   103534    93881   101869    70597    97858    54568    94498    37396     9534    66666    76774    78869   123126    92450    24389    52672   114015    72635    95130    29104    62781    68807    57404    66080   123126    37041    69533    93773    14596    61309    80275    63092    95541    66210    91343    63092    54568    67460    63915    54568     5090    53390    78102    94498   117045    73628    70597    60654    14587    72110    15824    75141    74216    79923    32848    55278    71188    81922    85597    58599    60654    55987    74444    41411    61309    57404   101129    92450    86516    62437    79923    51245    13454    54599    86516    62468    51245    99582   101129   121769    71188    68967    73374    58599    49479    62497    62246    43715    67460    40343    65973    67202   117264    73374    86516    48103    86772    62437    66210    70597    78266    71188    26384    63066    80275    72290    81690    75372   101869    94498    46666    44446    94498    73089   123126    95541    53390    80275    60601    76281    62468    69533    54865    78140    63092    84706    46666    85600    49743    55415    76774    63092    61950    46819    37041    69888    73769   103534    76385    65973    14596    57404    62497    72290    55278    68967 
   42755    31085    77403    65706    35279    64517   106488   103604    36649    64208    36467    81214    11908    74562    41411        0    79970    95222    79970   119440    77268   106152    23935   106152    74680    80255    54824    97180    21834    33364    46157    38809    50893    36122    46852   123282    95222    64517    85521   114171    69507    85425    15769    24219    29859    27780    27272   123282    39142    66405    92572    54724    22501    34504    63248    98159    66366    81085    63248    21834    75683    56718    21834    37048    47329    39294    33364   117201    72624    54824    17970    44247    75494    28965    72013    82439    80079    66396    48586    79777    81723    46789    34671    17970    81339    82668        0    22501    27780   101414    95222    51457    70661    80079    75279    37841    34974    51457    70692    75279   102200   101414   121571    79777    60936   106488    34671    64208    23935    20542    52188    75683    73891    74562    27521   119440   106488    51457    56692    89390    70661    66366    54824    80884    79777    27879    60711    34504    33481    84308    54024    80255    33364    47355    25298    33364    45647   123282    98159    47329    34504    28530   109882    70692    66405    30513    77942    63248    86991    47355    47038    57872    95230    36122    63248    70174    92894    39142    77268    73571   106152    76186    74562    54724    27780    23935    33481    48586    60936 
   41703    72409    18363    15847    79979    86472    59533    55736    45585    51154    47475    47439    73762    28756    80736    79970        0    47059        0    52949    33388    57505    87112    57505    33212    29240    31230    30393    59803    61544    58459    88884    35032    92287    22294    62459    47059    86472    63882    51630    13164    20479    70281    90034    73368    53630    75435    62459    47997    14940    35591    76679    82754    47321    20637    49513    19756    23289    20637    59803    41909    44058    59803    81332    32941    83994    61544    60220    10112    31230    68563    66145    26718    94625    10976    35740     3881    74357    36902    32822    23783    91786    47812    68563    75012    32214    79970    82754    53630    21022    47059    53563    32194     3881    68953    75641    49304    53563    37017    68953    53553    21022    55516    32822    21842    59533    47812    51154    87112    84343    64778    41909    65374    28756    66475    52949    59533    53563    35410    40743    32194    19756    31230    32237    32822    77973    22763    47321    85943    35662    18848    29240    61544    45481    55811    61544    40136    62459    49513    32941    47321    70389    63550    37017    14940    51453    14440    20637    12583    45481    93314    48689    66471    92287    20637    41415    64135    47997    33388    13734    57505     8264    28756    76679    53630    87112    85943    36902    21842 
   58888    84844    55587    37188    95230    85935    40788    11884    60528    56180    59189    30141    88704    32370    92450    95222    47059        0    47059    30693    38358    20683   102055    20683    70324    77953    53906    23179    74746    76796    70625   101165    49975   107538    54953    42602        0    85935    41970    33490    49901    72396    99347   104976    88693    68573    90686    42602    59711    46799     7681    88392    98006    62573    40236     9790    33878    68056    40236    74746    40977    49084    74746    93230    47884    99245    76796    36520    39390    53906    83506    78580    21912   107060    44566    27842    45762    79383    52162    32098    14362   107038    62755    83506    79692    23418    95222    98006    68573    46654        0    68814    36874    45762    73632    88076    64555    68814    41697    73632    16678    46654    41374    32098    42898    40788    62755    56180   102055    99285    66945    40977    70400    32370    81727    30693    40788    68814    44084     7588    36874    33878    53906    13364    32098    90408    34104    62573   101195    13831    51456    77953    76796    57916    71062    76796    55387    42602     9790    47884    62573    79137    36210    41697    46799    67554    25573    40236    61973    57916   108257    53368    44449   107538    40236    46094    68814    59711    38358    34348    20683    34047    32370    88392    68573   102055   101195    52162    42898 
   41703    72409    18363    15847    79979    86472    59533    55736    45585    51154    47475    47439    73762    28756    80736    79970        0    47059        0    52949    33388    57505    87112    57505    33212    29240    31230    30393    59803    61544    58459    88884    35032    92287    22294    62459    47059    86472    63882    51630    13164    20479    70281    90034    73368    53630    75435    62459    47997    14940    35591    76679    82754    47321    20637    49513    19756    23289    20637    59803    41909    44058    59803    81332    32941    83994    61544    60220    10112    31230    68563    66145    26718    94625    10976    35740     3881    74357    36902    32822    23783    91786    47812    68563    75012    32214    79970    82754    53630    21022    47059    53563    32194     3881    68953    75641    49304    53563    37017    68953    53553    21022    55516    32822    21842    59533    47812    51154    87112    84343    64778    41909    65374    28756    66475    52949    59533    53563    35410    40743    32194    19756    31230    32237    32822    77973    22763    47321    85943    35662    18848    29240    61544    45481    55811    61544    40136    62459    49513    32941    47321    70389    63550    37017    14940    51453    14440    20637    12583    45481    93314    48689    66471    92287    20637    41415    64135    47997    33388    13734    57505     8264    28756    76679    53630    87112    85943    36902    21842 
   83702   109063    71356    50699   119449   110749    64671    14091    76297    80399    84003    57176   104473    56588   117264   119440    52949    30693    52949        0    61220    13844   117824    13844    94184    66601    69675    22838    90515   101014    95113   125537    65744   131757    79172    21917    30693   110749    65905    16330    55227    66348   124161   120745   112838    84342   114905    21917    84526    57094    30067   113207   122224    86791    64454    29851    47320    91646    64454    90515    65791    73302    90515   117986    63653   123464   101014    15836    48459    69675    99275   102798    46131   131279    53039    52656    52155   103601    76372    56317    33957   131256    78524    99275   104290    48233   119440   122224    84342    46629    30693    93033    61688    52155    98446   112295    88774    93033    66511    98446    38057    46629    23670    56317    69269    64671    78524    80399   117824   115054    91164    65791    94619    56588   105945        0    64671    93033    68302    38698    61688    47320    69675    41703    56317   114627    51923    86791   125413    38645    75675    66601   101014    82135    95281   101014    79606    21917    29851    63653    86791   109859    60100    66511    57094    90923    37200    64454    60059    82135   124026    78182    68554   131757    64454    70908    93628    84526    61220    44346    13844    45674    56588   113207    84342   117824   125413    76372    69269 
   36326    61285    39474    24347    79673    54674    29729    45384    44416    19494    36626     8799    72592     7036    69888    77268    33388    38358    33388    61220        0    47932    85943    47932    54212    62396    37793    45726    58633    61238    48063    78603    33863    91981    39396    72763    38358    54674    19373    63651    33789    56284    76784    88864    72581    52460    75129    72763    37149    30686    34711    65830    82449    47015    24678    35431    20065    51944    24678    58633     5562    14725    58633    70208    30144    83688    61238    66681    25720    37793    67394    55020    18017    83501    30896     8418    37900    48153    36049     3544    32704    91480    46642    67394    48431     9320    77268    82449    52460    59106    38358    53257    10471    37900    42371    64517    41441    53257     8225    42371    31358    59106    70116     3544    29494    29729    46642    19494    85943    83173    32191     5562    39170     7036    66169    61220    29729    53257    20525    31170    10471    20065    37793    18652     3544    66849    17155    47015    85638    20459    35899    62396    61238    28145    53616    61238    39830    72763    35431    30144    47015    63025    32706     8225    30686    45890    26487    24678    45860    28145    92144    22107    21852    91981    24678    14833    37553    37149        0    20678    47932    28876     7036    65830    52460    85943    85638    36049    29494 
   70231    95774    66930    50719   106160    97278    51383    10845    69674    67110    70532    43704   100047    43300   103534   106152    57505    20683    57505    13844    47932        0   115048        0    80895    88883    65249    31258    86089    87726    81824   112249    60187   118468    65883    35670    20683    97278    52617    27367    60478    83739   110690   115291    99549    79916   101616    35670    71054    57375    26880    99742   108936    73503    51166    16379    44808    78358    51166    86089    52320    60014    86089   104698    59227   110175    87726    29589    49944    65249    94849    89510    32842   117990    55909    39184    56692    90313    63084    43028    34730   117968    72825    94849    91001    34761   106152   108936    79916    77898    20683    79744    48217    56692    84975    99006    75485    79744    53040    84975    24586    77898    34271    43028    55981    51383    72825    67110   115048   110628    77875    52320    81330    43300    92657    13844    51383    79744    55014    26489    48217    44808    65249    32069    43028   101339    45034    73503   112125    25174    62386    88883    87726    68846    81992    87726    66317    35670    16379    59227    73503    96570    46811    53040    57375    77635    42689    51166    73316    68846   119599    64711    55083   118468    51166    57437    80157    71054    47932    45691        0    53889    43300    99742    79916   115048   112125    63084    55981 
   68523    48330    62538    75833     9104    85838   111997   110732    39578    91724    53616    96567    15335    80071    62497    23935    87112   102055    87112   117824    85943   115048        0   115048    56909    63401    63719   104234    25587    31775    82500    59850    54555    14171    53365   129503   102055    85838   104452   120391    78403    70560    37248     3815    11857    33683    10707   129503    56290    75301    98792    76045     6698    40628    69468   107055    72586    63446    69468    25587    91037    84628    25587    58134    65953    10584    31775   123421    80004    63719    17489    65405    81715    50124    80909    90412    86300    90341    59496    85286    90619    23736    39720    17489   115616    90641    23935     6698    33683    83954   102055    34360    82042    86300   113066    61785    61035    34360    86865   113066   111096    83954   130467    85286    67220   111997    39720    91724        0    13605    88818    91037   105944    80071    25463   117824   111997    34360    73987    98286    82042    72586    63719    87888    85286    45124    66931    40628     9686    93204    63720    63401    31775    70365    42542    31775    51867   129503   107055    65953    40628    27461   116014    86865    75301    40399    86837    69468    72126    70365    20891    92802   110583    14171    69468    85527   108248    56290    85943    82467   115048    85082    80071    76045    33683        0     9686    59496    67220 
   70231    95774    66930    50719   106160    97278    51383    10845    69674    67110    70532    43704   100047    43300   103534   106152    57505    20683    57505    13844    47932        0   115048        0    80895    88883    65249    31258    86089    87726    81824   112249    60187   118468    65883    35670    20683    97278    52617    27367    60478    83739   110690   115291    99549    79916   101616    35670    71054    57375    26880    99742   108936    73503    51166    16379    44808    78358    51166    86089    52320    60014    86089   104698    59227   110175    87726    29589    49944    65249    94849    89510    32842   117990    55909    39184    56692    90313    63084    43028    34730   117968    72825    94849    91001    34761   106152   108936    79916    77898    20683    79744    48217    56692    84975    99006    75485    79744    53040    84975    24586    77898    34271    43028    55981    51383    72825    67110   115048   110628    77875    52320    81330    43300    92657    13844    51383    79744    55014    26489    48217    44808    65249    32069    43028   101339    45034    73503   112125    25174    62386    88883    87726    68846    81992    87726    66317    35670    16379    59227    73503    96570    46811    53040    57375    77635    42689    51166    73316    68846   119599    64711    55083   118468    51166    57437    80157    71054    47932    45691        0    53889    43300    99742    79916   115048   112125    63084    55981 
   54848    85298    20441    34931    50928    99617    80266    79001    25955    66754    60620    63134    46660    48340    93881    74680    33212    70324    33212    94184    54212    80895    56909    80895        0    15708    28073    47098    32702    32493    72057   102596    30191    63236    16640    75111    70324    99617    72457    64282    27671    15374    55705    59830    44316    31352    46384    75111    61143    29381    67061    89824    53703    21147    33124    72903    40855     6749    33124    32702    57604    59658    32702    94222    43350    54942    32493    91690    36755    28073    41462    79034    49984   107515    29799    56260    29169    89957    40018    53555    56467    42305    31430    41462    90708    56488    74680    53703    31352    36260    70324    24511    47890    29169    84648    88530    35192    24511    52713    84648    76943    36260    69796    53555    29460    80266    31430    66754    56909    54139    77667    57604    80974    48340    37424    94184    80266    24511    48299    64134    47890    40855    28073    55627    53555    90863    37652    21147    56892    59052    20293    15708    32493    58370    44798    32493    32389    75111    72903    43350    21147    41338    83703    52713    29381    35349    41868    33124    25941    58370    48084    64384    82166    63236    33124    57110    79830    61143    54212    39666    80895    35692    48340    89824    31352    56909    56892    40018    29460 
   62836    94452    28429    42919    56965   107605    87796    86336    40128    74990    68608    71122    60833    56466   101869    80255    29240    77953    29240    66601    62396    88883    63401    88883    15708        0    40763    42665    46874    46526    80045   110584    45528    69450    32557    68305    77953   107605    80445    57328    35659    11091    91415    66079    55972    45524    58462    68305    69131    37369    75187    97812    59311    35141    41249    80891    48502    13057    41249    46874    65592    67784    46874   102649    54074    61562    46526    76958    41611    40763    55634    87746    57278   111453    37787    64248    28308   102080    58352    61481    64455    49637    45603    55634    98696    64476    80255    59311    45524    20361    77953    38566    55878    28308    92636    96975    54873    38566    60701    92636    84931    20361    62911    61481    37880    87796    45603    74990    63401    65866    85793    65592    89100    56466    51418    66601    87796    38566    56425    72121    55878    48502    40763    63615    61481   100185    45760    35141    62929    67040    28891        0    46526    66496    76826    46526    61151    68305    80891    54074    35141    46918    91691    60701    37369    49473    49856    41249    33928    66496    55986    72372    90154    69450    41249    65098    87818    69131    62396    47654    88883    43680    56466    97812    45524    63401    62929    58352    37880 
