dep40 0 0 60
**************************************DATA
10 132 480 8 1.33
**************************************DISTANCE
       0    68923   129041    88305   129041    47851   104899    69485   106034    74225   109827    57447    97885    68923    19943    67698   125337    88245    83603   125813    34528    54382   127354    50676    96707   126379    68045   100534    94907   140065    54483   125261   101846    48448   110070   129041    96707    81785   130372    96756   121787   130372    38649    48448   116391   115339    83489    19943    19943   110070   104899    42712    84228    93645    72636    48448    83600    78796   109471    63168    88305    73129   125337   114478    72440    88245    77030    63397   115339   129041    82498    63397   109525   126379   107825    84228   129041   113687   106034    81785    59435   109471    73129    65325   107154    54382    32229    93490   105264    22455    22455    86695   101137    96756   121787    66861    66861    88245    47851    38649   108995    88245    32229    73304    32229   125261   102371   110119    56776    96756    93645    77030    77286    78796    44346    69485    89218    44346   125813    77030   109035   105736    34528    66861   107045   110119    82498    29187    69485    79451   105264    96756    38649 
   68923        0   126545   120909   126545    66428   115584    81801   117993    50060    94360    81369    78514        0    71786    44443   123054    69329    63758   124949    41387    78655   124907    18462    77792   119886    28271    81163    74945   138165    16459   116372    84454    92731    99047   126545    77792    28652   103857   100476   110677   103857    38367    92731   112290    99836    59324    71786    71786    99047   115584    97333    97843    69584    52588    92731    60344    58951    90100    95688   120909    97740   123054    95143    53114    69329    39686    43736    99836   126545   102012    43736    95055   119886    93200    97843   126545    88732   117993    28652    30420    90100    97740    90079    91344    78655    73194    99183    91709    83213    83213    63440    89300   100476   110677    39306    39306    69329    66428    38367    91288    69329    73194    19350    73194   116372    79116   122504    20368   100476    69584    39686   100609    58951    76907    81801    37968    76907   124949    39686    90119   118004    41387    39306   103652   122504   102012    89627    81801    47151    91709   100476    38367 
  129041   126545        0    48752        0    96957    25090    63015    20879    87332    46875    71016    67986   126545   111215    92478    26301    60018    68188     5021   115234    87172    28317   117777    62133    31536    98365    59741    56159    19458   119207    30418    46858   100767    28801        0    62133   115855    43525    34231    34939    43525   109442   100767     8595    52387    78260   111215   111215    28801    25090   110355    47814    84617    76354   100767    86077    74612    60782   104206    48752    70572    26301    33209    87758    60018   107350    84955    52387        0    57349    84955    40018    31536    40933    47814        0    55837    20879   115855    93421    60782    70572    98115    44202    87172    90922    41987    41770   120172   120172    87120    42174    34231    34939    97181    97181    60018    96957   109442    49625    60018    90922   139631    90922    30418    71156    15922   113921    34231    84617   107350    66467    74612    82556    63015   123288    82556     5021   107350    54065    45712   115234    97181    16474    15922    57349   116190    63015    94373    41770    34231   109442 
   88305   120909    48752        0    48752    55993    24834    39091    30274    79978    51494    33154    61297   120909    73421    86843    64896    54382    59389    63205    67795    27383    64745    89552    58017    66896    90805    63946    44682    78065    93344    63382    43473    37166    47687    48752    58017   110219    67705    34113    59178    67705    74565    37166    52190    56969    71509    73421    73421    47687    24834    49577    27632    77928    68065    37166    81961    65813    72883    27159        0    24107    64896    47884    82122    54382   101714    75472    56969    48752    11000    75472    51478    66896    49560    27632    48752    56029    30274   110219    77698    72883    24107    29179    48774    27383    40488    37715    50785    80372    80372    83004    42885    34113    59178    91545    91545    54382    55993    74565    53221    54382    40488   133995    40488    63382    83778    32703   106361    34113    77928   101714    25695    65813    42430    39091   117652    42430    63205   101714    61243    17392    67795    91545    45495    32703    11000    74386    39091    87019    50785    34113    74565 
  129041   126545        0    48752        0    96957    25090    63015    20879    87332    46875    71016    67986   126545   111215    92478    26301    60018    68188     5021   115234    87172    28317   117777    62133    31536    98365    59741    56159    19458   119207    30418    46858   100767    28801        0    62133   115855    43525    34231    34939    43525   109442   100767     8595    52387    78260   111215   111215    28801    25090   110355    47814    84617    76354   100767    86077    74612    60782   104206    48752    70572    26301    33209    87758    60018   107350    84955    52387        0    57349    84955    40018    31536    40933    47814        0    55837    20879   115855    93421    60782    70572    98115    44202    87172    90922    41987    41770   120172   120172    87120    42174    34231    34939    97181    97181    60018    96957   109442    49625    60018    90922   139631    90922    30418    71156    15922   113921    34231    84617   107350    66467    74612    82556    63015   123288    82556     5021   107350    54065    45712   115234    97181    16474    15922    57349   116190    63015    94373    41770    34231   109442 
   47851    66428    96957    55993    96957        0    72815    34727    73951    44429    58657    27263    38238    66428    39764    37902    86100    32539    28074    93730    21423    44749    88117    37653    37060    86741    38248    40887    39201   107982    41459    85623    48251    58344    65181    96957    37060    55738    60027    64673    73887    60027    17969    58344    77154    55946    53692    39764    39764    65181    72815    65322    52144    63849    19714    58344    53803    34497    49823    61782    55993    55607    86100    60111    27878    32539    47233    25244    55946    96957    50186    25244    59051    86741    57479    52144    96957    48535    73951    55738    30763    49823    55607    55692    55666    44749    41147    61406    54918    51191    51191    56899    53373    64673    73887    37064    37064    32539        0    17969    54497    32539    41147    67878    41147    85623    58145    78074    43753    64673    63849    47233    45203    34497    19467    34727    63171    19467    93730    47233    49388    67206    21423    37064    67807    78074    50186    56593    34727    49655    54918    64673    17969 
  104899   115584    25090    24834    25090    72815        0    33766     6605    82911    42967    44609    56282   115584    87745    81518    52035    49057    62322    29261    90181    62120    51851   113114    52693    54035    87404    54631    41977    65204   114580    50520    41437    59590    34826    25090    52693   104894    54843    21211    46284    54843    96951    59590    27453    48508    68805    87745    87745    34826        0    72001    22308    72913    65393    59590    76637    68746    56805    49583    24834    46654    52035    38975    76797    49057    96390    78405    48508    25090    33424    78405    50022    54035    40610    22308    25090    49971     6605   104894    88153    56805    46654    51602    40247    62120    65869    27886    37891    96966    96966    77680    34457    21211    46284    86221    86221    49057    72815    96951    44768    49057    65869   128670    65869    50520    67277     9042   109294    21211    72913    96390    31979    68746    59252    33766   112328    59252    29261    96390    50186    21929    90181    86221    32634     9042    33424    88710    33766    89952    37891    21211    96951 
   69485    81801    63015    39091    63015    34727    33766        0    36130    43448    30831    12768    24767    81801    72546    47735    59524    15275    22859    57937    74109    52612    54601    73651    18910    56357    54275    27416     8151    74636    75117    52843    10567    61690    35517    63015    18910    71112    40328    29592    40370    40328    64698    61690    48760    36306    34979    72546    72546    35517    33766    71259    14979    41397    31535    61690    42854    29282    36352    69646    39091    53469    59524    31613    43014    15275    63277    38942    36306    63015    39725    38942    31525    56357    29671    14979    63015    26957    36130    71112    48690    36352    53469    59038    27814    52612    56362    18081    21402    81767    81767    43897    25770    29592    40370    52438    52438    15275    34727    64698    19828    15275    56362    94887    56362    52843    44670    40568    69831    29592    41397    63277    18791    29282    25738        0    78545    25738    57937    63277    31666    36186    74109    52438    40123    40568    39725    73511        0    50489    21402    29592    64698 
  106034   117993    20879    30274    20879    73951     6605    36130        0    79152    39209    49048    52523   117993    88880    83927    41862    51467    58563    25336    92545    64484    48158   109355    53582    47166    89814    50872    44299    39587   110821    43651    37678    78024    31067    20879    53582   107304    51085    17517    42590    51085   100891    78024    23242    44684    69723    88880    88880    31067     6605    87594    22255    69154    67803    78024    77526    64987    53046    55022    30274    51960    41862    35282    79207    51467    98799    74647    44684    20879    38853    74647    46263    47166    36852    22255    20879    46212        0   107304    84394    53046    51960    57032    36489    64484    68233    24192    34197    98101    98101    78569    30698    17517    42590    88630    88630    51467    73951   100891    41074    51467    68233   131080    68233    43651    63584     4831   105536    17517    69154    98799    34343    64987    60388    36130   114737    60388    25336    98799    46493    27358    92545    88630    27814     4831    38853    89846    36130    86193    34197    17517   100891 
   74225    50060    87332    79978    87332    44429    82911    43448    79152        0    42646    40228    27959    50060    68782     9903    83841    29930    20784    85550    47005    76151    85508    41293    31251    61029    21881    30609    36592    99802    43240    83014    45241    89746    62573    87332    31251    29144    45031    61659    52663    45031    37594    89746    73077    42784    10102    68782    68782    62573    82911    94340    58444    20258    19409    89746    10213    14713    30235    93184    79978    94899    83841    57502     6845    29930    16436    17271    42784    87332    73248    17271    49067    61029    48634    58444    87332    38155    79152    29144    19436    30235    94899    87094    42757    76151    70165    59785    52310    80208    80208    13308    50764    61659    52663    19616    19616    29930    44429    37594    40423    29930    70165    63146    70165    83014    28984    83291    37437    61659    20258    16436    62259    14713    55290    43448    39902    55290    85550    16436    36699    78791    47005    19616    65199    83291    73248    86218    43448     7879    52310    61659    37594 
  109827    94360    46875    51494    46875    58657    42967    30831    39209    42646        0    35711    16356    94360    91998    60294    33315    27834    35459    44744    86668    67955    38370    85593    13791    23632    66181    13096    23975    43879    87022    23747    13338    81550    23311    46875    13791    83671    10440    21715    10181    10440    77258    81550    33738     5671    34639    91998    91998    23311    42967    91138    28118    33687    44170    81550    42531    32017    15277    84989    51494    78870    33315    13758    46822    27834    56405    52771     5671    46875    54841    52771     7236    23632     9201    28118    46875     7055    39209    83671    61237    15277    78870    78898     3008    67955    71705    22309     8327   100955   100955    42475    13289    21715    10181    64997    64997    27834    58657    77258     5817    27834    71705   107446    71705    23747    25651    42834    81737    21715    33687    56405    37734    32017    54372    30831    76615    54372    44744    56405     8560    51147    86668    64997    24392    42834    54841    93638    30831    48696     8327    21715    77258 
   57447    81369    71016    33154    71016    27263    44609    12768    49048    40228    35711        0    32822    81369    64137    47302    69468    16293    19638    68827    44481    40094    70368    64875    31695    69393    53189    35471    20936    82636    72219    68275    22373    53689    52258    71016    31695    70679    45991    39770    57836    45991    42117    53689    56761    41329    37025    64137    64137    52258    44609    63277    27241    47032    31178    53689    46129    26062    44407    57128    33154    51009    69468    44060    42582    16293    62174    36044    41329    71016    33928    36044    44287    69393    42432    27241    71016    39719    49048    70679    48245    44407    51009    51173    32826    40094    43844    28881    38867    73094    73094    47172    38532    39770    57836    52005    52005    16293    27263    42117    31658    16293    43844    94455    43844    68275    52729    52765    68745    39770    47032    62174    18394    26062    13712    12768    78112    13712    68827    62174    43972    41872    44481    52005    50066    52765    33928    65647    12768    47020    38867    39770    42117 
   97885    78514    67986    61297    67986    38238    56282    24767    52523    27959    16356    32822        0    78514    73506    38922    53750    23072    18659    58921    70822    77396    58879    69774     4938    43554    50335     3826    17908    79607    71239    46124    25895    86470    40489    67986     4938    67825    22950    35030    26350    22950    61411    86470    53732    18885    19930    73506    73506    40489    56282    96040    39762    18278    28323    86470    27747    17229    12762    94429    61297    88310    53750    30873    32112    23072    41696    35065    18885    67986    64505    35065    23023    43554    22344    39762    67986    11865    52523    67825    45391    12762    88310    83818    16366    77396    81145    33980    21149   106547   106547    28790    30742    35030    26350    49151    49151    23072    38238    61411    14111    23072    81145    91600    81145    46124    21084    63946    65954    35030    18278    41696    43578    17229    44580    24767    62581    44580    58921    41696    12327    60966    70822    49151    45094    63946    64505    98291    24767    34010    21149    35030    61411 
   68923        0   126545   120909   126545    66428   115584    81801   117993    50060    94360    81369    78514        0    71786    44443   123054    69329    63758   124949    41387    78655   124907    18462    77792   119886    28271    81163    74945   138165    16459   116372    84454    92731    99047   126545    77792    28652   103857   100476   110677   103857    38367    92731   112290    99836    59324    71786    71786    99047   115584    97333    97843    69584    52588    92731    60344    58951    90100    95688   120909    97740   123054    95143    53114    69329    39686    43736    99836   126545   102012    43736    95055   119886    93200    97843   126545    88732   117993    28652    30420    90100    97740    90079    91344    78655    73194    99183    91709    83213    83213    63440    89300   100476   110677    39306    39306    69329    66428    38367    91288    69329    73194    19350    73194   116372    79116   122504    20368   100476    69584    39686   100609    58951    76907    81801    37968    76907   124949    39686    90119   118004    41387    39306   103652   122504   102012    89627    81801    47151    91709   100476    38367 
   19943    71786   111215    73421   111215    39764    87745    72546    88880    68782    91998    64137    73506    71786        0    61850   109667    82397    77843   108659    33724    37228   110200    53526    72328   109225    62197    76096    84823   122835    57318   108152    83976    31262    92457   111215    72328    79687   112475    79602   104633   112475    40494    31262    96960    98185    77641        0        0    92457    87745    25558    67073    88305    66789    31262    77752    73036    85033    46013    73421    55975   109667    97324    66592    82397    71182    57821    98185   111215    65509    57821   107654   109225    90064    67073   111215    96533    88880    79687    54711    85033    55975    48203    90000    37228    24064    76336    88110    11426    11426    80847    83389    79602   104633    61013    61013    82397    39764    40494    91841    82397    24064    83765    24064   108152    96523    92964    60404    79602    88305    71182    60132    73036    36259    72546    87120    36259   108659    71182    99863    88582    33724    61013    90266    92964    65509    17841    72546    73603    88110    79602    40494 
   67698    44443    92478    86843    92478    37902    81518    47735    83927     9903    60294    47302    38922    44443    61850        0    88988    34481    29692    90101    40161    68621    90059    35247    42943    85820    15871    41571    40879   104099    36712    82306    50388    82795    64981    92478    42943    32836    69791    66410    65712    69791    30064    82795    78224    65770    19166    61850    61850    64981    81518    87397    62994    29426    18522    82795    19293    22679    39299    85655    86843    87803    88988    61077     7137    34481    21933     9414    65770    92478    79028     9414    60989    85820    59134    62994    92478    49140    83927    32836    13512    39299    87803    80143    57278    68621    63257    64289    56860    73276    73276    22210    55234    66410    65712    11340    11340    34481    37902    30064    56439    34481    63257    56612    63257    82306    37886    88438    31427    66410    29426    21933    66543    22679    48381    47735    40269    48381    90101    21933    55271    83938    40161    11340    69586    88438    79028    79691    47735    14916    56860    66410    30064 
  125337   123054    26301    64896    26301    86100    52035    59524    41862    83841    33315    69468    53750   123054   109667    88988        0    56527    62902    24201   113686    85624     9582   114286    58642    11537    94874    45440    52669    15091   115160     8412    43368    99219    25310    26301    58642   112364    27548    32683    21960    27548   105951    99219    19463    34997    62492   109667   109667    25310    52035   108807    46266    59654    72863    99219    84531    69326    41245   102658    64896    96539        0    29718    84267    56527   103859    81464    34997    26301    79542    81464    27039    11537    29335    46266    26301    40105    41862   112364    89930    41245    96539    96567    34636    85624    89374    40439    28322   118624   118624    79917    38684    32683    21960    93690    93690    56527    86100   105951    36970    56527    89374   136140    89374     8412    51619    35759   110430    32683    59654   103859    64919    69326    81008    59524   119797    81008    24201   103859    38660    59823   113686    93690    20961    35759    79542   109149    59524    90882    28322    32683   105951 
   88245    69329    60018    54382    60018    32539    49057    15275    51467    29930    27834    16293    23072    69329    82397    34481    56527        0     9341    56912    60708    55609    57368    60134    17218    53360    40757    25721     8419    71639    61599    49846    17927    69204    32520    60018    17218    58295    37331    33950    33252    37331    51620    69204    45764    33309    26784    82397    82397    32520    49057    78773    30309    36735    18018    69204    35937    15765    34658    75194    54382    66585    56527    28616    27740        0    49760    25425    33309    60018    49307    25425    28528    53360    26674    30309    60018    29021    51467    58295    35172    34658    66585    66552    24817    55609    60251    31829    23810    89281    89281    36985    22773    33950    33252    39591    39591        0    32539    51620    23627        0    60251    82051    60251    49846    40571    55977    56314    33950    36735    49760    34082    15765    28052    15275    63270    28052    56912    49760    33747    51477    60708    39591    37126    55977    49307    81025    15275    36971    23810    33950    51620 
   83603    63758    68188    59389    68188    28074    62322    22859    58563    20784    35459    19638    18659    63758    77843    29692    62902     9341        0    64961    56066    58818    64919    54990    17481    63543    35579    21308    16003    79213    56420    62425    25053    72413    41984    68188    17481    53069    40448    41070    50689    40448    46655    72413    53956    36367    17829    77843    77843    41984    62322    82000    37855    27680    13567    72413    26933     6810    30245    75851    59389    69732    62902    36913    21941     9341    34197    22168    36367    68188    52659    22168    35853    63543    34281    37855    68188    28956    58563    53069    30635    30245    69732    69761    32468    58818    62567    39195    31720    89269    89269    27976    30175    41070    50689    34395    34395     9341    28074    46655    31300     9341    62567    76844    62567    62425    32630    62893    51135    41070    27680    34197    41670     6810    31323    22859    60502    31323    64961    34197    29809    58393    56066    34395    44610    62893    52659    87835    22859    27825    31720    41070    46655 
  125813   124949     5021    63205     5021    93730    29261    57937    25336    85550    44744    68827    58921   124949   108659    90101    24201    56912    64961        0   112918    84208    19113   115753    60055    32583    96377    57270    52628    14182   117219    29450    44076    97803    26615     5021    60055   113915    46632    31641    38014    46632   106336    97803    10967    50219    76121   108659   108659    26615    29261   107373    44247    75552    73638    97803    83964    71385    64059   101100    63205    95185    24201    32116    84652    56912   105379    81044    50219     5021    78359    81044    41811    32583    38467    44247     5021    52610    25336   113915    90792    64059    95185    95151    42024    84208    88851    39143    39510   117880   117880    85011    39409    31641    38014    94075    94075    56912    93730   106336    46520    56912    88851   137670    88851    29450    68050    20225   111934    31641    75552   105379    64278    71385    80167    57937   120182    80167        0   105379    57337    60300   112918    94075    26472    20225    78359   109625    57937    92591    39510    31641   106336 
   34528    41387   115234    67795   115234    21423    90181    74109    92545    47005    86668    44481    70822    41387    33724    40161   113686    60708    56066   112918        0    41080   114458    23139    69171   112194    40523    73471    67253   126855    26932   108680    76762    54669    91355   115234    69171    54248    96165    83469   102056    96165    11112    54669   100979    92144    56268    33724    33724    91355    90181    59271    71332    66528    44896    54669    56063    51259    82408    58113    67795    59677   113686    87451    44903    60708    49525    36044    92144   115234    63949    36044    87363   112194    85508    71332   115234    81040    92545    54248    31734    82408    59677    52017    83652    41080    35094    80594    83088    45150    45150    59159    81608    83469   102056    39324    39324    60708    21423    11112    82667    60708    35094    53365    35094   108680    74835    96984    30018    83469    66528    49525    63607    51259    35372    74109    61681    35372   112918    49525    81498    92601        0    39324    94285    96984    63949    51565    74109    52018    83088    83469    11112 
   54382    78655    87172    27383    87172    44749    62120    52612    64484    76151    67955    40094    77396    78655    37228    68621    85624    55609    58818    84208    41080        0    85749    60895    71542    87624    69669    80045    60781    98793    64687    84110    59934    14528    68415    87172    71542    87036    88433    55407    79815    88433    47843    14528    72918    73431    76261    37228    37228    68415    62120    26362    42622    94026    59327    14528    85542    65241    83939    17020    27383    18591    85624    73917    67638    55609    78671    65190    73431    87172    23537    65190    83611    87624    66022    42622    87172    72491    64484    87036    62034    83939    18591    10930    65235        0    13850    52249    63659    46449    46449    88762    59346    55407    79815    68363    68363    55609    44749    47843    67390    55609    13850    91038    13850    84110    92503    68922    67774    55407    94026    78671    35545    65241    24732    52612    94470    24732    84208    78671    75412    42364    41080    68363    66223    68922    23537    38193    52612    81164    63659    55407    47843 
  127354   124907    28317    64745    28317    88117    51851    54601    48158    85508    38370    70368    58879   124907   110200    90059     9582    57368    64919    19113   114458    85749        0   115711    60013    17963    96335    52128    52586     7186   117177    14830    44034    99344    26573    28317    60013   113873    33970    33182    28462    33970   107197    99344    21480    41473    76079   110200   110200    26573    51851   108914    45787    66083    73596    99344    90901    71343    47674   103499    64745    96726     9582    32074    85108    57368   105337    81002    41473    28317    79899    81002    33511    17963    34390    45787    28317    45159    48158   113873    90750    47674    96726    96692    39467    85749    90392    40684    34823   119421   119421    86640    39367    33182    28462    95169    95169    57368    88117   107197    47174    57368    90392   137628    90392    14830    58043    37776   111892    33182    66083   105337    65819    71343    81708    54601   120638    81708    19113   105337    45144    61840   114458    95169    21759    37776    79899   111165    54601    92549    34823    33182   107197 
   50676    18462   117777    89552   117777    37653   113114    73651   109355    41293    85593    64875    69774    18462    53526    35247   114286    60134    54990   115753    23139    60895   115711        0    68596   114335    22146    72423    66796   129398     4007   113217    75686    74490    92776   117777    68596    34168    95475    91862   101481    95475    20607    74490   103522    91763    51037    53526    53526    92776   113114    79084    91147    60816    44525    74490    51149    50184    81359    77928    89552    79643   114286    87705    43919    60134    40280    34968    91763   117777    83764    34968    86287   114335    84433    91147   117777    79965   109355    34168    21551    81359    79643    71832    83260    60895    54909    89988    82513    64952    64952    54244    80532    91862   101481    30111    30111    60134    37653    20607    82092    60134    54909    30440    54909   113217    69920   113736     7895    91862    60816    40280    84206    50184    55265    73651    41601    55265   115753    40280    80924   109236    23139    30111    94885   113736    83764    71380    73651    47745    82513    91862    20607 
   96707    77792    62133    58017    62133    37060    52693    18910    53582    31251    13791    31695     4938    77792    72328    42943    58642    17218    17481    60055    69171    71542    60013    68596        0    39264    49220     7588    12054    73754    70062    38045    20042    80617    34635    62133        0    66647    24414    36065    23734    24414    60234    80617    47878    18429    23244    72328    72328    34635    52693    90186    33909    21569    26480    80617    31087    20521    16524    88576    58017    72396    58642    30731    33440    17218    45010    33887    18429    62133    58651    33887    20458    39264    19779    33909    62133     9300    53582    66647    43634    16524    72396    77965    13801    71542    71664    28087    18490   100694   100694    32134    24888    36065    23734    47973    47973    17218    37060    60234    11452    17218    71664    90422    71664    38045    24845    58092    64776    36065    21569    45010    37718    20521    44665    18910    63909    44665    60055    45010    14012    55112    69171    47973    39241    58092    58651    92438    18910    37301    18490    36065    60234 
  126379   119886    31536    66896    31536    86741    54035    56357    47166    61029    23632    69393    43554   119886   109225    85820    11537    53360    63543    32583   112194    87624    17963   114335    39264        0    91707    35506    51209    23472   115801     3912    42658    98369    21405    31536    39264   109197    19012    34683    14978    19012   102784    98369    24699    27187    52296   109225   109225    21405    54035   107939    48266    49461    69695    98369    74335    69967    31052   104657    66896    98539    11537    26551    81100    53360   100692    79626    27187    31536    78925    79626    20006        0    20885    48266    31536    30422    47166   109197    86763    31052    98539    95717    26361    87624    91373    44536    21340   120623   120623    69720    37991    34683    14978    90523    90523    53360    86741   102784    29988    53360    91373   132972    91373     3912    41422    40579   110515    34683    49461   100692    66918    69967    83007    56357   103860    83007    32583   100692    31335    60866   112194    90523    20784    40579    78925   110191    56357    83884    21340    34683   102784 
   68045    28271    98365    90805    98365    38248    87404    54275    89814    21881    66181    53189    50335    28271    62197    15871    94874    40757    35579    96377    40523    69669    96335    22146    49220    91707        0    52984    46766   109986    23612    88193    56274    83142    70868    98365    49220    23678    75678    72486    82105    75678    31112    83142    84111    71657    31144    62197    62197    70868    87404    87744    69271    41404    24409    83142    31772    30772    61920    86703    90805    88150    94874    66963    24543    40757    20904    15557    71657    98365    79374    15557    66875    91707    65021    69271    98365    60553    89814    23678     5886    61920    88150    80490    63164    69669    63683    70612    63137    73623    73623    34868    61120    72486    82105    10735    10735    40757    38248    31112    62716    40757    63683    43873    63683    88193    50544    94324    18327    72486    41404    20904    73086    30772    48727    54275    31111    48727    96377    20904    61548    89824    40523    10735    75473    94324    79374    80038    54275    26894    63137    72486    31112 
  100534    81163    59741    63946    59741    40887    54631    27416    50872    30609    13096    35471     3826    81163    76096    41571    45440    25721    21308    57270    73471    80045    52128    72423     7588    35506    52984        0    20560    57375    73889    38069    19377    93640    32244    59741     7588    70474    19140    33379    23011    19140    64061    93640    45487    15059    22579    76096    76096    32244    54631   103227    37314    20927    30972    93640    30396    19879    13330    97078    63946    90960    45440    29222    34762    25721    44345    37714    15059    59741    67154    37714    20066    35506    20765    37314    59741     6475    50872    70474    48040    13330    90960    86467    13105    80045    83794    31504    19498   113045   113045    31439    22496    33379    23011    51800    51800    25721    40887    64061    12460    25721    83794    94249    83794    38069    21651    55700    68540    33379    20927    44345    46227    19879    47125    27416    65230    47125    57270    44345     8501    63615    73471    51800    36849    55700    67154   100941    27416    36636    19498    33379    64061 
   94907    74945    56159    44682    56159    39201    41977     8151    44299    36592    23975    20936    17908    74945    84823    40879    52669     8419    16003    52628    67253    60781    52586    66796    12054    51209    46766    20560        0    67780    68261    45987    14069    74376    28662    56159    12054    64256    33472    28737    38356    33472    57843    74376    41905    29293    28181    84823    84823    28662    41977    83963    23147    34542    24754    74376    35998    22427    29493    77814    44682    71695    52669    24580    36159     8419    55751    32087    29293    56159    47893    32087    24670    51209    22815    23147    56159    20102    44299    64256    41822    29493    71695    67206    20134    60781    64530    20699    19387    93780    93780    37041    18915    28737    38356    45582    45582     8419    39201    57843    18966     8419    64530    88031    64530    45987    37815    48737    62976    28737    34542    55751    26962    22427    33895     8151    71689    33895    52628    55751    24810    44354    67253    45582    33267    48737    47893    81680     8151    42774    19387    28737    57843 
  140065   138165    19458    78065    19458   107982    65204    74636    39587    99802    43879    82636    79607   138165   122835   104099    15091    71639    79213    14182   126855    98793     7186   129398    73754    23472   109986    57375    67780        0   131471    20347    58328   112388    40421    19458    73754   127476    39483    45852    33894    39483   121063   112388    26989    46932    89881   122835   122835    40421    65204   121975    59435    71589    87974   112388    96466    85636    53179   115826    78065   109708    15091    44830    99379    71639   118971    95296    46932    19458    92711    95296    39020    23472    39899    59435    19458    66862    39587   127476   105042    53179   109708   109403    46571    98793   102542    53608    40256   131792   131792    91851    53661    45852    33894   108802   108802    71639   107982   121063    61246    71639   102542   151251   102542    20347    63553    33632   125542    45852    71589   118971    78087    85636    94176    74636   134909    94176    14182   118971    50595    74551   126855   108802    27312    33632    92711   123877    74636   105993    40256    45852   121063 
   54483    16459   119207    93344   119207    41459   114580    75117   110821    43240    87022    72219    71239    16459    57318    36712   115160    61599    56420   117219    26932    64687   117177     4007    70062   115801    23612    73889    68261   131471        0   114683    77311    78282    94242   119207    70062    31304    96941    93328   102947    96941    24400    78282   104952    93229    52503    57318    57318    94242   114580    82876    90113    62660    45991    78282    52614    51613    82825    81721    93344    83435   115160    89171    45384    61599    38102    36751    93229   119207    87537    36751    88111   115801    85862    90113   119207    81394   110821    31304    23017    82825    83435    75630    84726    64687    58701    91453    83978    68744    68744    55710    82433    93328   102947    31576    31576    61599    41459    24400    83558    61599    58701    29314    58701   114683    71386   115166     9360    93328    62660    38102    87998    51613    59057    75117    38737    59057   117219    38102    82389   110666    26932    31576    96868   115166    87537    75187    75117    45567    83978    93328    24400 
  125261   116372    30418    63382    30418    85623    50520    52843    43651    83014    23747    68275    46124   116372   108152    82306     8412    49846    62425    29450   108680    84110    14830   113217    38045     3912    88193    38069    45987    20347   114683        0    41540    97705    20287    30418    38045   105683    19347    31168    13759    19347    99269    97705    23581    26797    54867   108152   108152    20287    50520   107292    44752    52025    66181    97705    76905    68849    33619   101143    63382    95024     8412    23036    77585    49846    97178    78508    26797    30418    77807    78508    18888     3912    19767    44752    30418    30537    43651   105683    83249    33619    95024    94599    26436    84110    87859    41022    20121   117109   117109    72291    36873    31168    13759    87009    87009    49846    85623    99269    28769    49846    87859   129458    87859        0    43993    39461   109397    31168    52025    97178    63404    68849    79493    52843   106431    79493    29450    97178    30459    59748   108680    87009    19666    39461    77807   109073    52843    84200    20121    31168    99269 
  101846    84454    46858    43473    46858    48251    41437    10567    37678    45241    13338    22373    25895    84454    83976    50388    43368    17927    25053    44076    76762    59934    44034    75686    20042    42658    56274    19377    14069    58328    77311    41540        0    73529    21098    46858    20042    73764    23595    20185    29804    23595    67351    73529    32604    18933    36169    83976    83976    21098    41437    83116    20097    42526    34263    73529    43986    31477    26097    76967    43473    70848    43368    16028    45667    17927    65259    42864    18933    46858    46820    42864    14968    42658    13514    20097    46858    14524    37678    73764    51330    26097    70848    70877    10429    59934    63683    14287    10835    92933    92933    45029     9290    20185    29804    55090    55090    17927    48251    67351     9261    17927    63683    97540    63683    41540    36471    42818    71830    20185    42526    65259    28422    31477    35355    10567    81197    35355    44076    65259    19380    45814    76762    55090    23724    42818    46820    85657    10567    52282    10835    20185    67351 
