dep88 0 0 60
**************************************DATA
10 126 480 8 1.33
**************************************DISTANCE
       0    44457   165862    81485    66267    76557    48338    15447    96831    77743    33289    33339    72963   151955    14426    68544    52766    56253    30613    15254    58473    93147    65025    55383    38857    94847    86803    44902    76204    38946    92884    80868    55492    93147    96831    44902    63662    69633    93147   103699    96831    13898    62081    55633    54398    63262    27041    11008    70954    65025    27041    13898   119007    13466    72019    82877    64181    72712    40932    56006    71153    68230    78005    91413    48338   151955    68230    82877    94847    96831    66917    74166   115025   151955    91413    37504   199984    44903    76204   144271    93147    67459    62103    27205    40932    24439   106950    72712    56253   136839    56253    12113    65196   151955    56006    37549   106950   113790    55492    73317    40932    55383    58473    38857    88176    71153    67704    86803    81485    63262    59569    71153    27205    65982    59569    55383    66267   136839    33339    30613    13466    54398   136839    69654    59059    40932    82877 
   44457        0   147770    68729    95198   112442    69355    35340    93428    64987    54306    11108    60207   135522    46386    55788    73783    88107    30547    46786    58799    80391    52268    48660    30539    87775    94423    72142    63448    59962    80128    68112    90640    80391    93428    72142    85069    87692    80391    90943    93428    34376    64908    76650    59229    87885    48058    49622    72135    52268    48058    34376   156842    40386    59263    89620    72718    59956    29558    57327   107038    99461    65249    78657    69355   135522    99461    89620    87775    93428    54161    73122   102269   135522    78657    18696   181891    54540    63448   126179    80391    54703    83510    51178    29558    52944    94193    59956    88107   118747    88107    34122    52440   135522    57327    58566    94193   101033    90640    91377    29558    48660    58799    30539    75419   107038   103589    94423    68729    87885    56759   107038    51178    82447    56759    48660    95198   118747    11108    30547    40386    59229   118747    81441    52526    29558    89620 
  165862   147770        0    64071   106117   123361    91241   157061    65527    52851    95859   136236    46231    23577   113786    56742   100154    99026    92420   168508    80064    27626    65267    75832   155565    67253    87342   116455    49474   101735    31476    53321   101559    27626    65527   116455   121324    98611    27626    24997    65527   156097    78847    93117    78675    98803   101673   171344    71588    65267   101673   156097    15229   162107    63234    77625    83637    61687    79285    75921   117957   130884    54664    57422    91241    23577   130884    77625    67253    65527    59827    84041    44072    23577    57422   147581    41008    86310    49474    15063    27626    49749   110781   118811    79285   120343    10060    61687    99026    18851    99026   155844    51149    23577    75921    91224    10060    21271   101559   102295    79285    75832    80064   155565    37991   117957   114508    87342    64071    98803    74463   117957   118811    93366    74463    75832   106117    18851   136236    92420   162107    78675    18851    92359    68450    79285    77625 
   81485    68729    64071        0    48403    65558    40165    62812    27085    12711    44574    57621    39113    84581    62456    21656    50264    41322    55995    83830    18629    41012    17572    22513    76395    21524    19918    66809    15696    50644    36389    11047    43823    41012    27085    66809    63609    40875    41012    40738    27085    67044    17412    35345    27637    41535    50355    73866     6885    17572    50355    67044    56083    67466    14147    16863    25865    10871    42907    24857    60148    69762    25529    13298    40165    84581    69762    16863    21524    27085    23452    13708    43941    84581    13298    69908    60413    35266    15696    78544    41012    35591    53165    64294    42907    69015    54774    10871    41322    77360    41322    64035    30711    84581    24857    39940    54774    50942    43823    44469    42907    22513    18629    76395    27116    60148    56633    19918        0    41535    23424    60148    64294    29463    23424    22513    48403    77360    57621    55995    67466    27637    77360    18625    18605    42907    16863 
   66267    95198   106117    48403        0    29888    20520    52448    56304    55003    41346    84090    68256   128578    51841    50799    14360     8553    60833    68928    32982    82991    44041    48984    87451    50743    35311    25748    57407    21199    79947    55555     7576    82991    56304    25748    16989    22587    82991    84735    56304    63231    35255    13679    32718    12807    44841    62263    34420    44041    44841    63231   100080    58509    43881    31245    26746    46851    69376    33537    24478    27214    54671    52506    20520   128578    27214    31245    50743    56304    53649    27482    81378   128578    52506    82078   115211    39926    57407   119324    82991    64734     6545    47472    69376    45827    96820    46851     8553   119406     8553    56532    59854   128578    33537    36668    96820    94939     7576    26919    69376    48984    32982    87451    69198    24478    20931    35311    48403    12807    38696    24478    47472    19042    38696    48984        0   119406    84090    60833    58509    32718   119406    22970    45076    69376    31245 
   76557   112442   123361    65558    29888        0    49444    65499    73548    72247    70089   101334    85500   145822    62131    68270    43873    36656    81688    80416    50226   100235    61285    66228    98940    67987    52556    36038    74651    40730    97192    72799    35681   100235    73548    36038    19278    31460   100235   101979    73548    74720    52499    42603    52194    33445    56329    72553    51665    61285    56329    74720   117324    68799    61125    48489    43990    64095    86620    50781     7771    10470    71916    69750    49444   145822    10470    48489    67987    73548    70893    44726    98622   145822    69750    92398   132456    60781    74651   136569   100235    81978    25723    57761    86620    56116   114064    64095    36656   142474    36656    69651    77098   145822    50781    65454   114064   112183    35681    20824    86620    66228    50226    98940    86442     7771     9176    52556    65558    33445    55940     7771    57761    35731    55940    66228    29888   142474   101334    81688    68799    52194   142474    39763    62320    86620    48489 
   48338    69355    91241    40165    20520    49444        0    35057    58350    40127    22080    57791    53380   113702    33912    36271    10996    11572    42396    51808    21501    67860    27693    23954    69940    52789    37889    26003    42531    11282    65072    42080    15962    67860    58350    26003    35776    24694    67860    69842    58350    43648    25110    10157    14281    18279    27720    45321    31927    27693    27720    43648    85204    37432    29817    33291    16382    32862    45973    16386    43265    46001    39796    53887        0   113702    46001    33291    52789    58350    38774    29227    77103   113702    53887    61956   100336    21490    42531   107838    67860    50142    25184    24932    45973    32202    81944    32862    11572   110475    11572    39210    44978   113702    16386    17402    81944    80063    15962    28378    45973    23954    21501    69940    54322    43265    39718    37889    40165    18279    20439    43265    24932    21043    20439    23954    20520   110475    57791    42396    37432    14281   110475    24715    29421    45973    33291 
   15447    35340   157061    62812    52448    65499    35057        0    87230    61995    20156    24232    65936   144833    12315    58522    39596    43240    21703    17792    45294    89539    47887    40827    36315    81669    69025    37969    63955    29034    86496    63876    42481    89539    87230    37969    52600    56622    89539    91283    87230    12095    48902    41825    39062    49946    13874    20559    55719    47887    13874    12095   106628     6314    53508    64959    49315    54657    32069    40178    60089    65610    61220    75665    35057   144833    65610    64959    81669    87230    51145    61196   104182   144833    75665    27482   121760    29724    63955   136521    89539    60450    49482    17326    32069    18874   103369    54657    43240   126818    43240     5397    58186   144833    40178    24416   103369   101488    42481    60633    32069    40827    45294    36315    75747    60089    56542    69025    62812    49946    44232    60089    17326    52756    44232    40827    52448   126818    24232    21703     6314    39062   126818    56684    44987    32069    64959 
   96831    93428    65527    27085    56304    73548    58350    87230        0    33372    68054    82219    57934    78879    85982    55870    57967    49213    79257    99176    36223    47434    41365    47212   103336     7174    23034    74710    38795    66269    37047    28796    51746    47434        0    74710    71511    48798    47434    43148        0    92401    34875    52279    43827    45080    67878    97392    26726    41365    67878    92401    50381    89604    38846    26933    47202    33427    67583    42380    68144    78372    45980    20032    58350    78879    78372    26933     7174        0    47977    33579    25172    78879    20032    95352    42986    58506    38795    72912    47434    53010    60968    80652    67583    87162    58012    33427    49213    80991    49213    89287    49505    78879    42380    63420    58012    41617    51746    52482    67583    47212    36223   103336    35700    68144    64695    23034    27085    45080    40849    68144    80652    39441    40849    47212    56304    80991    82219    79257    89604    43827    80991    37442    43304    67583    26933 
   77743    64987    52851    12711    55003    72247    40127    61995    33372        0    44745    53986    33498    75275    62672    13069    49040    47913    52485    80511    25204    29585    13856    20972    75103    29030    34214    65342     4476    50621    26339     5272    50446    29585    33372    65342    70211    47498    29585    31383    33372    66236    23987    42004    27562    47690    50560    74082    19450    13856    50560    66236    46777    66636    14467    31008    32523     9117    39349    24807    66844    76024    16031    14052    40127    75275    76024    31008    29030    33372    18082    25988    37664    75275    14052    67118    54446    35196     4476    65907    29585    30083    59667    63951    39349    69230    43356     9117    47913    66610    47913    63122    19934    75275    24807    40111    43356    41473    50446    51182    39349    20972    25204    75103    15860    66844    63394    34214    12711    47690    23350    66844    63951    42252    23350    20972    55003    66610    53986    52485    66636    27562    66610    41246    17337    39349    31008 
   33289    54306    95859    44574    41346    70089    22080    20156    68054    44745        0    42890    57997   118320    18863    40680    30233    32141    28039    36759    26119    72269    32310    25776    55038    62494    52070    36441    47148    27506    69689    46698    36789    72269    68054    36441    49716    45339    72269    74251    68054    28747    29727    32835    19887    46876     6762    30318    36544    32310     6762    28747    89821    22530    34434    47778    30140    37479    28535    21003    58561    64082    44413    58505    22080   118320    64082    47778    62494    68054    36094    37207    81512   118320    58505    47054   104915    10308    47148   112247    72269    49231    46010    23874    28535    25465    86562    37479    32141   114885    32141    24308    42311   118320    21003     5241    86562    84681    36789    49023    28535    25776    26119    55038    58940    58561    61236    52070    44574    46876    25057    58561    23874    40094    25057    25776    41346   114885    42890    28039    22530    19887   114885    39087    29935    28535    47778 
   33339    11108   136236    57621    84090   101334    57791    24232    82219    53986    42890        0    50858   124007    35049    44680    62675    65974    19301    35685    47682    82272    41242    37543    22830    76658    82569    60703    56687    51768    79228    58177    79532    82272    82219    60703    75334    76584    82272    79835    82219    29988    53791    64559    48282    77601    36608    38452    60891    41242    36608    29988    99360    29048    48390    78503    61931    48812    18450    46384    96214    88344    53952    67656    57791   124007    88344    78503    76658    82219    43136    61878    91269   124007    67656    14481   114492    43137    56687   115696    82272    45371    72402    40060    18450    41608    84624    48812    65974   107032    65974    23014    43107   124007    46384    44768    84624    94220    79532    80269    18450    37543    47682    22830    68479    96214    92698    82569    57621    77601    44401    96214    40060    71339    44401    37543    84090   107032        0    19301    29048    48282   107032    70333    41703    18450    78503 
   72963    60207    46231    39113    68256    85500    53380    65936    57934    33498    57997    50858        0    67750    75925    18881    62293    61165    49357    75309    38940    19297    27406    34707    68193    67595    67481    78594    30891    63874    29339    37627    63698    19297    57934    78594    83463    60750    19297    37757    57934    64973    37723    55343    41029    61533    60516    80219    45193    27406    60516    64973    56418    70983    32322    62435    45863    29875    36221    38249    80096    89760    16803    43248    53380    67750    89760    62435    67595    57934    21966    46180    59950    67750    43248    60209    82225    48448    30891    59275    19297     5914    72920    77686    36221    82482    36723    29875    61165    62121    61165    64719    15497    67750    38249    53363    36723    51131    63698    64434    36221    34707    38940    68193    24755    80096    76647    67481    39113    61533    36602    80096    77686    55505    36602    34707    68256    62121    50858    49357    70983    41029    62121    54498    30799    36221    62435 
  151955   135522    23577    84581   128578   145822   113702   144833    78879    75275   118320   124007    67750        0   136247    78261   122615   121487   113939   156279   100904    49145    87729    96672   143336    80544   100694   138916    71898   124196    55933    75745   124020    49145    78879   138916   143785   121072    49145    48017    78879   143869    99687   115578   101136   121264   124134   159115    94013    87729   124134   143869    28498   149879    85658    98349   106098    84116   100803    98382   140418   150027    76183    74134   113702        0   150027    98349    80544    78879    81346   106502    51132        0    74134   135352    33493   108771    71898     8311    49145    71268   133242   139651   100803   142804    31579    84116   121487    16655   121487   143615    72332        0    98382   113685    31579    34623   124020   124757   100803    96672   100904   143336    59509   140418   136969   100694    84581   121264    96924   140418   139651   115827    96924    96672   128578    16655   124007   113939   149879   101136    16655   114820    90912   100803    98349 
   14426    46386   113786    62456    51841    62131    33912    12315    85982    62672    18863    35049    75925   136247        0    58562    38340    41826    32323    23690    44046    90151    49951    43703    47198    80421    68402    30476    65076    24519    87090    64254    41065    90151    85982    30476    49236    55206    90151    92133    85982    22429    47655    40577    37814    48699    12626    11410    54103    49951    12626    22429   107749     6668    52362    63711    48068    55407    42642    38931    56727    58119    62306    76432    33912   136247    58119    63711    80421    85982    53928    59740    99394   136247    76432    39214   122798    28190    65076   130129    90151    67113    47676    12786    42642    10012   107578    55407    41826   138549    41826    16467    60238   136247    38931    23123   107578   102608    41065    58891    42642    43703    44046    47198    76867    56727    53278    68402    62456    48699    42718    56727    12786    51555    42718    43703    51841   138549    35049    32323     6668    37814   138549    55228    47863    42642    63711 
   68544    55788    56742    21656    50799    68270    36271    58522    55870    13069    40680    44680    18881    78261    58562        0    45185    44034    43054    70889    21654    33616    10348    17422    63454    50309    49215    61471    10462    46751    33166    17135    46242    33616    55870    61471    66321    43294    33616    40933    55870    57007    20437    38057    23743    44247    46461    69972    27537    10348    46461    57007    56278    57429    15036    45149    28577    12589    29966    20963    62860    72474     5297    30737    36271    78261    72474    45149    50309    55870     3994    28524    47629    78261    30737    56967    71410    31373    10462    69950    33616    15359    55877    60400    29966    65121    47446    12589    44034    70031    44034    53998    10480    78261    20963    36046    47446    51137    46242    47181    29966    17422    21654    63454    25396    62860    59345    49215    21656    44247    19530    62860    60400    39553    19530    17422    50799    70031    44680    43054    57429    23743    70031    36874    13514    29966    45149 
   52766    73783   100154    50264    14360    43873    10996    39596    57967    49040    30233    62675    62293   122615    38340    45185        0    10036    51309    56235    30414    77028    36605    32867    74759    52406    36974    23925    51443    11379    73984    50993     9190    77028    57967    23925    30974    24448    77028    78772    57967    50539    36918    16282    23194    16372    32148    49749    36083    36605    32148    50539    94116    42038    38729    32908    25295    41774    54886    25298    38463    41199    48708    54169    10996   122615    41199    32908    52406    57967    47686    29145    83041   122615    54169    66495   109248    30402    51443   113361    77028    58771    19024    29360    54886    36673    90857    41774    10036   119389    10036    43840    53891   122615    25298    25554    90857    88976     9190    28582    54886    32867    30414    74759    63235    38463    34916    36974    50264    16372    29352    38463    29360    20705    29352    32867    14360   119389    62675    51309    42038    23194   119389    24633    38334    54886    32908 
   56253    88107    99026    41322     8553    36656    11572    43240    49213    47913    32141    65974    61165   121487    41826    44034    10036        0    51627    59722    25892    75623    36951    41894    78122    43652    28702    25000    50316    19197    72857    48465     3815    75623    49213    25000    23764    15507    75623    77605    49213    51831    28164     4473    23512     9142    35635    53236    27330    36951    35635    51831    92989    45614    36791    24155    19656    39761    62286    26446    31253    33990    47581    45416    11572   121487    33990    24155    43652    49213    46559    20040    72552   121487    45416    70138   108121    30721    50316   115601    75623    57905    13217    32847    62286    40385    89730    39761        0   118239        0    47392    52764   121487    26446    27462    89730    87849     3815    19191    62286    41894    25892    78122    62108    31253    27803    28702    41322     9142    29670    31253    32847    11856    29670    41894     8553   118239    65974    51627    45614    23512   118239    15528    37986    62286    24155 
   30613    30547    92420    55995    60833    81688    42396    21703    79257    52485    28039    19301    49357   113939    32323    43054    51309    51627        0    32958    37321    67657    39741    31924    31450    73696    63669    58506    55187    46018    77727    56676    56276    67657    79257    58506    68622    56938    67657    78209    79257    20739    40930    50395    31089    58078    26070    35986    47746    39741    26070    20739    97859    26749    46889    58980    41343    47311    15490    32205    76691    85618    52451    66155    42396   113939    85618    58980    73696    79257    41635    48807    89535   113939    66155    23466   108874    21769    55187   104011    67657    41969    65497    37334    15490    39307    83123    47311    51627   122801    51627    20486    41607   113939    32205    23405    83123    92719    56276    60622    15490    31924    37321    31450    66978    76691    72835    63669    55995    58078    36259    76691    37334    51693    36259    31924    60833   122801    19301        0    26749    31089   122801    50686    36084    15490    58980 
   15254    46786   168508    83830    68928    80416    51808    17792    99176    80511    36759    35685    75309   156279    23690    70889    56235    59722    32958        0    63056    95492    67370    57659    24069    99430    89149    54166    78549    42415    95230    83213    58961    95492    99176    54166    67521    73102    95492   106044    99176    13056    66664    58645    56743    66732    30510    20272    73299    67370    30510    13056   125886    22838    74364    84715    66526    75337    43277    57940    75013    81903    80350    94181    51808   156279    81903    84715    99430    99176    69263    74286   117370   156279    94181    26253   202329    47248    78549   146616    95492    69804    65962    34147    43277    33702   109295    75337    59722   139185    59722    14458    69633   156279    57940    41019   109295   116135    58961    76786    43277    57659    63056    24069    90521    75013    71564    89149    83830    66732    61915    75013    34147    69451    61915    57659    68928   139185    35685    32958    22838    56743   139185    76166    61404    43277    84715 
   58473    58799    80064    18629    32982    50226    21501    45294    36223    25204    26119    47682    38940   100904    44046    21654    30414    25892    37321    63056        0    53243    11957    10785    70822    30556    32208    46716    27729    31995    50181    23254    28425    53243    36223    46716    48190    25477    53243    55224    36223    50466     3530    19390     8936    25669    31934    55456    10346    11957    31934    50466    70533    47668    11985    28281     9585    16082    33046     6182    44823    54432    25398    31387    21501   100904    54432    28281    30556    36223    24507    11334    62027   100904    31387    62838    85889    16570    27729    93221    53243    35525    37646    45575    33046    50604    70669    16082    25892    95858    25892    47352    30575   100904     6182    21485    70669    65315    28425    29161    33046    10785        0    70822    39701    44823    41373    32208    18629    25669     4724    44823    45575    20232     4724    10785    32982    95858    47682    37321    47668     8936    95858    19225    13685    33046    28281 
   93147    80391    27626    41012    82991   100235    67860    89539    47434    29585    72269    82272    19297    49145    90151    33616    77028    75623    67657    95492    53243        0    41937    49011    88057    49235    80804    93060    26208    78340    10542    29816    78433        0    47434    93060    97910    75485        0    19565    47434    93542    52026    69647    55332    75836    78050   101561    59126    41937    78050    93542    37814    93963    46625    76738    60166    38522    54569    52553    94449   104063    31279    34256    67860    49145   104063    76738    49235    47434    36454    60915    49434    49145    34256    95404    63117    62962    26208    40834        0    22152    87655    91990    54569    96711    18330    38522    75623    37066    75623    90667    27951    49145    52553    67635    18330    32527    78433    79170    54569    49011    53243    88057    14761    94449    90934    80804    41012    75836    51119    94449    91990    70240    51119    49011    82991    37066    82272    67657    93963    55332    37066    69233    45103    54569    76738 
   65025    52268    65267    17572    44041    61285    27693    47887    41365    13856    32310    41242    27406    87729    49951    10348    36605    36951    39741    67370    11957    41937        0     7580    62358    35804    43267    52907    16557    38139    39098    18047    39483    41937    41365    52907    59248    36535    41937    39786    41365    52129    13661    31281    15132    37471    37850    61647    20761        0    37850    52129    59230    52528     8260    38373    21801     8682    26447    12352    56084    65698    13822    27526    27693    87729    65698    38373    35804    41365     9276    21965    51112    87729    27526    54374    70451    22761    16557    81915    41937    24219    48705    51789    26447    56795    55971     8682    36951    84553    36951    49015    19005    87729    12352    27676    55971    54090    39483    40220    26447     7580    11957    62358    28349    56084    52432    43267    17572    37471    10915    56084    51789    31290    10915     7580    44041    84553    41242    39741    52528    15132    84553    30284     3672    26447    38373 
   55383    48660    75832    22513    48984    66228    23954    40827    47212    20972    25776    37543    34707    96672    43703    17422    32867    41894    31924    57659    10785    49011     7580        0    58660    41545    48210    49169    23497    34448    45949    24096    44427    49011    47212    49169    64192    41479    49011    50992    47212    45069    18602    35985    11389    41671    31590    55113    25921     7580    31590    45069    66301    45468    13049    44283    18631    14427    22907     9487    60825    70434    21165    34642    23954    96672    70434    44283    41545    47212    15347    26908    58253    96672    34642    50676    81657    17275    23497    88988    49011    31293    53648    48028    22907    50260    66437    14427    41894    91626    41894    41955    26343    96672     9487    21141    66437    61083    44427    45163    22907        0    10785    58660    35469    60825    57376    48210    22513    41671     8919    60825    48028    36234     8919        0    48984    91626    37543    31924    45468    11389    91626    35227     4529    22907    44283 
   38857    30539   155565    76395    87451    98940    69940    36315   103336    75103    55038    22830    68193   143336    47198    63454    74759    78122    31450    24069    70822    88057    62358    58660        0    97775   102090    72852    77804    63917   100345    79294    77484    88057   103336    72852    87483    95359    88057    98609   103336    27828    74908    76707    64590    98718    48757    43969    82008    62358    48757    27828   164656    41197    69506    99620    83047    69929    37295    65706    94972   100493    75069    88772    69940   143336   100493    99620    97775   103336    64253    80788   112386   143336    88772    12851   189959    55286    77804   134142    88057    62369    84485    52209    37295    53919   105741    69929    78122   126710    78122    35098    64224   143336    65706    56917   105741   115337    77484    99043    37295    58660    70822        0    89596    94972    91425   102090    76395    98718    69760    94972    52209    90114    69760    58660    87451   126710    22830    31450    41197    64590   126710    89107    62819    37295    99620 
   94847    87775    67253    21524    50743    67987    52789    81669     7174    29030    62494    76658    67595    80544    80421    50309    52406    43652    73696    99430    30556    49235    35804    41545    97775        0    21240    69149    34812    60709    38678    23235    46185    49235     7174    69149    65950    43237    49235    44779     7174    86840    29207    46141    43900    43429    68308    91831    21165    35804    68308    86840    52023    84043    32605    21275    40567    27735    62022    42486    62583    72192    54053    17830    52789    80544    72192    21275        0     7174    42416    28018    31618    80544    17830    89791    48399    52945    34812    74543    49235    64181    55407    74289    62022    81601    59643    27735    43652    82622    43652    83726    59231    80544    42486    57859    59643    43236    46185    46921    62022    41545    30556    97775    35509    62583    59134    21240    21524    43429    35288    62583    74289    33880    35288    41545    50743    82622    76658    73696    84043    43900    82622    31881    37533    62022    21275 
   86803    94423    87342    19918    35311    52556    37889    69025    23034    34214    52070    82569    67481   100694    68402    49215    36974    28702    63669    89149    32208    80804    43267    48210   102090    21240        0    54189    37605    45772    49184    28832    30754    80804    23034    54189    50988    27806    80804    53620    23034    76804    25930    31048    34175    24242    57851    79811    17879    43267    57851    76804    72196    72100    29902     6851    25972    30166    68602    32762    47528    57142    53897    26093    37889   100694    57142     6851    21240    23034    52875    14804    54255   100694    26093    95702    70728    42762    37605    94657    80804    63086    39975    59422    68602    66734    67842    30166    28702   123420    28702    73077    59080   100694    32762    47436    67842    63431    30754    31490    68602    48210    32208   102090    45597    47528    44012        0    19918    24242    37922    47528    59422    16586    37922    48210    35311   123420    82569    63669    72100    34175   123420    17144    44302    68602     6851 
   44902    72142   116455    66809    25748    36038    26003    37969    74710    65342    36441    60703    78594   138916    30476    61471    23925    25000    58506    54166    46716    93060    52907    49169    72852    69149    54189        0    67745    14993    90286    67295    23426    93060    74710        0    23143    33434    93060    95042    74710    46560    50324    32797    39495    29506    30508    40903    57141    52907    30508    46560   110418    37145    55031    49651    41597    58076    56276    41600    28525    34552    65010    70912    26003   138916    34552    49651    69149    74710    63988    45527   102303   138916    70912    64868   125706    42203    67745   133038    93060    75342    21584    26107    56276    24461   107159    58076    25000   135675    25000    42121    70193   138916    41600    40701   107159   105277    23426    38498    56276    49169    46716    72852    79536    28525    27185    54189    66809    29506    45653    28525    26107    37343    45653    49169    25748   135675    60703    58506    37145    39495   135675    41015    54636    56276    49651 
   76204    63448    49474    15696    57407    74651    42531    63955    38795     4476    47148    56687    30891    71898    65076    10462    51443    50316    55187    78549    27729    26208    16557    23497    77804    34812    37605    67745        0    53024    22962    11066    52849    26208    38795    67745    72614    49901    26208    28006    38795    68197    26512    44133    29965    50093    52537    76486    22841    16557    52537    68197    43400    68596    14487    33993    34927     9149    42051    27039    69247    78549    13424    19834    42531    71898    78549    33993    34812    38795    15475    35331    40812    71898    19834    69820    58671    37599        0    62530    26208    27476    62071    66476    42051    71633    39979     9149    50316    63233    50316    65083    17327    71898    27039    42514    39979    38259    52849    53585    42051    23497    27729    77804    12482    69247    65798    37605    15696    50093    25753    69247    66476    44656    25753    23497    57407    63233    56687    55187    68596    29965    63233    43649    19740    42051    33993 
   38946    59962   101735    50644    21199    40730    11282    29034    66269    50621    27506    51768    63874   124196    24519    46751    11379    19197    46018    42415    31995    78340    38139    34448    63917    60709    45772    14993    53024        0    75278    52442    15241    78340    66269    14993    27835    32577    78340    80321    66269    37625    35603    18077    24775    25008    18328    39196    42291    38139    18328    37625    95697    31409    40310    41211    26876    43355    46495    26879    35300    38037    50494    62472    11282   124196    38037    41211    60709    66269    49604    37110    87582   124196    62472    55933   110986    27483    53024   118317    78340    60622    26276    15539    46495    26179    95766    43355    19197   120955    19197    33187    55472   124196    26879    23937    95766    90557    15241    36261    46495    34448    31995    63917    64816    35300    31877    45772    50644    25008    30906    35300    15539    28926    30906    34448    21199   120955    51768    46018    31409    24775   120955    32598    39915    46495    41211 
   92884    80128    31476    36389    79947    97192    65072    86496    37047    26339    69689    79228    29339    55933    87090    33166    73984    72857    77727    95230    50181    10542    39098    45949   100345    38678    49184    90286    22962    75278        0    26571    75390    10542    37047    90286    95155    72442    10542     8728    37047    90738    48964    66585    52270    72774    74988    99026    45113    39098    74988    90738    27435    91137    37410    46150    57104    35276    64592    49491    91387   101001    31088    25948    65072    55933   101001    46150    38678    37047    36193    57872    38436    55933    25948    92361    42884    60140    22962    43338    10542    27812    84612    88928    64592    94174    21416    35276    72857    44935    72857    87624    27689    55933    49491    65055    21416    22294    75390    76126    64592    45949    50181   100345    11515    91387    88339    49184    36389    72774    48294    91387    88928    67197    48294    45949    79947    44935    79228    77727    91137    52270    44935    66190    42041    64592    46150 
   80868    68112    53321    11047    55555    72799    42080    63876    28796     5272    46698    58177    37627    75745    64254    17135    50993    48465    56676    83213    23254    29816    18047    24096    79294    23235    28832    67295    11066    52442    26571        0    50998    29816    28796    67295    70763    48050    29816    31614    28796    68117    22037    44732    29435    50922    52153    76035    17786    18047    52153    68117    47247    68247    16215    25777    35252    10676    43541    26655    69535    79149    20097    13917    42080    75745    79149    25777    23235    28796    21759    24324    37529    75745    13917    71310    54311    37149    11066    66138    29816    29168    60219    66092    43541    71183    43587    10676    48465    66842    48465    65003    25665    75745    26655    42064    43587    42107    50998    51734    43541    24096    23254    79294    16366    69535    63946    28832    11047    50922    25302    69535    66092    42804    25302    24096    55555    66842    58177    56676    68247    29435    66842    29241    20188    43541    25777 
   55492    90640   101559    43823     7576    35681    15962    42481    51746    50446    36789    79532    63698   124020    41065    46242     9190     3815    56276    58961    28425    78433    39483    44427    77484    46185    30754    23426    52849    15241    75390    50998        0    78433    51746    23426    22781    18228    78433    80177    51746    53264    30697     9121    28160     9554    34874    60990    29863    39483    34874    53264    95522    44764    39324    26687    22188    42293    64819    28979    30271    33007    50114    47948    15962   124020    33007    26687    46185    51746    49092    22925    76821   124020    47948    72111   110654    35369    52849   114767    78433    60176    12338    32086    64819    44554    92263    42293     3815   114848     3815    46566    55297   124020    28979    32111    92263    90381        0    22362    64819    44427    28425    77484    64640    30271    26724    30754    43823     9554    34138    30271    32086    14485    34138    44427     7576   114848    79532    56276    44764    28160   114848    18413    40519    64819    26687 
   93147    80391    27626    41012    82991   100235    67860    89539    47434    29585    72269    82272    19297    49145    90151    33616    77028    75623    67657    95492    53243        0    41937    49011    88057    49235    80804    93060    26208    78340    10542    29816    78433        0    47434    93060    97910    75485        0    19565    47434    93542    52026    69647    55332    75836    78050   101561    59126    41937    78050    93542    37814    93963    46625    76738    60166    38522    54569    52553    94449   104063    31279    34256    67860    49145   104063    76738    49235    47434    36454    60915    49434    49145    34256    95404    63117    62962    26208    40834        0    22152    87655    91990    54569    96711    18330    38522    75623    37066    75623    90667    27951    49145    52553    67635    18330    32527    78433    79170    54569    49011    53243    88057    14761    94449    90934    80804    41012    75836    51119    94449    91990    70240    51119    49011    82991    37066    82272    67657    93963    55332    37066    69233    45103    54569    76738 
