dep14 0 0 60
**************************************DATA
12 176 480 8 1.33
**************************************DISTANCE
       0    63076     2681    86338     5586    59636    67667    17773    26287    13521    43960    54096    15480    67667    23020    12654    16190    56344    58173    19424    16469    65665    23020    12028     4689    12036    31280    41303    25422    10144    42324    25676    15862    43382    34756     4689    12028     8016    74941    49079    36662    54390    44097    59313    43382    18862    18862     6786    33916    29129    19424    80181    25091    28480    67276    74941    67667    72086    45562    12036    34291    10041    45544    69352    57603    59636    60171    13030    55272    20424    36662    38343    29129    18685    40908    63717    18344    10041    62964    21904    32278    12851    23264    59636    12688    25091    14287    76740    44303     6786    33916    19424    59436    10173    54735    56344    14528    72841    23264    37774    35333    20626    54390    49079    15065    86338    18862    58173    36704    69950    40994    44097    34291    58017    40994    17870    13030    68889    12688    16469    21396    17051     6786    73159    16039    44303    54076    36662    36704    25091     7846     7846     9117    27761    63076    27252     6101    73039    63717    54076     8016    80181    12036    17870    44097    33916    27252    40994    15065    32546     6786    16912    61066    54096    14262    60171    59636    12015    36969    15065    25683    72086    65665    34291    37774    15862    14954    55502    45544    80181    48961    22657    63717    21396    16469    73159     2681 
   63076        0    65544    25112    64220   118243   127687    76380    58455    39574    28890   108173    69985   127687    73507    71262    66677    22317     3680    36123    73923     4080    73507    72048    64615    54015    91300    46581    75308    71390    96401    75870    75882    17840    30399    64615    72048    67586    41727    27526    98518   114409    98174    14903    17840    37189    37189    59745    92523    25564    36123    18954    83699    84917     7651    41727   127687   130693    22639    54015    47593    60094   104151   131002    23577   118243    27051    49066    13563    69852    98518    97407    25564    78705    94985    30596    68831    60094   121572    68808    86783    72871    71755   118243    63175    83699    56988    17115   104323    59745    92523    36123   119456    70159   116085    22317    65014    11614    71755    54627    89410    81905   114409    27526    57624    25112    37189     3680    91209    28187    17615    98174    47593   116624    17615    35992    73301   123355    63175    73923    37169    77070    59745    13534    48523   104323     8830    98518    91209    83699    60223    60223    69137    77778        0    85860    68124    11510    30596     8830    67586    18954    54015    35992    98174    92523    85860    17615    57624    83033    59745    66243   115571   108173    64749    27051   118243    74029    96989    57624    75480   130693     4080    47593    54627    75882    75224   115522   104151    18954    14382    73144    30596    37169    73923    13534    65544 
    2681    65544        0    88806     9133    57871    64587    16009    30051    16616    46428    52331    12966    64587    25812    10890    18982    58811    61268    22519    20233    68133    25812     9513     5610    15131    28766    45067    20110     8380    40560    23169    13348    46477    37597     5610     9513     9427    77409    52174    35965    51875    42333    62408    46477    21957    21957     9254    32151    32224    22519    82649    23327    26716    70371    77409    64587    70322    49326    15131    37386    13136    43779    67587    60071    57871    63266    15498    57740    15112    35965    36579    32224    15735    39144    66812    21136    13136    61200    13950    29763     9958    25732    57871    15774    23327    13404    79835    41789     9254    32151    22519    56921     6706    52971    58811    17622    75309    25732    38948    33569    18861    51875    52174    13749    88806    21957    61268    34189    72173    44089    42333    37386    46397    44089    20337    14184    67125    15774    20233    24491    14536     9254    76254    18506    41789    56544    35965    34189    23327    11261    11261     6603    22449    65544    25452     5618    75506    66812    56544     9427    82649    15131    20337    42333    32151    25452    44089    13749    35338     9254    15148    58552    52331    17055    63266    57871    11924    34454    13749    20370    70322    68133    37386    38948    13348    19515    52987    43779    82649    51428    18251    66812    24491    20233    76254        0 
   86338    25112    88806        0    67695   134357   150949   102266    66194    60468    51549   133211    93248   150949    96769    97253    89939    45961    26796    55862    65081    20674    96769    95310    89991    77278   114562    46327    98571    94652   120920    99133    99145    35129    52725    89991    95310    70060    65044    50788    84718   137672   123326    34541    35129    59516    59516    67766   118360    47890    55862    11638   109388   108180    18080    65044   150949   140589    33541    77278    55720    83357   130114   154265    47279   134357    50313    73783    38556    93114    84718   120670    47890   101967   117126    62916    92094    83357   145667    92903   110045    96134    95594   134357    86437   109388    65373     7768   127586    67766   118360    55862   142718    93421   139348    45961    88277    20092    95594    57246   113846   105168   137672    50788    66948        0    59516    26796   114471    51450    39942   123326    55720    94606    39942    57467    66154   146617    86437    65081    58644   100333    67766    16656    59605   127586    27530    84718   114471   109388    67705    67705    92399   101040    25112    81228    91386    14073    62916    27530    70060    11638    77278    57467   123326   118360    81228    39942    66948   106295    67766    90844   138834   133211    88012    50313   134357    78984   120251    66948    98742   140589    20674    55720    57246    99145    64390   138784   130114    11638    38148    96407    62916    58644    65081    16656    88806 
    5586    64220     9133    67695        0    65071    71787    23208    22824     7255    45105    59531    20230    71787    24858    18090    17865    58564    61318    13158    13006    43224    24858    16843     6721    13739    36014    37840    26566    15579    47760    30369    20612    28314    36273     6721    16843     4956    76085    62225    36105    59139    49533    60191    28314    19740    19740     1839    39669    30376    13158    55118    30526    33916    43680    76085    71787    77521    37534    13739    35297    11381    50979    74787    58748    65071    61820    11994    56492    21569    36105    43778    30376    22935    46344    64594    19222    11381    68400    21461    36887    17158    24408    65071    13220    30526    15863    56395    49387     1839    39669    13158    63583    15608    60171    58564    15405    47920    24408    31721    40768    26061    59139    62225    16209    67695    19740    61318    41454    70850    33630    49533    35297    46387    33630    10810    10561    74325    13220    13006    11916    21349     1839    51322    13500    49387    38494    36105    41454    30526     3606     3606    13486    28905    64220    25530     8132    50790    64594    38494     4956    55118    13739    10810    49533    39669    25530    33630    16209    33424     1839    22583    66093    59531    15995    61820    65071    14482    41719    16209    26827    77521    43224    35297    31721    20612    12288    60252    50979    55118    50105    23535    64594    11916    13006    51322     9133 
   59636   118243    57871   134357    65071        0    20432    44828    40110    71061   101702    69254    57616    20432    70462    49153    63632   113358   115713    76964    40777   121245    70462    53430    58657    69576    30963    50871    72264    46255    85288    61379    43312   100922    92296    58657    53430    44647   132190   106619    19532    16255    60416   116853   100922    76402    76402    63232    28737    86668    76964    96566    46303    72548    87458   132190    20432    14663    72140    69576    91830    67581    26750    27590   114676        0   117711    70137   111361    66807    19532    51350    86668    43431    61120   121256    65787    67581    16250    64026    74414    50039    74015        0    62508    46303    71826   134280    40344    63232    28737    76964    25260    54575    10894   113358    66698    85993    74015    44110    60108    39815    16255   106619    72107   134357    76402   115713    59546   127490    98534    60416    91830     5186    98534    74544    40945    75217    62508    40777    78936    38715    63232   130699    72748    40344   111423    19532    59546    46303    65386    65386    53493    74733   118243    25649    42208   128676   121256   111423    44647    96566    69576    74544    60416    28737    25649    98534    72107    79988    63232    59784   103202    69254    61705   117711        0    44361    23828    72107    72435    14663   121245    91830    44110    43312    43502    51543    26750    96566   105909    68802   121256    78936    40777   130699    57871 
   67667   127687    64587   150949    71787    20432        0    58708    61382    77777   108571    73383    64332        0    77178    56023    70348   120955   122429    83679    82376   130276    77178    60146    66368    76292    41106   107210    78694    63506    91317    68095    54102   107638    99740    66368    60146    76039   139552   113335    36035     6083    51069   123569   107638    83118    83118    71397    27694    93384    83679   144792    53163    77473   131532   139552        0    15872   111469    76292    98546    74297    20265    10333   122214    20432   124427    77641   119883    73697    36035    49257    93384    50147    51965   127972    72503    74297     6751    70896    81130    56755    80432    20432    70474    53163    79330   140996    30838    71397    27694    83679     8204    62542    11466   120955    73414   137452    80432   101092    66944    46561     6083   113335    79676   150949    83118   122429    66261   134206   105250    51069    98546    25620   105250    82481    78602    65515    70474    82376    85652    52320    71397   137415    80650    30838   118688    36035    66261    53163    73405    73405    60209    81034   127687    41648    67780   137650   127972   118688    76039   144792    76292    82481    51069    27694    41648   105250    79676    86704    71397    65905    60835    73383    68421   124427    20432    57965    27052    79676    78955    15872   130276    98546   101092    54102    80525    42036    20265   144792   113572    75518   127972    85652    82376   137415    64587 
   17773    76380    16009   102266    23208    44828    58708        0    43511    29198    59888    54404    15753    58708    28599     3581    21769    71496    73850    35101    33692    79383    28599    11567    16795    27713    12315    57951    30401     9030    43425    15543     3497    59059    50433    16795    11567    24725    90327    64756    32429    45431    44406    74990    59059    34539    34539    21369    26119    44806    35101    92062    11658    18081    82953    90327    58708    57278    59374    27713    49968    25718    37873    62024    72814    44828    75848    28274    69499    24945    32429    19353    44806     2360    39631    79394    23924    25718    48156    22212    21273     4637    32152    44828    20646    11658    29964    92417    35344    21369    26119    35101    50477    12712    47107    71496    24835    86657    32152    54767    36352     5404    45431    64756    30244   102266    34539    73850    36977    85627    56671    44406    49968    43304    56671    32681    30024    69123    20646    33692    37073     6198    21369    88836    31966    35344    69560    32429    36977    11658    23523    23523    11630    32870    76380    21867    18190    86813    79394    69560    24725    92062    27713    32681    44406    26119    21867    56671    30244    25858    21369    17921    61339    54404    19842    75848    44828    11843    21110    30244    30573    57278    79383    49968    54767     3497    31947    28160    37873    92062    64046    20411    79394    37073    33692    88836    16009 
   26287    58455    30051    66194    22824    40110    61382    43511        0    27749    70400    79971    40008    61382    46057    38498    39228    78856    81211    22703    12923    51111    46057    36555    26844    35074    37086    17073    47859    35897    67680    50204    40390    40821    57794    26844    36555    20513    97688    72117    19066    55276    70086    82351    40821    41900    41900    25272    39221    52167    22703    60242    50633    54940    51134    97688    61382    56182    35816    35074    57329    33079    71359    95510    80174    40110    83209    35635    76859    42403    19066    67430    52167    43212    63886    86755    41382    33079    56388    46757    56805    37379    44882    40110    35726    50633    37324    61519    68831    25272    39221    22703    83963    34666    46800    78856    37565    49669    44882    10849    60607    46413    55276    72117    37605    66194    41900    81211    61231    92988    49225    70086    57329    34922    49225    31232    16408    93377    35726    12923    32409    30634    25272    56455    38246    68831    48080    19066    61231    50633    30884    30884    33645    50329    58455    19752    24810    55915    86755    48080    20513    60242    35074    31232    70086    39221    19752    49225    37605    55584    25272    40133    85594    79971    37300    83209    40110    24971    34313    37605    48031    56182    51111    57329    10849    40390    15180    80029    71359    60242    71407    45695    86755    32409    12923    56455    30051 
   13521    39574    16616    60468     7255    71061    77777    29198    27749        0    38757    62504    22275    77777    26536    24079    19543    52217    40836     6004    17931    35997    26536    22833    13976     9481    42004    30646    28244    21569    50733    33342    27195    21087    29926    13976    22833    11236    69738    55878    42169    64508    52506    54788    21087    15983    15983     7262    45658    24028     6004    47891    36516    36889    38783    69738    77777    83511    30307     9481    28950    12661    56969    80777    52400    71061    55473     8211    38482    23247    42169    46752    24028    28924    49317    59389    21121    12661    74389    23140    39861    23148    26087    71061    14898    36516    16217    49168    55376     7262    45658     6004    69573    21598    66160    52217    18296    40693    26087    36646    43742    32051    64508    55878    17489    60468    15983    40836    43498    64502    26304    52506    28950    52451    26304     3582    15486    77298    14898    17931     4762    27339     7262    44095     9717    55376    31267    42169    43498    36516     7264     7264    19476    30584    39574    31594    15548    43563    59389    31267    11236    47891     9481     3582    52506    45658    31594    26304    17489    35322     7262    20809    69066    62504    17673    55473    71061    20941    48301    17489    28505    83511    35997    28950    36646    27195    17213    66834    56969    47891    43758    25434    59389     4762    17931    44095    16616 
   43960    28890    46428    51549    45105   101702   108571    59888    70400    38757        0    90833    50870   108571    54391    54875    47561    16793    25807    33984    56799    30962    54391    52932    47613    34899    72184    56445    40392    52274    78542    56755    56767    27028     6878    47613    52932    50404    27139     6926    79402    95294    80948    36368    27028    22880    22880    43265    75982    14410    33984    42794    67010    65802    33685    27139   108571   114406    43157    34899    11389    40978    87736   111887    11144   101702    21543    31405    20645    50736    79402    78292    14410    59589    74748    28379    49716    40978   104398    51634    67667    53756    35004   101702    44059    67010    26549    43491    85207    43265    75982    33984   100340    51043    96970    16793    45899    37389    35004    78929    71468    62789    95294     6926    28123    51549    22880    25807    72093    22442    18958    80948    11389   100067    18958    31848    54186   104239    44059    56799    30671    57955    43265    38427    25767    85207    28172    79402    72093    67010    41108    41108    50021    58662    28890    68840    49008    37886    28379    28172    50404    42794    34899    31848    80948    75982    68840    18958    28123    63917    43265    48466    96456    90833    45634    21543   101702    54913    77873    28123    39228   114406    30962    11389    78929    56767    56109    96406    87736    42794    18139    54029    28379    30671    56799    38427    46428 
   54096   108173    52331   133211    59531    69254    73383    54404    79971    62504    90833        0    43055    73383    58708    50598    51878   103288   105642    68407    70153   111175    58708    48155    53118    56956    66701    94274    60510    50206     9787    39823    54698    90851    82226    53118    48155    61048   122119    96548    84907    54667    14725   106782    90851    63782    63782    57692    70498    76598    68407   123854    34713    38166   114746   122119    73383    76288    92680    56956    81760    57832    38769    76748   104606    69254   107640    63149   101291    55054    84907    25833    76598    54106    21590   111186    54033    57832    67167    47724    35401    51687    62261    69254    50755    34713    59207   124210    28903    57692    70498    68407    65152    49968    56343   103288    54944   118449    62261    91090    20086    57306    54667    96548    60242   133211    63782   105642    18820   117419    88464    14725    81760    94583    88464    65987    66346    19064    50755    70153    68865    55886    57692   120628    62912    28903   101352    84907    18820    34713    56829    56829    47953    47469   108173    74344    54513   118605   111186   101352    61048   123854    56956    65987    14725    70498    74344    88464    60242    40683    57692    48030    11280        0    49951   107640    69254    55914    72390    60242    60682    76288   111175    81760    91090    54698    68270    17704    38769   123854    95839    45366   111186    68865    70153   120628    52331 
   15480    69985    12966    93248    20230    57616    64332    15753    40008    22275    50870    43055        0    64332    12178    10635     6340    64329    67083    28858    30189    72574    12178     6833    14181    17190    28559    55023    13886    11319    31284     9223    12330    50431    42039    14181     6833    23852    81851    67990    46001    51064    33057    66900    50431    24013    24013    19210    32214    36141    28858    87090    16822    12384    77982    81851    64332    70066    52480    17190    41062    14831    43524    67332    64513    57616    67586    23064    62257     8610    46001    27303    36141    15480    29868    71637     6326    14831    60945     4425    13934     9695    22250    57616     9548    16822    19314    85552    41932    19210    32214    28858    56128    10355    52716    64329    14459    79017    22250    48905    24293    18606    51064    67990    20228    93248    24013    67083    24725    76615    50848    33057    41062    55909    50848    25756    27745    57849     9548    30189    29316    17089    19210    81888    22948    41932    60986    46001    24725    16822    16680    16680     9226    13933    69985    35426    15593    79948    71637    60986    23852    87090    17190    25756    33057    32214    35426    50848    20228    16581    19210     2813    49617    43055     7628    67586    57616    16364    32840    20228    14147    70066    72574    41062    48905    12330    29472    36916    43524    87090    55870     9310    71637    29316    30189    81888    12966 
   67667   127687    64587   150949    71787    20432        0    58708    61382    77777   108571    73383    64332        0    77178    56023    70348   120955   122429    83679    82376   130276    77178    60146    66368    76292    41106   107210    78694    63506    91317    68095    54102   107638    99740    66368    60146    76039   139552   113335    36035     6083    51069   123569   107638    83118    83118    71397    27694    93384    83679   144792    53163    77473   131532   139552        0    15872   111469    76292    98546    74297    20265    10333   122214    20432   124427    77641   119883    73697    36035    49257    93384    50147    51965   127972    72503    74297     6751    70896    81130    56755    80432    20432    70474    53163    79330   140996    30838    71397    27694    83679     8204    62542    11466   120955    73414   137452    80432   101092    66944    46561     6083   113335    79676   150949    83118   122429    66261   134206   105250    51069    98546    25620   105250    82481    78602    65515    70474    82376    85652    52320    71397   137415    80650    30838   118688    36035    66261    53163    73405    73405    60209    81034   127687    41648    67780   137650   127972   118688    76039   144792    76292    82481    51069    27694    41648   105250    79676    86704    71397    65905    60835    73383    68421   124427    20432    57965    27052    79676    78955    15872   130276    98546   101092    54102    80525    42036    20265   144792   113572    75518   127972    85652    82376   137415    64587 
   23020    73507    25812    96769    24858    70462    77178    28599    46057    26536    54391    58708    12178    77178        0    23481     9313    66774    69674    32439    36239    76096        0    22053    26931    18873    41406    61073     2021    24165    46937    11224    28596    54883    45560    26931    22053    29902    85372    60580    59156    63708    48710    70814    54883    18774    18774    22062    44742    39662    32439    90612    34508    14961    78777    85372    77178    82912    55889    18873    25037    18687    56370    80178    68034    70462    71107    26586    65703     5468    59156    34156    39662    28326    45521    75218     5739    18687    73791     8051    13843    22542    10040    70462    12435    34508    14784    88241    53622    22062    44742    32439    68754    23201    65562    66774    12058    83272    10040    54955    24049    31452    63708    60580    12589    96769    18774    69674    26933    80136    52495    48710    25037    68843    52495    29277    33939    73502    12435    36239    32897    29935    22062    84660    26469    53622    64507    59156    26933    34508    20201    20201    22072     4612    73507    48176    28343    83470    75218    64507    29902    90612    18873    29277    48710    44742    48176    52495    12589    11345    22062    12036    64389    58708     9086    71107    70462    29812    46288    12589     3993    82912    76096    25037    54955    28596    35522    52741    56370    90612    59391     4748    75218    32897    36239    84660    25812 
   12654    71262    10890    97253    18090    49153    56023     3581    38498    24079    54875    50598    10635    56023    23481        0    16651    66377    68732    29982    27519    74264    23481     6449    11676    22595    19636    52833    25282     4405    38307    14415     3692    53941    45315    11676     6449    19607    85209    59638    43465    42745    40713    69871    53941    29421    29421    16251    23433    39687    29982    86943    14453    16953    77835    85209    56023    61857    54255    22595    44849    20599    35188    59338    67695    49153    70730    23156    64380    19826    43465    22148    39687     7041    34513    74275    18805    20599    52311    17199    27433     1057    27034    49153    15527    14453    24845    87299    32659    16251    23433    29982    47792     7594    44421    66377    19716    81538    27034    49649    31234    10241    42745    59638    25125    97253    29421    68732    31858    80509    51553    40713    44849    47518    51553    27562    24905    64005    15527    27519    31955     9174    16251    83718    25767    32659    64441    43465    31858    14453    18404    18404     4065    27752    71262    32902    13071    81694    74275    64441    19607    86943    22595    27562    40713    23433    32902    51553    25125    24729    16251    12803    56221    50598    14724    70730    49153     9651    25325    25125    25454    61857    74264    44849    49649     3692    26828    43858    35188    86943    58928    19282    74275    31955    27519    83718    10890 
   16190    66677    18982    89939    17865    63632    70348    21769    39228    19543    47561    51878     6340    70348     9313    16651        0    61021    63774    25446    29409    69266     9313    11275    20101    13881    34576    54243    11021    17335    40107    10245    21106    47123    38730    20101    11275    23072    78542    64682    51921    56218    41880    63821    47123    19030    19030    15232    38230    32832    25446    83782    27678    13453    71784    78542    70348    76083    49171    13881    38799    11523    49540    73348    61204    63632    64277    19756    58948     4780    51921    36126    32832    21496    38691    68225     2685    11523    66961     1915    15003    15712    18941    63632     6239    27678    16005    82244    47948    15232    38230    25446    62144    16371    58732    61021     8307    75708    18941    48125    33116    24622    56218    64682    16920    89939    19030    63774    32537    73306    45502    41880    38799    61925    45502    22447    26946    66672     6239    29409    25904    23105    15232    78580    19640    47948    57677    51921    32537    27678    13371    13371    15242    10874    66677    41346    21513    76640    68225    57677    23072    83782    13881    22447    41880    38230    41346    45502    16920    16129    15232     3344    56899    51878     2093    64277    63632    22322    38798    16920    11282    76083    69266    38799    48125    21106    28692    45251    49540    83782    52562     6251    68225    25904    29409    78580    18982 
   56344    22317    58811    45961    58564   113358   120955    71496    78856    52217    16793   103288    64329   120955    66774    66377    61021        0    20863    54605    69038    25320    66774    66391    59997    47283    84568    61136    68576    64657    91517    69138    70226    32795    25777    59997    66391    62787    12173     9838    92862   108753    93290    16690    32795    33680    33680    54861    87638    28731    54605    37999    78814    78185    29967    12173   120955   125809    43488    47283    27695    54438    99266   124270     7518   113358     6340    44182    14557    63120    92862    90675    28731    71972    90101    13279    63175    54438   116687    63923    81127    66139    65599   113358    56443    78814    50256    39430    98667    54861    87638    54605   113799    63426   109353        0    59358    32464    65599    91313    84525    75173   108753     9838    48337    45961    33680    20863    85552     7477    24726    93290    27695   111740    24726    51109    67645   116623    56443    69038    51008    70338    54861    35849    43638    98667    32863    92862    85552    78814    53491    53491    62405    71046    22317    80975    61392    32750    13279    32863    62787    37999    47283    51109    93290    87638    80975    24726    48337    77377    54861    60850   109915   103288    58017     6340   113358    68372    91332    48337    68748   125809    25320    27695    91313    70226    68492   109865    99266    37999     8181    67488    13279    51008    69038    35849    58811 
   58173     3680    61268    26796    61318   115713   122429    73850    81211    40836    25807   105642    67083   122429    69674    68732    63774    20863        0    37386    71392     6122    69674    69145    62085    50030    86656    44074    71382    66221    93871    76480    72980    17264    27269    62085    69145    65055    39196    24524    95616   111507    95644    17496    17264    34106    34106    57215    90310    22389    37386    21129    81168    80027    10086    39196   122429   128163    24868    50030    30310    57192   101621   125429    21047   115713    24120    46536    10114    66385    95616    89890    22389    73576    92455    27694    65929    57192   119041    66278    82998    67800    69225   115713    58036    81168    52492    19550   101421    57215    90310    37386   116553    66250   110813    20863    62112    12565    69225    51446    86880    76703   111507    24524    55093    26796    34106        0    88306    25233    14532    95644    30310   114006    14532    34759    70399   120436    58036    71392    38431    71991    57215    14028    45992   101421     7731    95616    88306    81168    55354    55354    64128    73722     3680    83330    63496    13496    27694     7731    65055    21129    50030    34759    95644    90310    83330    14532    55093    80131    57215    63947   112669   105642    60811    24120   115713    71126    94086    55093    71643   128163     6122    30310    51446    72980    70675   112619   101621    21129    11954    70242    27694    38431    71392    14028    61268 
   19424    36123    22519    55862    13158    76964    83679    35101    22703     6004    33984    68407    28858    83679    32439    29982    25446    54605    37386        0    15349    32547    32439    28735    19879    16810    47907    26040    34147    27472    56636    39245    31686    17636    29416    19879    28735    17139    72127    44089    42019    70411    58409    57176    17636    17082    17082    13165    51561    19931        0    44440    42419    42792    35332    72127    83679    89414    25701    16810    28439    18564    62872    86680    41540    76964    57862    13316    35032    29150    42019    52655    19931    34827    55220    61368    28022    18564    80292    29043    45763    29051    31990    76964    20801    42419    17334    45717    61279    13165    51561        0    75476    27501    72063    54605    24199    37242    31990    33412    49645    37954    70411    44089    19935    55862    17082    37386    50077    66891    22854    58409    28439    52301    22854     2420    16475    83201    20801    15349     3597    33242    13165    40644    10834    61279    27816    42019    50077    42419    13167    13167    25379    36487    36123    31444    21451    40113    61368    27816    17139    44440    16810     2420    58409    51561    31444    22854    19935    41682    13165    26712    74969    68407    23576    57862    76964    26798    53135    19935    34408    89414    32547    28439    33412    31686    14631    62268    62872    44440    46146    33568    61368     3597    15349    40644    22519 
   16469    73923    20233    65081    13006    40777    82376    33692    12923    17931    56799    70153    30189    82376    36239    27519    29409    69038    71392    15349        0    76925    36239    26737    17025    25256    45989    28352    38041    26079    57861    40385    30572    38958    47976    17025    26737    10694    87870    62299    23062    69099    60267    72532    38958    32082    32082    15454    49787    42348    15349    57374    40815    45121    48265    87870    82376    60040    32947    25256    47510    23260    61541    85692    70356    40777    73391    25817    67041    32584    23062    57612    42348    33394    54067    76936    31564    23260    77829    33156    46987    27560    35064    40777    25907    40815    27506    58650    59012    15454    49787    15349    74145    24848    41540    69038    27747    46801    35064    25169    50788    36594    69099    62299    27786    65081    32082    71392    51413    83170    44306    60267    47510    36080    44306    21414     4077    83559    25907        0    22591    25240    15454    53587    28428    59012    45212    23062    51413    40815    21065    21065    23826    40510    73923    15128    14992    53046    76936    45212    10694    57374    25256    21414    60267    49787    15128    44306    27786    45765    15454    30314    75776    70153    27482    73391    40777    19578    29052    27786    38212    60040    76925    47510    25169    30572     1512    70211    61541    57374    61589    35877    76936    22591        0    53587    20233 
   65665     4080    68133    20674    43224   121245   130276    79383    51111    35997    30962   111175    72574   130276    76096    74264    69266    25320     6122    32547    76925        0    76096    74637    67617    56604    93889    39374    76915    71754    99404    78459    78471    14264    32412    67617    74637    70588    44729    30115    68863   116998   101177    19710    14264    39203    39203    62748    95525    27577    32547    12844    86701    87506     3571    44729   130276   133696    15295    56604    35406    62683   107154   133591    26580   121245    29640    52069    16554    71917    68863    99996    27577    81294    97988    33185    71420    62683   124574    71810    89372    75460    74757   121245    65764    86701    45060    13035   106912    62748    95525    32547   122044    71783   116345    25320    67603     7176    74757    46145    92412    82236   116998    30115    60626    20674    39203     6122    93798    30776    19629   101177    35406    82250    19629    30610    49938   125944    65764    76925    33592    79659    62748     7971    51525   106912     7288    68863    93798    86701    62812    62812    71726    80367     4080    88862    69029     7374    33185     7288    70588    12844    56604    30610   101177    95525    88862    19629    60626    85622    62748    69245   118160   111175    67338    29640   121245    76617    99578    60626    78069   133696        0    35406    46145    78471    48174   118111   107154    12844    17384    75733    33185    33592    76925     7971    68133 
   23020    73507    25812    96769    24858    70462    77178    28599    46057    26536    54391    58708    12178    77178        0    23481     9313    66774    69674    32439    36239    76096        0    22053    26931    18873    41406    61073     2021    24165    46937    11224    28596    54883    45560    26931    22053    29902    85372    60580    59156    63708    48710    70814    54883    18774    18774    22062    44742    39662    32439    90612    34508    14961    78777    85372    77178    82912    55889    18873    25037    18687    56370    80178    68034    70462    71107    26586    65703     5468    59156    34156    39662    28326    45521    75218     5739    18687    73791     8051    13843    22542    10040    70462    12435    34508    14784    88241    53622    22062    44742    32439    68754    23201    65562    66774    12058    83272    10040    54955    24049    31452    63708    60580    12589    96769    18774    69674    26933    80136    52495    48710    25037    68843    52495    29277    33939    73502    12435    36239    32897    29935    22062    84660    26469    53622    64507    59156    26933    34508    20201    20201    22072     4612    73507    48176    28343    83470    75218    64507    29902    90612    18873    29277    48710    44742    48176    52495    12589    11345    22062    12036    64389    58708     9086    71107    70462    29812    46288    12589     3993    82912    76096    25037    54955    28596    35522    52741    56370    90612    59391     4748    75218    32897    36239    84660    25812 
   12028    72048     9513    95310    16843    53430    60146    11567    36555    22833    52932    48155     6833    60146    22053     6449    11275    66391    69145    28735    26737    74637    22053        0    10729    21567    24374    51571    23761     7867    36383    18992     8302    52494    44101    10729        0    20400    83913    70053    42549    47115    38156    68625    52494    28174    28174    15758    28028    38203    28735    89153    18886    22539    76588    83913    60146    65880    55942    21567    43125    19209    39338    63146    66575    53430    69648    22002    64319    18763    42549    32402    38203    11294    34967    73028    16771    19209    56759    12675    25511     5510    25499    53430    12797    18886    23691    87615    37746    15758    28028    28735    51942     3822    48530    66391    17682    81079    25499    45452    29392    14420    47115    70053    24036    95310    28174    69145    29824    78677    50306    38156    43125    51723    50306    26841    23658    62948    12797    26737    30708    15463    15758    83951    25010    37746    63048    42549    29824    18886    17765    17765     4545    26100    72048    31974    12141    82011    73028    63048    20400    89153    21567    26841    38156    28028    31974    50306    24036    30973    15758    11206    54716    48155    13190    69648    53430    12844    29694    24036    24022    65880    74637    43125    45452     8302    26019    48227    39338    89153    57932    16908    73028    30708    26737    83951     9513 
    4689    64615     5610    89991     6721    58657    66368    16795    26844    13976    47613    53118    14181    66368    26931    11676    20101    59997    62085    19879    17025    67617    26931    10729        0    15948    29981    41718    28733     4808    41346    24377    10672    47294    38668        0    10729     6211    78562    52991    28998    53091    43119    63224    47294    22774    22774     7032    32937    33040    19879    83834    24113    29113    71188    78562    66368    71108    46118    15948    38202    13952    44566    69684    61256    58657    64083    16683    58925    23276    28998    41604    33040    17386    39930    67628    22256    13952    61986    20926    30979     8453    25756    58657    16599    24113    18198    80652    43004     7032    32937    19879    58137     7543    54767    59997    18439    76494    25756    38534    34355    20586    53091    52991    18478    89991    22774    62085    35405    73862    44906    43119    38202    39403    44906    17459    13790    67551    16599    17025    25308    12962     7032    77071    19692    43004    57794    28998    35405    24113    11757    11757     5978    31202    64615    18458     1899    75047    67628    57794     6211    83834    15948    17459    43119    32937    18458    44906    18478    36457     7032    15934    59767    53118    18174    64083    58657     7300    35670    18478    28904    71108    67617    38202    38534    10672    15713    54203    44566    83834    52281    26569    67628    25308    17025    77071     5610 
