dep71 0 0 60
**************************************DATA
14 186 480 8 1.33
**************************************DISTANCE
       0    13829    90797    94688    23103    57754    52469    95487    71143    67005    48170    62760    30285    19139    78701    26426    64477    27152    92231    49820    35049    15558    95487    81586    16921    36563    70301    79295    16921    62071    80059    51665     7045    91633    44938    22036    13931    47570    71143    61953    17221    18049    14689    36067    45475   114756    63719    27175    81229    59831    37549    45475    59831    72524    16473    15823    73192    29038    37534    97018    72524    77392    73574    21797    52775    45250   101175    15823    45250    27363    21713    52469    60625    14777    14168    68774    31583   101175    25966    57033    40271    14578    74530    47570    48657    57876    81985    28708    97018    29784    48244    67044    78896    74415     4316    72524    80059    51665    51665    29176    92231    47504    79295    33619   114756    77392    31377    26605    70301    74530    86984    86984    47504     4255    16921    47504    68774    61953    70045    11595   111536    74426    52775    52469    23880    69861    74007     4255    57723    49820    62760    53986    67005    46576    44139    37534    59831    27175    91633    67254    59831    81985    45250    29038    14168    36563    52775    74426    37619    82296    71766    47179   111536    81985    95487    44938    67044    79403    45227    74530    71069    14587    23880    33341    10906    48322    45475    47504    87470    45475    77392    46202    26426     6145    48322    14362    17221    51774    19925    92231    22036    79295    59916    61953    28508    87694    72524 
   13829        0    78294    82185    29543    56634    51673    88133    58640    66210    47374    55406    18795    25579    66937    13922    63681    33592    80036    44885    30123    11155    88133    69083    18576    29865    76742    66792    18576    61275    79264    39162    16574    84279    51378    32649    27290    40216    58640    49449    27841    24490    18674    23406    56085    95969    62924    37685    68726    50742    48169    56085    50742    65159    11825     8067    46240    33910    36739    84515    65159    70038    47609    32417    46320    44455    82388     8067    44455    14860    23368    51673    59830    25596    15436    61420    24885    82388    20102    52098    39476    25198    62027    40216    47862    64317    75132    35248    84515    23086    54684    54236    66392    67061    10687    65159    79264    39162    39162    16673    80036    40139    66792    40160    95969    70038    26952    19237    76742    62027    53484    53484    40139    16421    18576    40139    61420    49449    62690    22428    92749    73630    46320    51673    30421    69066    72657    16421    50369    44885    55406    63851    66210    39171    54760    36739    50742    37685    84279    66458    50742    75132    44455    33910    15436    29865    46320    73630    31088    74931    64401    53619    92749    75132    88133    51378    54236    72049    34473    62027    53680    11096    30421    38948    17346    36086    56085    40139    74967    56085    70038    51204    13922    16766    36086    20802    27841    58214    26491    80036    32649    66792    66962    49449    53257    80339    65159 
   90797    78294        0     8342   107773    93002   121183    52792    30076    72489    78707    46155    84953   103909    30997    90595    71051   111907     9233   101580    88296    83530    52792    17116    95249    84116   162484    11343    95249    79802    58168    39089    94167    48937   140466   104534   104167    61128    30076    38097   104771   102819    96763   105172   118340    16328    83313   117382     9864   128560   109720   118340   128560    68206    90119    86360    63340    98350   105881     9962    68206    50027    65398   102446    54287    82975    20847    86360    82975    68286   116607   121183   129340   105291    93729    47629    82609    20847   112038    88466   108780    98704    19579    61128    73644   154329    41444   111922     9962    81268   133808    32812    23266    36129    87463    68206    58168    39089    39089    80420     9233    72363    11343   116834    16328    50027    88066    76378   162484    19579    52050    52050    72363    92935    95249    72363    47629    38097    55605   101858    24827   112563    54287   121183   123171   109204    63945    92935    53475   101580    46155   112724    72489    87323   118340   105881   128560   117382    48937    66728   128560    41444    82975    98350    93729    84116    54287   112563    72673    71843    74802   131931    24827    41444    52792   140466    32812    60156   113736    19579    62251    89604   123171    96749    95540    53186   118340    72363     6990   118340    50027   107846    90595    93710    53186    99142   104771   159192   103164     9233   104534    11343   105043    38097   130683    63810    68206 
   94688    82185     8342        0   139093    96893   119283    64506    28176    70589    76807    51444    88170   135229    41443    88125    69151   143227     5161   102509    91513    87421    64506    17819    92779    87332   164225    15700    92779    77902    54097    42980   129368    60652   138566   107751   134494    65019    28176    40589   108662   134139   128083   103272   116735    20025    85053   147709    15253   126660   112937   116735   126660    73148    94010    90252    61440   100843   103981     3726    73148    61741    63609   104938    58178    81186    26970    90252    81186    72177   114707   119283   127440   135618    98250    50651    85826    26970   110138    92357   106880   101921    23470    65019    71744   152429    53516   109452     3726    84485   131908    36703    33712    45436    91355    73148    54097    42980    42980    80032     5161    76254    15700   126782    20025    61741    91283    78709   164225    23470    50150    50150    76254    96826    92779    76254    50651    40589    60155   132185    30951   110663    58178   119283   121271   107415    62045    96826    57366   102509    51444   116615    70589    89816   120833   103981   126660   147709    60652    64828   126660    53516    81186   100843    98250    87332    58178   110663    75890    76393    82365   163251    30951    53516    64506   138566    36703    70261   111836    23470    60351    93495   121271    99966   126860    51286   116735    76254     8618   116735    61741   108224    88125    97601    51286   130462   108662   157292   100693     5161   107751    15700   108934    40589   166005    75525    73148 
   23103    29543   107773   139093        0    81863    42639   114018   111810    73350    54051    81450    44869    11017    97388    25613    70358     8772   139407    70178    54926    34088   114018   127894    15759    55161    47199    96314    15759    68596    85866    68641    16262   109793    21824    43669    23783    65963   111810    78929    35140     9379    13375    28009    69086   137384    69600    24646    98246    26123    59192    69086    26123    91054    21949    23603    79769    50668    43676   113853    91054    95922    79456    43427    71483    51132   122932    23603    51132    37332    14927    42639    34990    22661    21600    87304    49908   122932    21628    77390    23018    36217    91574    65963    54539    34771   100693     9751   113853    48833    25129    91882   105051    92945    26664    91054    85866    68641    68641    28364   139407    66034    96314    14662   137384    95922    52074    45135    47199    91574    92866    92866    66034    20540    15759    66034    87304    78929    88592    19227   130066    42216    71483    42639     8470    39113    79585    20540    76152    70178    81450    73564    73350    64400    62814    43676    26123    24646   109793    73864    26123   100693    51132    50668    21600    55161    71483    42216    56327   104037    90442    32291   130066   100693   114018    21824    91882    97933    17923    91574    77414    19461     8470    54972    14191    58616    69086    66034   104489    69086    95922    67835    25613    27785    58616    10655    35140    28668     7800   139407    43669    96314    81547    78929    36358   106195    91054 
   57754    56634    93002    96893    81863        0   104131    62990    88855   118503    99757    51982    40276    77998    67921    68936   115974    85996    95215    17922    29767    54470    62990    85806    71528    27749   129125    82403    71528   113749   131018    66688    63331    58889   103686    36542    69846    43011    88855    69141    57349    76908    70853    88119    19990    93797   115307    80117    81608   111508    21501    19990   111508    42279    65317    64701    93070    35316    88829    99466    42279    49290    93588    42977    49310    96838    79345    64701    96838    60907    76426   104131   112213    75306    68881    52058    32905    79345    75095     6682    91728    43445    80899    43011   100245   116634    53840    85076    99466    35615   106992    61948    73074    57273    59999    42279   131018    66688    66688    65375    95215    35607    82403    89988    93797    49290    34765    40043   129125    80899    99463    99463    35607    60541    71528    35607    52058    69141    41963    71872    90597   126131    49310   104131    79618   121449   124737    60541    42132    17922    51982    19870   118503    20447    24940    88829   111508    80117    58889   119016   111508    53840    96838    35316    68881    27749    49310   126131    39384    40644    37274   106020    90597    53840    62990   103686    61948    51302    88028    80899   100697    63693    79618    32197    69630    82916    19990    35607    90103    19990    49290    12995    68936    52035    82916    73232    57349   110531    75591    95215    36542    82403     9825    69141    71533    56025    42279 
   52469    51673   121183   119283    42639   104131        0   145629    92000    28790    27840   103580    67000    55015   122646    30867    33571    49908   119563    92382    77056    56357   145629   108084    35985    77292    46649   110203    35985    29509    66022    66596    48625   142000    28190    73035    54513    88369    92000    76884    64348    53925    35466    21720    97103   135781    27340    58370   111616    15469    89481    97103    15469   113323    43630    45872    37369    80970    19343   121613   113323   118190    39497    75777    81366    24920   108755    45872    24920    39978    32932        0     9803    55359    37390   109573    72381   108755    29187    99520    15715    66510   103046    88369    30466    21576   132900    30963   121613    70964    21326    82092    93827   124557    48794   113323    66022    66596    66596    38960   119563    88302   110203    26051   135781   118190    74204    67403    46649   103046    73056    73056    88302    49906    35985    88302   109573    76884   110723    51441   120184    26157    81366        0    27803    17078    59741    49906    98282    92382   103580   102164    28790    86668    91620    19343    15469    58370   142000    38370    15469   132900    24920    80970    37390    77292    81366    26157    78457   123095   112565    51890   120184   132900   145629    28190    82092   120202    17816   103046    43431    41744    27803    85273    46782    44065    97103    88302   117857    97103   118190    97201    30867    57151    44065    50238    64348    24620    31169   119563    73035   110203   116726    76884    80481   128492   113323 
   95487    88133    52792    64506   114018    62990   145629        0    72023    96935   103153    38368    72431   110153    24345   100435    95497   118151    64587    68607    65694    86192        0    55384   103683    61513   185420    51775   103683   104248   100672    51880   100411     9796   135841    80163   110411    45268    72023    44096   102811   109063   103008   129617    82832    51144   106248   123626    50981   153006    84343    82832   153006    29127    97472    96200    87786    76076    99453    69743    29127    18069    88334    91515    47559   105911    36692    96200   105911    80107   108148   145629   153786   111536   100603    24949    70087    36692   106594    58454   133226    86182    55399    45268    98090   178774    15631   116798    69743    68746   139147    39574    30434    24987    92154    29127   100672    51880    51880    92638    64587    48517    51775   121939    51144    18069    75544    69811   185420    55399    84305    84305    48517    97625   103683    48517    24949    44096    22460   108102    47773   137009    47559   145629   111773   132140    88390    97625    37615    68607    38368    82712    96935    65550    87755    99453   153006   123626     9796    91174   153006    15631   105911    76076   100603    61513    47559   137009    60151    25273    30965   138175    47773    15631        0   135841    39574    12705   138182    55399    86697    95848   111773    72977   101785    77632    82832    48517    59475    82832    18069    74321   100435    95602    77632   105387   102811   183638   107746    64587    80163    51775    69123    44096   137362    11694    29127 
   71143    58640    30076    28176   111810    88855    92000    72023        0    43305    49129    45475    70743   107945    47042    60841    41867   115943    24787    93753    82594    66947    72023    16977    65495    78414   132083    18578    65495    50618    33251    29071   102085    66396   111282    91651   107210    56981        0    26889   116616   106855   100800    75988   110512    42189    52911   120425    20510    99376   101893   110512    99376    78663    97015    63109    34156    86332    76697    31834    78663    69393    34997    89647    50324    52573    43280    63109    52573    46541    87557    92000   100674   108335    67141    56166    74788    43280    82854    84319    79597    82489    13767    56981    44461   125145    57296    82408    31834    69603   104624    28665    41711    50951    67810    78663    33251    29071    29071    52988    24787    68966    18578    99677    42189    69393    76954    65259   132083    13767    22866    22866    68966   103365    65495    68966    56166    26889    63935   104901    53792    83379    50324    92000    93987    78803    34761   103365    49328    93753    45475   108577    43305    84511   145003    76697    99376   120425    66396    37544    99376    57296    52573    86332    67141    78414    50324    83379    66971    80173    74327   135967    53792    57296    72023   111282    28665    76083    84552    13767    33067    95051    93987    91370    99577    24003   110512    68966    26753   110512    69393   100018    60841    74056    24003   103179   116616   130008    73410    24787    91651    18578   100896    26889   133864    81269    78663 
   67005    66210    72489    70589    73350   118503    28790    96935    43305        0     9260    72101    81537    69022    73616    35127     5321    77020    67382   106845    91593    70729    96935    59390    51317    91828    92991    61173    51317     7687    29702    44441    63162    92970    56116    87572    68287    70570    43305    54777    77694    67933    61877    37065   111639    87087     6256    81502    63105    44210   103095   111639    44210    92042    58092    60244     7947    95341    22165    72919    92042    94305    10075    90149    62941    14438    86787    60244    14438    36598    37421    28790    38817    69412    41650    81078    86575    86787    43932   114057    25026    80120    54351    70570    10967    85274    83870    43451    72919    85500    49458    60125    73568    75863    63331    92042    29702    44441    44441    43046    67382    69610    61173    44383    87087    94305    88741    61826    92991    54351    21458    21458    69610    64443    51317    69610    81078    54777    83299    65978    99925    43498    62941    28790    40219    38934    15120    64443    70389   106845    72101   116536        0    81078   105992    22165    44210    81502    92970    13253    44210    83870    14438    95341    41650    91828    62941    43498    63720    98665    95851    97045    99925    83870    96935    56116    60125    92532    30232    54351    14509    56129    40219    99645    60654    19399   111639    69610    69348   111639    94305   111738    35127    71688    19399    64256    77694    52031    57039    67382    87572    61173   131098    54777    94853   100902    92042 
   48170    47374    78707    76807    54051    99757    27840   103153    49129     9260        0    77742    62701    50187    79258    26377    16954    58185    73024    88009    72757    51854   103153    65608    31466    72992    59881    66815    31466    12876    37402    50659    44326    98612    47122    68736    49452    83795    49129    60996    58858    49097    43041    17214    92804    90426    10849    62666    68746    35216    84259    92804    35216   108819    39256    41498    17840    76466    14690    80071   108819   100523    20544    71274    68583     5675    92429    41498     5675    35475    28657    27840    34708    50576    32887    87296    67739    92429    24081    95221    16283    61285    60178    83795     6544    46104    89512    34687    80071    66665    40464    65767    79786    82081    44495   108819    37402    50659    50659    34470    73024    83799    66815    35620    90426   100523    69905    62900    59881    60178    31927    31927    83799    45607    31466    83799    87296    60996    88941    47142   103510    39333    68583    27840    31226    34825    26099    45607    76031    88009    77742    97281     9260    82165    87117    14690    35216    62666    98612    22029    35216    89512     5675    76466    32887    72992    68583    39333    74158   104386   108273    78209   103510    89512   103153    47122    65767    98750    21239    60178    27090    37293    31226    80770    41818    25041    92804    83799    74990    92804   100523    92902    26377    52852    25041    45420    58858    43691    37188    73024    68736    66815   106811    60996    75978   106544   108819 
   62760    55406    46155    51444    81450    51982   103580    38368    45475    72101    77742        0    39704    77486    18013    68546    82874    85499    49067    53586    43046    53994    38368    40357    71159    38866   173056    36256    71159    92236    85152    28872    67684    34248   103285    59284    79196    19617    45475    25761    69958    76396    70281    87179    73090    57636    93884    89592    35721   110942    61735    73090   110942    26793    65181    64435    62952    55222    88646    53774    26793    17993    75970    59317    14832    96362    47386    64435    96362    49890    75950   103580   111737    77503    68405     8273    35985    47386    74726    49309    91383    53415    36769    19617    73256   116224    19320    84600    53774    36019   106420    18127    23673    13488    59427    26793    85152    28872    28872    58858    49067    30225    36256    89511    57636    17993    42816    37613   173056    36769    71858    71858    30225    64898    71159    30225     8273    25761    17424    75375    54417   125537    14832   103580    79772   120973    72871    64898    12455    53586        0    72552    72101    44195    75212    88646   110942    89592    34248    75654   110942    19320    96362    55222    68405    38866    14832   125537    27424    33416    37454   105526    54417    19320    38368   103285    18127    27283    96339    36769    71177    63002    79772    49777    69253    52613    73090    30225    44226    73090    17993    62597    68546    62875    52613    72709    69958   110121    75019    49067    59284    36256    62310    25761   105164    35574    26793 
   30285    18795    84953    88170    44869    40276    67000    72431    70743    81537    62701    39704        0    40906    55644    31134    79008    48919    83490    28527    13765    17414    72431    71355    35788    13507    92068    69064    35788    76602    94591    41434    31087    68576    66704    20974    42616    24514    70743    51721    31687    39816    34000    40619    45278    91699    78250    53011    72447    67954    31019    45278    67954    49468    30624    26866    58342    16952    52065    90500    49468    54335    59712    21047    29824    59781    78118    26866    59781    24843    40580    67000    75156    40922    31825    45718     8526    78118    37315    35740    54803    15144    64299    24514    63188    79643    59034    52460    90500     6728    70011    50223    63465    51359    23020    49468    94591    41434    41434    27487    83490    24447    69064    57372    91699    54335     7238     3979    92068    64299    65586    65586    24447    28301    35788    24447    45718    51721    46988    38778    88480    88957    29824    67000    47633    84392    87568    28301    34667    28527    39704    47493    81537    22813    38010    52065    67954    53011    68576    81785    67954    59034    59781    16952    31825    13507    29824    88957    14667    59240    48710    68945    88480    59034    72431    66704    50223    56347    51685    64299    65783    26422    47633    21990    32672    48482    45278    24447    80952    45278    54335    34784    31134    24565    48482    36128    31687    73541    43703    83490    20974    69064    50604    51721    42974    64637    49468 
   19139    25579   103909   135229    11017    77998    55015   110153   107945    69022    50187    77486    40906        0    93425    28262    66494    10767   135443    66249    50962    30224   110153   124030    20618    51197    58216    92351    20618    64633    81902    64777    12299   105830    35613    39705    20474    62000   107945    75065    31058     3316    11450    38084    65123   129421    65736    12123    94283    37140    55229    65123    37140    87190    17985    19739    75209    46804    39713   137559    87190    92057    75591    39563    67519    47267   118968    19739    47267    39980    25280    55015    46007    16518    17736    83440    45944   118968    29638    73426    42288    32254    87642    62000    50674    45791    96730    20767   137559    44870    36146    87919   101187    89081    22700    87190    81902    64777    64777    31012   135443    62169    92351    25679   129421    92057    48110    41270    58216    87642    89001    89001    62169    16576    20618    62169    83440    75065    84629    15264   126202    57088    67519    55015    17174    50130    75621    16576    72188    66249    77486    69493    69022    60535    58950    39713    37140    12123   105830    69900    37140    96730    47267    46804    17736    51197    67519    57088    52363    96962    86432    28022   126202    96730   110153    35613    87919    94069    28625    87642    73451    15498    17174    51107    10227    61360    65123    62169   100582    65123    92057    63871    28262    23822    61360     5813    31058    39688    12563   135443    39705    92351    77682    75065    20527   102359    87190 
   78701    66937    30997    41443    97388    67921   122646    24345    47042    73616    79258    18013    55644    93425        0    79247    72029   101438    41012    69525    58987    69933    24345    29755    81777    54807   162212    28200    81777    81392    77096    28672    83624    20342   119223    75225    95135    35556    47042    20888    85896    92335    86221   106245    89031    37111    83040   105530    28080   130008    77674    89031   130008    37163    78737    74979    64467    71161    75844    43599    37163    16761    65126    75256    30773    82702    22671    74979    82702    56899    86569   122646   130803    93441    84344    11398    51923    22671    85427    65249   110449    69354    31953    35556    74771   154495    11142    98449    43599    51959   134679    15999     8516     6183    75367    37163    77096    28672    28672    69030    41012    46164    28200   103361    37111    16761    58757    53551   162212    31953    61014    61014    46164    80839    81777    46164    11398    20888    24573    91315    33891   152403    30773   122646    93622   108932    64815    80839    28394    69525    18013    88491    73616    60133    91151    75844   130008   105530    20342    67599   130008    11142    82702    71161    84344    54807    30773   152403    43364    40716    43828   121464    33891    11142    24345   119223    15999    31709   115405    31953    63122    78941    93622    65716    85191    54057    89031    46164    36438    89031    16761    78537    79247    78816    54057    88647    85896   159358    90959    41012    75225    28200    78249    20888   121103    35363    37163 
   26426    13922    90595    88125    25613    68936    30867   100435    60841    35127    26377    68546    31134    28262    79247        0    43699    36260    84977    57273    42021    23457   100435    76926     9997    42257    65054    79107     9997    41498    58768    51463    18994    96889    47437    45222    29737    53059    60841    61751    40399    27172    21116     9480    74033   108320    33921    40384    81038    38244    60746    74033    38244    77461    12533    11156    32926    46211    15565    96645    77461    82339    52796    44719    55923    23457    93868    11156    23457    17061     9514    30867    38832    28615    11402    73722    37004    93868     6159    64486    18464    37771    74366    53059    26864    52820    87789    26669    96645    36597    36253    67206    78694    79363    23092    77461    58768    51463    51463     8093    84977    52441    79107    31581   108320    82339    37907    31538    65054    74366    66206    66206    52441    21126     9997    52441    73722    61751    75688    25182   105051    52867    55923    30867    16057    48068    52487    21126    63248    57273    68546    76164    35127    51473    68478    15565    38244    40384    96889    46765    38244    87789    23457    46211    11402    42257    55923    52867    43423    87273    76743    56284   105051    87789   100435    47437    67206    84351    20529    74366    50316    16943    16057    51250    19893    38346    74033    52441    87281    74033    82339    63539        0    29339    38346    23495    40399    46718    17911    84977    45222    79107    82354    61751    57339    93291    77461 
   64477    63681    71051    69151    70358   115974    33571    95497    41867     5321    16954    82874    79008    66494    72029    43699        0    74492    65796   104316    89064    68200    95497    57952    48788    89299    90462    59586    48788     7730    27173    43005    60633    91383    60897    85043    65759    69134    41867    53339    75165    65404    59348    34536   109111    83198     8622    78973    61518    48991   100566   109111    48991    90606    55563    57805     8483    92813    35246    72842    90606    92866     8633    87620    61505    19449    87488    57805    19449    36692    46017    33571    43828    66883    50247    79639    84046    87488    41403   111528    30058    77592    52950    69134    14366    82409    82283    59381    72842    82972    54239    60825    72130    74424    60802    90606    27173    43005    43005    51817    65796    68174    59586    58137    83198    92866    86212    79246    90462    52950    18257    18257    68174    61914    48788    68174    79639    53339    88922    63449    98487    48473    61505    33571    52536    43945    10005    61914    68953   104316    82874   113588     5321    98511   103463    35246    48991    78973    91383     8138    48991    82283    19449    92813    50247    89299    61505    48473    62284   105160    93952    94516    98487    82283    95497    60897    60825    91096    35014    52950     9393    53600    52536    97116    58125    17963   109111    68174    67761   109111    92866   109209    43699    69159    17963    61727    75165    87272    54510    65796    85043    59586   123118    53339    92324   106256    90606 
   27152    33592   111907   143227     8772    85996    49908   118151   115943    77020    58185    85499    48919    10767   101438    36260    74492        0   143456    74247    58975    38222   118151   132028    24531    59210    54468   100364    24531    72646    89915    72775    20312   113843    27905    47718    26523    70234   115943    83063    37374    10221    19463    46082    73136   137419    73734    16831   102339    32388    63313    73136    32388    95188    25495    27737    83207    54801    47549   145557    95188   100055    83589    47561    75532    55265   126981    27737    55265    47978    23699    49908    42259    22575    25733    91438    54246   126981    37532    81439    31790    40267    95640    70234    58672    42043   104743    17020   145557    52883    32398    95932   109185    97079    30713    95188    89915    72775    72775    39010   143456    70167   100364    21931   137419   100055    56123    49268    54468    95640    96999    96999    70167    24589    24531    70167    91438    83063    92642    23277   134200    53341    75532    49908    17242    46382    83634    24589    80201    74247    85499    77491    77020    68533    66947    47549    32388    16831   113843    77913    32388   104743    55265    54801    25733    59210    75532    53341    60376   104960    94430    25717   134200   104743   118151    27905    95932   102067    26695    95640    81464    23609    17242    59105    18240    69373    73136    70167   108580    73136   100055    71884    36260    31835    69373    13811    37374    35940    16572   143456    47718   100364    85680    83063    28544   110357    95188 
   92231    80036     9233     5161   139407    95215   119563    64587    24787    67382    73024    49067    83490   135443    41012    84977    65796   143456        0    97285    86180    97693    64587    14088    89631    81986   159128    13129    89631    78308    48987    40850   124673    60732   138984    99447   134942    63401    24787    38668   106244   134354   128538   103162   114150    22598    79957   148186    13147   126925   105434   114150   126925    71226   124058    88125    58233    98921    80569     7491    71226    61957    58892   103017    56059    76469    27776    88125    76469    70436   114602   119563   127719   135787    91036    48730    79684    27776   110629    90679   107366    97114    21340    63401    68538   151411    51585   127966     7491    79502   132325    34555    32814    43515    89090    71226    48987    40850    40850    76884        0    74576    13129   126722    22598    61957    86390    76787   159128    21340    46761    46761    74576    94677    89631    74576    48730    38668    58596   132619    31761   149320    56059   119563   121167   102698    57349    94677    55688    97285    49067   114961    67382    87894   118911    80569   126925   148186    60732    60873   126925    51585    76469    98921    91036    81986    56059   149320    73741    74779    80687   163483    31761    51585    64587   138984    34555    68647   112321    21340    56988   122172   121167    93477   127210    47418   114150    74576     6512   114150    61957   106075    84977    95168    47418   130666   106244   156275   123135        0    99447    13129   105542    38668   160909    76937    71226 
   49820    44885   101580   102509    70178    17922    92382    68607    93753   106845    88009    53586    28527    66249    69525    57273   104316    74247    97285        0    18018    42722    68607    91423    59778    15999   117376    84474    59778   102000   119269    64444    55396    64505    91937    30535    66507    39875    93753    74757    51227    65159    59103    76370    18566    99433   103558    79722    83679    99758    14509    18566    99758    47895    53568    53163    81353    26452    77079   104839    47895    54907    82722    34226    43619    85090    84960    53163    85090    49159    64678    92382   100465    67631    57133    57674    21156    84960    63346    13385    80111    34679    85766    39875    88497   104951    59455    73327   104839    23866    95243    64018    80092    62889    48250    47895   119269    64444    64444    53626    97285    28544    84474    78239    99433    54907    23016    28294   117376    85766    88596    88596    28544    52606    59778    28544    57674    74757    47578    64198    96213   114265    43619    92382    67869   109701   112988    52606    47747        0    53586    19953   106845     8699    23305    77079    99758    79722    64505   107267    99758    59455    85090    26452    57133    15999    43619   114265    27635    51910    47137    94271    96213    59455    68607    91937    64018    56918    76279    85766    88948    51944    67869    20448    57880    71167    18566    28544    95292    18566    54907     9347    57273    44100    71167    61437    51227    98849    63842    97285    30535    84474    24531    74757    62514    65209    47895 
   35049    30123    88296    91513    54926    29767    77056    65694    82594    91593    72757    43046    13765    50962    58987    42021    89064    58975    86180    18018        0    27470    65694    80426    44635     4880   102124    73369    44635    86658   104507    53285    40625    61607    76761    15765    47454    31293    82594    63573    36387    49872    44342    60655    33463    95042    88306    63067    75790    84418    22442    33463    84418    44982    38657    37911    70194    11611    62122    93843    44982    51994    71563    22773    32514    69838    81461    37911    69838    33907    49426    77056    85213    48299    41881    49060    10247    81461    48202    23915    64859    19844    76150    31293    73245    89700    56558    58075    93843     9569    80067    52913    66807    54701    33488    44982   104507    53285    53285    38374    86180    19962    73369    62987    95042    51994     7552    13042   102124    76150    77438    77438    19962    37836    44635    19962    49060    63573    44681    49436    91822    99013    32514    77056    53248    94449    98226    37836    34263    18018    43046    36984    91593    12605    29434    62122    84418    63067    61607    91841    84418    56558    69838    11611    41881     4880    32514    99013    16530    54754    44224    79002    91822    56558    65694    76761    52913    54005    69814    76150    77843    36478    53248     7296    42729    60062    33463    19962    84295    33463    51994    22969    42021    29265    60062    46185    36387    83597    49292    86180    15765    73369    40095    63573    47674    62296    44982 
   15558    11155    83530    87421    34088    54470    56357    86192    66947    70729    51854    53994    17414    30224    69933    23457    68200    38222    97693    42722    27470        0    86192    74320    23754    27705    74655    71353    23754    65975    83244    43756    20482    82337    55912    27251    30482    38508    66947    54686    29532    29134    23078    40345    59481   109928    60837    43697    84087    63734    45428    59481    63734    64694    17543    19785    54365    29020    41055   101945    64694    68484    70692    27336    44027    42368    95476    19785    42368    20097    28530    56357    64513    31607    14411    60944    22452    95476    29616    49934    43954    22453    66612    38508    52331    68859    73237    30606   101945    21377    59218    64426    78940    66585    12225    64694    83244    43756    43756    26207    97693    38723    71353    42010   109928    68484    24618    18775    74655    66612    88856    88856    38723    17696    23754    38723    60944    54686    61137    28173   106557    78357    44027    56357    31844    66979    76963    17696    48696    42722    53994    61612    70729    38039    49679    41055    63734    43697    82337    71242    63734    73237    42368    29020    14411    27705    44027    78357    28871    76582    62986    58246   106557    73237    86192    55912    64426    70449    40254    66612    74793    15919    31844    34058    21855    44211    59481    38723    92582    59481    68484    48987    23457    15929    44211    25458    29532    62757    27817    97693    27251    71353    67802    54686    51170    78739    64694 
   95487    88133    52792    64506   114018    62990   145629        0    72023    96935   103153    38368    72431   110153    24345   100435    95497   118151    64587    68607    65694    86192        0    55384   103683    61513   185420    51775   103683   104248   100672    51880   100411     9796   135841    80163   110411    45268    72023    44096   102811   109063   103008   129617    82832    51144   106248   123626    50981   153006    84343    82832   153006    29127    97472    96200    87786    76076    99453    69743    29127    18069    88334    91515    47559   105911    36692    96200   105911    80107   108148   145629   153786   111536   100603    24949    70087    36692   106594    58454   133226    86182    55399    45268    98090   178774    15631   116798    69743    68746   139147    39574    30434    24987    92154    29127   100672    51880    51880    92638    64587    48517    51775   121939    51144    18069    75544    69811   185420    55399    84305    84305    48517    97625   103683    48517    24949    44096    22460   108102    47773   137009    47559   145629   111773   132140    88390    97625    37615    68607    38368    82712    96935    65550    87755    99453   153006   123626     9796    91174   153006    15631   105911    76076   100603    61513    47559   137009    60151    25273    30965   138175    47773    15631        0   135841    39574    12705   138182    55399    86697    95848   111773    72977   101785    77632    82832    48517    59475    82832    18069    74321   100435    95602    77632   105387   102811   183638   107746    64587    80163    51775    69123    44096   137362    11694    29127 
