dep43 0 0 60
**************************************DATA
6 86 480 8 1.33
**************************************DISTANCE
       0    17401    34792    25103    28944    25572    10790    51478    27870    21395    21369    78361    48265   108805     9786    43046    50770    31765    28975   103867    25461    25461    62003    96141    16210    10644    42427    21395    90791    96141    32867    18914    22617    18393    94294   108805    62105    36927    92886    26825    28696    28479    35310    78361    48940    43510    22680    10644    34792    28479    46504    22680    81312    36279    98295    80671    62003    53424    12398    98802    10790    34792    22617    36279    21395    18393    36279    71033    46306    63624   117110    31765    38565    53424   103867   117110    16448    42427    46880    35310    21369    25103    12398    48265    62003    28081    80671 
   17401        0    35926    25923    30935    17927    15743    52399    30637    22510    25065    78683    49520   108855    11922    44180    52025    32586    27381   104889    17884    17884    63025    96422    31661    12341    43449    22510    92046    96422    33889    17557    13825    21925    95316   108855    63361    37948    93908    28081    29725    29501    36361    78683    49961    32860    26377    12341    35926    29501    38051    26377    82568    36757    98765    81007    63025    54445    25719    99824    15743    35926    13825    36757    22510    21925    36757    72132    47714    56890   118132    32586    37981    54445   104889   118132    20145    43449    48136    36361    25065    25923    25719    49520    63025    20044    81007 
   34792    35926        0    20815    15803    51879    49825    28701    29026    15642    59147    55226    21431    85669    25766    10179    27634    22105    62220    81440    52017    52017    39576    72973    45350    46697     8737    15642    67655    72973     9542    51689    47957    25022    71867    85669    39327    13891    70459     8641    20394     9500    26104    55226    25904    58729    60459    46697        0     9500    51215    60459    58534    13704    75160    57535    39576    31409    43223    76375    49825        0    47957    13704    15642    25022    13704    45106    22280    53813    94682    22105    14539    31409    81440    94682    54227     8737    24102    26104    59147    20815    43223    21431    39576    54388    57535 
   25103    25923    20815        0     5012    42165    39822    27396    32883    10617    49145    52104    29417    82276    15672    28671    17504     6662    52217    78310    42123    42123    29511    69843    39362    36579    23233    10617    64668    69843    13717    41796    30245    24171    68737    82276    42162    17732    67329    13896     3802    11336     9972    52104    29745    36157    50456    36579    20815    11336    36657    50456    62465    16541    72186    54428    29511    34229    33421    73245    39822    20815    30245    16541    10617    24171    16541    51916    27459    40326    91553     6662    17764    34229    78310    91553    44225    23233    28692     9972    49145        0    33421    29417    29511    44385    54428 
   28944    30935    15803     5012        0    46888    44834    27171    34054    10695    54156    52021    24406    82058    20684    23660    17287     6445    57229    78093    46169    46169    29293    69626    42037    40625    18221    10695    64451    69626     8705    45841    35257    24411    68520    82058    38246    12721    67112    10804     4438     8244    10444    52021    24733    41169    55468    40625    15803     8244    37294    55468    57453    12420    71955    54331    29293    29218    38225    73028    44834    15803    35257    12420    10695    24411    12420    47174    22447    43531    91335     6445    12753    29218    78093    91335    49236    18221    23021    10444    54156     5012    38225    24406    29293    49397    54331 
   25572    17927    51879    42165    46888        0    15764    68352    42777    38662    17597    94636    65532   124808    27933    60134    68037    48539    11367   120842     6914     6914    78978   112375    28688    16647    59403    38662   108058   112375    49843     7276    16559    37878   111270   124808    79372    53902   109861    44092    45678    45454    52373    94636    65915    36224    13661    16647    51879    45454    50819    13661    98579    52711   114718    96961    78978    70399    22257   115778    15764    51879    16559    52711    38662    37878    52711    88300    63573    69658   134085    48539    53934    70399   120842   134085    13253    59403    64147    52373    17597    42165    22257    65532    78978     2491    96961 
   10790    15743    49825    39822    44834    15764        0    66298    35692    36409    11554    92582    63098   122754    25499    58079    64928    46485    16812   118788    15722    15722    76924   110321    21603     5348    57348    36409   105624   110321    47788     9200    14505    27567   109215   122754    76938    51847   107807    41890    43624    43400    49794    92582    63860    33825    12879     5348    49825    43400    47464    12879    96145    50656   112664    94906    76924    68344    15612   113723        0    49825    14505    50656    36409    27567    50656    86031    61613    66303   132031    46485    51879    68344   118788   132031     6607    57348    61713    49794    11554    39822    15612    63098    76924    17882    94906 
   51478    52399    28701    27396    27171    68352    66298        0    52798    29889    75620    27672    22952    57898    42239    35682     7999    20856    78692    53932    68703    68703    21571    45465    63508    63159    21324    29889    40102    45465    19176    68376    64643    43722    44359    57898    13463    14520    42951    29998    23930    24995    21781    27672    10582    46926    76931    63159    28701    24995    32052    76931    38026    18163    47606    29982    21571    23232    59695    48867    66298    28701    64643    18163    29889    43722    18163    40993    13794    29709    67174    20856    14788    23232    53932    67174    70700    21324     5574    21781    75620    27396    59695    22952    21571    70860    29982 
   27870    30637    29026    32883    34054    42777    35692    52798        0    26965    34353    80332    47394   109704    17566    34628    52740    40499    44931   105738    42220    42220    63874    97271    20034    36898    37885    26965    92761    97271    33999    36074    41140    10618    96166   109704    63777    38348    94758    23257    38493    30915    44583    80332    50361    53349    36991    36898    29026    30915    54590    36991    82984    38249   100266    82641    63874    53811    20087   100674    35692    29026    41140    38249    26965    10618    38249    67894    46729    78112   118981    40499    37931    53811   105738   118981    29425    37885    48552    44583    34353    32883    20087    47394    63874    45285    82641 
   21395    22510    15642    10617    10695    38662    36409    29889    26965        0    45731    56173    26870    86345    12350    23896    29375    17140    48803    82379    38619    38619    40515    73912    35654    33076    20939        0    69396    73912    11380    38292    34560    13638    72806    86345    40710    15439    71398     5440    15133     6991    21217    56173    27452    45312    47042    33076    15642     6991    46677    47042    59917    14247    76255    58498    40515    31936    29713    77315    36409    15642    34560    14247        0    13638    14247    49623    25204    54753    95622    17140    15471    31936    82379    95622    40811    20939    25485    21217    45731    10617    29713    26870    40515    40779    58498 
   21369    25065    59147    49145    54156    17597    11554    75620    34353    45731        0   101904    72449   132076    32503    67401    74251    55807    10688   128110    18056    18056    86246   119643    15583    14897    66670    45731   114975   119643    57110    11910    23827    35392   118537   132076    86290    61170   117129    51212    52946    52722    59290   101904    73183    43147     6466    14897    59147    52722    58087     6466   105497    59978   121986   104228    86246    77667    14689   123046    11554    59147    23827    59978    45731    35392    59978    95354    70935    76926   141353    55807    61202    77667   128110   141353     6046    66670    71065    59290        0    49145    14689    72449    86246    16005   104228 
   78361    78683    55226    52104    52021    94636    92582    27672    80332    56173   101904        0    50145    38283    68523    62821    32707    45576   104976    34317    95586    95586    26892    25850    89792    90042    48463    56173    20472    25850    45701    95258    80600    70604    24744    38283    16375    42098    23336    56282    48651    51878    46489        0    37721    61294   103215    90042    55226    51878    49132   103215    26548    42871    27977    10352    26892    50371    85979    29252    92582    55226    80600    42871    56173    70604    42871    68185    40987    33524    47559    45576    41928    50371    34317    47559    96984    48463    32767    46489   101904    52104    85979    50145    26892    97144    10352 
   48265    49520    21431    29417    24406    65532    63098    22952    47394    26870    72449    50145        0    80317    39196    12767    30112    25181    74986    76351    65489    65489    43990    67884    62524    59946    10020    26870    62484    67884    14714    65162    61430    40508    66778    80317    33656    12921    65370    26978    28256    21781    29167    50145    13846    62420    72613    59946    21431    21781    50160    72613    46143    14855    70227    52469    43990     9978    56583    71287    63098    21431    61430    14855    26870    40508    14855    26250     9487    52128    89594    25181    11720     9978    76351    89594    67502    10020    19398    29167    72449    29417    56583        0    43990    67649    52469 
  108805   108855    85669    82276    82058   124808   122754    57898   109704    86345   132076    38283    80317        0    98695    93265    62879    76020   135148     6982   126029   126029    57336    17653   119964   119626    78907    86345    21425    17653    76145   125702    98718   101048    16366        0    49710    72542    18427    86454    79094    82322    76661    38283    68165    79525   133387   119626    85669    82322    67250   133387    62981    73043    15638    29714    57336    80815   116152    10705   122754    85669    98718    73043    86345   101048    73043    98358    71159    48396    17212    76020    72372    80815     6982    17212   127156    78907    62939    76661   132076    82276   116152    80317    57336   127317    29714 
    9786    11922    25766    15672    20684    27933    25499    42239    17566    12350    32503    68523    39196    98695        0    34020    33187    22335    37388    94729    27891    27891    45183    86262    24045    22347    33289    12350    81244    86262    23730    27564    23831     8854    85156    98695    52942    27789    83748    17831    19474    19341    25644    68523    39802    36126    35015    22347    25766    19341    37282    35015    72099    26597    88605    70848    45183    44286    18104    89665    25499    25766    23831    26597    12350     8854    26597    61973    37554    53836   107972    22335    27821    44286    94729   107972    28156    33289    37716    25644    32503    15672    18104    39196    45183    30051    70848 
   43046    44180    10179    28671    23660    60134    58079    35682    34628    23896    67401    62821    12767    93265    34020        0    33064    27541    70474    89118    60271    60271    45002    80651    54413    54951     9961    23896    75251    80651    14969    59944    56211    33277    79545    93265    46308    19318    78137    16895    28078    17754    31533    62821    26613    66983    68713    54951    10179    17754    56642    68713    58834    19134    82755    65131    45002    22745    51477    84053    58079    10179    56211    19134    23896    33277    19134    34910    21167    59240   102361    27541    17124    22745    89118   102361    62481     9961    26687    31533    67401    28671    51477    12767    45002    62642    65131 
   50770    52025    27634    17504    17287    68037    64928     7999    52740    29375    74251    32707    30112    62879    33187    33064        0    10842    77491    58913    67994    67994    12194    50446    65029    62451    21952    29375    45149    50446    18110    67667    47282    43013    49340    62879    23497    14507    47932    28629    13917    24286    11900    32707    17741    36181    75562    62451    27634    24286    23921    75562    45186    15258    52789    35031    12194    30391    59088    53848    64928    27634    47282    15258    29375    43013    15258    48078    20808    26519    72156    10842    14898    30391    58913    72156    70007    21952    13996    11900    74251    17504    59088    30112    12194    70154    35031 
   31765    32586    22105     6662     6445    48539    46485    20856    40499    17140    55807    45576    25181    76020    22335    27541    10842        0    58879    71648    48785    48785    22848    63181    43688    43357    19217    17140    58006    63181    12580    48458    40662    30833    62075    76020    35500    13255    60667    17249     3075    14689     3999    45576    27138    37468    57118    43357    22105    14689    33228    57118    59510    10360    65510    47886    22848    30213    39875    66583    46485    22105    40662    10360    17140    30833    10360    47949    26954    37086    84890        0    13446    30213    71648    84890    50887    19217    22030     3999    55807     6662    39875    25181    22848    51048    47886 
   28975    27381    62220    52217    57229    11367    16812    78692    44931    48803    10688   104976    74986   135148    37388    70474    77491    58879        0   131182    16780    16780    89318   122716    26161    22504    69743    48803   117512   122716    60183    10062    26900    48219   121610   135148    88826    64242   120202    53546    56019    55795    61827   104976    76255    45678     6751    22504    62220    55795    61159     6751   108033    63051   125059   107301    89318    80739    25267   126118    16812    62220    26900    63051    48803    48219    63051    98426    74008    79998   144425    58879    64274    80739   131182   144425    16368    69743    73601    61827    10688    52217    25267    74986    89318     9775   107301 
  103867   104889    81440    78310    78093   120842   118788    53932   105738    82379   128110    34317    76351     6982    94729    89118    58913    71648   131182        0   120731   120731    53060    13275   115998   115660    75071    82379    12629    13275    71958   121121    94134    96772     9060     6982    45744    68266    14194    82488    74819    78046    72695    34317    63889    74890   129421   115660    81440    78046    62710   129421    59015    69077     7347    25748    53060    76692   112186     6418   118788    81440    94134    69077    82379    96772    69077    94392    67193    43871    23164    71648    67894    76692        0    23164   123190    75071    58973    72695   128110    78310   112186    76351    53060   123351    25748 
   25461    17884    52017    42123    46169     6914    15722    68703    42220    38619    18056    95586    65489   126029    27891    60271    67994    48785    16780   120731        0        0    78866   113366    27133    16209    59291    38619   108015   113366    49731     6719    16448    37767   111158   126029    79330    53790   109750    44050    45567    45343    52330    95586    65803    36181    14362    16209    52017    45343    50708    14362    98537    53503   115520    97895    78866    70287    22140   115666    15722    52017    16448    53503    38619    37767    53503    88257    63531    69547   133973    48785    55790    70287   120731   133973    13136    59291    64105    52330    18056    42123    22140    65489    78866     9423    97895 
   25461    17884    52017    42123    46169     6914    15722    68703    42220    38619    18056    95586    65489   126029    27891    60271    67994    48785    16780   120731        0        0    78866   113366    27133    16209    59291    38619   108015   113366    49731     6719    16448    37767   111158   126029    79330    53790   109750    44050    45567    45343    52330    95586    65803    36181    14362    16209    52017    45343    50708    14362    98537    53503   115520    97895    78866    70287    22140   115666    15722    52017    16448    53503    38619    37767    53503    88257    63531    69547   133973    48785    55790    70287   120731   133973    13136    59291    64105    52330    18056    42123    22140    65489    78866     9423    97895 
   62003    63025    39576    29511    29293    78978    76924    21571    63874    40515    86246    26892    43990    57336    45183    45002    12194    22848    89318    53060    78866    78866        0    44672    74134    66647    36567    40515    39322    44672    30094    79256    53724    54153    43457    57336    21776    26505    41826    40624    25923    35758    23895    26892    31621    34426    87557    66647    39576    35758    22245    87557    42200    27213    46826    24104        0    44331    70322    48095    76924    39576    53724    27213    40515    54153    27213    62031    34832    15244    65997    22848    27120    44331    53060    65997    81326    36567    26613    23895    86246    29511    70322    43990        0    81487    24104 
   96141    96422    72973    69843    69626   112375   110321    45465    97271    73912   119643    25850    67884    17653    86262    80651    50446    63181   122716    13275   113366   113366    44672        0   107532   107193    66243    73912     8992        0    63481   113038    86822    88384     3702    17653    37277    59878     4094    74021    66431    69658    64228    25850    55501    67543   120955   107193    72973    69658    55354   120955    50548    60610     7143    17281    44672    68151   103719     8211   110321    72973    86822    60610    73912    88384    60610    85925    58726    36500    26518    63181    59427    68151    13275    26518   114723    66243    50507    64228   119643    69843   103719    67884    44672   114884    17281 
   16210    31661    45350    39362    42037    28688    21603    63508    20034    35654    15583    89792    62524   119964    24045    54413    65029    43688    26161   115998    27133    27133    74134   107532        0    23974    54559    35654   105050   107532    44999    20987    32904    22286   106426   119964    76365    49058   105018    41085    40827    40611    49570    89792    61071    53189    20892    23974    45350    40611    58635    20892    95572    50538   112555    94930    74134    65555     7095   110934    21603    45350    32904    50538    35654    22286    50538    87679    60566    75190   129241    43688    49090    65555   115998   129241    15335    54559    61140    49570    15583    39362     7095    62524    74134    31196    94930 
   10644    12341    46697    36579    40625    16647     5348    63159    36898    33076    14897    90042    59946   119626    22347    54951    62451    43357    22504   115660    16209    16209    66647   107193    23974        0    54220    33076   102472   107193    44661    12538    11973    27421   106087   119626    73786    48720   104679    38506    40496    40272    45711    90042    60733    31276    16208        0    46697    40272    44402    16208    92993    47959   109976    92352    66647    65217    19305   110596     5348    46697    11973    47959    33076    27421    47959    82713    57987    63241   128903    43357    48752    65217   115660   128903     9977    54220    58561    45711    14897    36579    19305    59946    66647    19156    92352 
   42427    43449     8737    23233    18221    59403    57348    21324    37885    20939    66670    48463    10020    78907    33289     9961    21952    19217    69743    75071    59291    59291    36567    66243    54559    54220        0    20939    60893    66243     6563    59681    52426    31505    65498    78907    31951    10440    63398    17500    22181    12778    23216    48463    18314    57851    67982    54220     8737    12778    45581    67982    51925    10256    68398    50773    36567    18195    50746    70006    57348     8737    52426    10256    20939    31505    10256    36307    12857    48189    88314    19217     7163    18195    75071    88314    61750        0    16726    23216    66670    23233    50746    10020    36567    61911    50773 
   21395    22510    15642    10617    10695    38662    36409    29889    26965        0    45731    56173    26870    86345    12350    23896    29375    17140    48803    82379    38619    38619    40515    73912    35654    33076    20939        0    69396    73912    11380    38292    34560    13638    72806    86345    40710    15439    71398     5440    15133     6991    21217    56173    27452    45312    47042    33076    15642     6991    46677    47042    59917    14247    76255    58498    40515    31936    29713    77315    36409    15642    34560    14247        0    13638    14247    49623    25204    54753    95622    17140    15471    31936    82379    95622    40811    20939    25485    21217    45731    10617    29713    26870    40515    40779    58498 
   90791    92046    67655    64668    64451   108058   105624    40102    92761    69396   114975    20472    62484    21425    81244    75251    45149    58006   117512    12629   108015   108015    39322     8992   105050   102472    60893    69396        0     8992    58131   107688    93030    83034     4021    21425    31968    54528     4592    69504    61080    64307    59064    20472    50151    73732   115139   102472    67655    64307    61562   115139    45234    55279     7006    11992    39322    62801    99109    12395   105624    67655    93030    55279    69396    83034    55279    80488    53217    34736    26373    58006    54358    62801    12629    26373   110028    60893    45216    59064   114975    64668    99109    62484    39322   110175    11992 
   96141    96422    72973    69843    69626   112375   110321    45465    97271    73912   119643    25850    67884    17653    86262    80651    50446    63181   122716    13275   113366   113366    44672        0   107532   107193    66243    73912     8992        0    63481   113038    86822    88384     3702    17653    37277    59878     4094    74021    66431    69658    64228    25850    55501    67543   120955   107193    72973    69658    55354   120955    50548    60610     7143    17281    44672    68151   103719     8211   110321    72973    86822    60610    73912    88384    60610    85925    58726    36500    26518    63181    59427    68151    13275    26518   114723    66243    50507    64228   119643    69843   103719    67884    44672   114884    17281 
   32867    33889     9542    13717     8705    49843    47788    19176    33999    11380    57110    45701    14714    76145    23730    14969    18110    12580    60183    71958    49731    49731    30094    63481    44999    44661     6563    11380    58131    63481        0    50121    45863    24942    62386    76145    29803     4409    60636    11489    13170     6215    16579    45701    16422    54010    58422    44661     9542     6215    41739    58422    49010     4180    65635    48011    30094    19782    41186    66904    47788     9542    45863     4180    11380    24942     4180    37482    12755    44347    85201    12580     5015    19782    71958    85201    52190     6563    14578    16579    57110    13717    41186    14714    30094    52351    48011 
   18914    17557    51689    41796    45841     7276     9200    68376    36074    38292    11910    95258    65162   125702    27564    59944    67667    48458    10062   121121     6719     6719    79256   113038    20987    12538    59681    38292   107688   113038    50121        0    16838    38157   111548   125702    79002    54180   110140    43723    45957    45733    52003    95258    66193    35854     7644    12538    51689    45733    51098     7644    98209    53176   115193    97568    79256    70677    15994   116056     9200    51689    16838    53176    38292    38157    53176    87930    63204    69937   134363    48458    55463    70677   121121   134363     6989    59681    63777    52003    11910    41796    15994    65162    79256     9785    97568 
   22617    13825    47957    30245    35257    16559    14505    64643    41140    34560    23827    80600    61430    98718    23831    56211    47282    40662    26900    94134    16448    16448    53724    86822    32904    11973    52426    34560    93030    86822    45863    16838        0    33620    84531    98718    75270    49644    80585    39990    34047    41497    38427    80600    61657    19298    25138    11973    47957    41497    31558    25138    94477    49443    87900    73238    53724    66498    27911    89169    14505    47957        0    49443    34560    33620    49443    84197    59471    50322   107071    40662    51730    66498    94134   107071    18907    52426    60045    38427    23827    30245    27911    61430    53724    19068    73238 
   18393    21925    25022    24171    24411    37878    27567    43722    10618    13638    35392    70604    40508   101048     8854    33277    43013    30833    48219    96772    37767    37767    54153    88384    22286    27421    31505    13638    83034    88384    24942    38157    33620        0    87170   101048    54348    29077    85539    17056    27972    20575    34378    70604    41257    44636    38029    27421    25022    20575    45787    38029    73555    28522    90538    72914    54153    45576    20411    91807    27567    25022    33620    28522    13638        0    28522    68204    38549    62692   109709    30833    30809    45576    96772   109709    30463    31505    39123    34378    35392    24171    20411    40508    54153    40387    72914 
   94294    95316    71867    68737    68520   111270   109215    44359    96166    72806   118537    24744    66778    16366    85156    79545    49340    62075   121610     9060   111158   111158    43457     3702   106426   106087    65498    72806     4021     3702    62386   111548    84531    87170        0    16366    36171    58663     4621    72916    65216    68443    63122    24744    54286    65318   119849   106087    71867    68443    53137   119849    49442    59504     3357    16175    43457    67119   102613     7125   109215    71867    84531    59504    72806    87170    59504    84819    57621    34298    22803    62075    58322    67119     9060    22803   113617    65498    49401    63122   118537    68737   102613    66778    43457   113778    16175 
  108805   108855    85669    82276    82058   124808   122754    57898   109704    86345   132076    38283    80317        0    98695    93265    62879    76020   135148     6982   126029   126029    57336    17653   119964   119626    78907    86345    21425    17653    76145   125702    98718   101048    16366        0    49710    72542    18427    86454    79094    82322    76661    38283    68165    79525   133387   119626    85669    82322    67250   133387    62981    73043    15638    29714    57336    80815   116152    10705   122754    85669    98718    73043    86345   101048    73043    98358    71159    48396    17212    76020    72372    80815     6982    17212   127156    78907    62939    76661   132076    82276   116152    80317    57336   127317    29714 
   62105    63361    39327    42162    38246    79372    76938    13463    63777    40710    86290    16375    33656    49710    52942    46308    23497    35500    88826    45744    79330    79330    21776    37277    76365    73786    31951    40710    31968    37277    29803    79002    75270    54348    36171    49710        0    25146    34763    40819    38575    35622    36558    16375    21208    56186    86453    73786    39327    35622    44016    86453    23855    28276    39620    21862    21776    33858    70424    40679    76938    39327    75270    28276    40710    54348    28276    51545    24275    37000    58986    35500    25415    33858    45744    58986    81343    31951    16274    36558    86290    42162    70424    33656    21776    81489    21862 
   36927    37948    13891    17732    12721    53902    51847    14520    38348    15439    61170    42098    12921    72542    27789    19318    14507    13255    64242    68266    53790    53790    26505    59878    49058    48720    10440    15439    54528    59878     4409    54180    49644    29077    58663    72542    25146        0    57033    15548    18043    10682    17254    42098    12056    50406    62481    48720    13891    10682    38136    62481    44353     2780    62032    44408    26505    21296    45245    63301    51847    13891    49644     2780    15439    29077     2780    38996    11798    40744    81203    13255     1521    21296    68266    81203    56250    10440     9921    17254    61170    17732    45245    12921    26505    56410    44408 
   92886    93908    70459    67329    67112   109861   107807    42951    94758    71398   117129    23336    65370    18427    83748    78137    47932    60667   120202    14194   109750   109750    41826     4094   105018   104679    63398    71398     4592     4094    60636   110140    80585    85539     4621    18427    34763    57033        0    71507    63585    66812    61714    23336    52655    61316   118441   104679    70459    66812    49117   118441    48034    58096     7918    14290    41826    65305   101205     9129   107807    70459    80585    58096    71398    85539    58096    83411    56212    30297    27436    60667    56913    65305    14194    27436   112209    63398    47993    61714   117129    67329   101205    65370    41826   112370    14290 
   26825    28081     8641    13896    10804    44092    41890    29998    23257     5440    51212    56282    26978    86454    17831    16895    28629    17249    53546    82488    44050    44050    40624    74021    41085    38506    17500     5440    69504    74021    11489    43723    39990    17056    72916    86454    40819    15548    71507        0    15242     7100    21326    56282    27561    50951    52524    38506     8641     7100    52264    52524    60025    14357    76364    58607    40624    32045    35144    77424    41890     8641    39990    14357     5440    17056    14357    51832    25313    54862    95731    17249    15580    32045    82488    95731    46063    17500    25593    21326    51212    13896    35144    26978    40624    46209    58607 
   28696    29725    20394     3802     4438    45678    43624    23930    38493    15133    52946    48651    28256    79094    19474    28078    13917     3075    56019    74819    45567    45567    25923    66431    40827    40496    22181    15133    61080    66431    13170    45957    34047    27972    65216    79094    38575    18043    63585    15242        0    12868     6170    48651    36748    37083    54258    40496    20394    12868    28445    54258    62584    13435    68585    50960    25923    33324    37015    69853    43624    20394    34047    13435    15133    27972    13435    51024    30029    36858    87755     3075    16521    33324    74819    87755    48026    22181    25105     6170    52946     3802    37015    28256    25923    48187    50960 
   28479    29501     9500    11336     8244    45454    43400    24995    30915     6991    52722    51878    21781    82322    19341    17754    24286    14689    55795    78046    45343    45343    35758    69658    40611    40272    12778     6991    64307    69658     6215    45733    41497    20575    68443    82322    35622    10682    66812     7100    12868        0    18688    51878    22695    52304    54033    40272     9500        0    47916    54033    54829     9795    71812    54187    35758    26849    36798    73081    43400     9500    41497     9795     6991    20575     9795    44549    19823    50524    90982    14689    12082    26849    78046    90982    47802    12778    20397    18688    52722    11336    36798    21781    35758    47963    54187 
   35310    36361    26104     9972    10444    52373    49794    21781    44583    21217    59290    46489    29167    76661    25644    31533    11900     3999    61827    72695    52330    52330    23895    64228    49570    45711    23216    21217    59064    64228    16579    52003    38427    34378    63122    76661    36558    17254    61714    21326     6170    18688        0    46489    34721    35248    59454    45711    26104    18688    30993    59454    59100    14345    66571    48813    23895    47371    43629    67630    49794    26104    38427    14345    21217    34378    14345    65058    37787    35462    85938     3999    17286    47371    72695    85938    54343    23216    24734        0    59290     9972    43629    29167    23895    54490    48813 
   78361    78683    55226    52104    52021    94636    92582    27672    80332    56173   101904        0    50145    38283    68523    62821    32707    45576   104976    34317    95586    95586    26892    25850    89792    90042    48463    56173    20472    25850    45701    95258    80600    70604    24744    38283    16375    42098    23336    56282    48651    51878    46489        0    37721    61294   103215    90042    55226    51878    49132   103215    26548    42871    27977    10352    26892    50371    85979    29252    92582    55226    80600    42871    56173    70604    42871    68185    40987    33524    47559    45576    41928    50371    34317    47559    96984    48463    32767    46489   101904    52104    85979    50145    26892    97144    10352 
   48940    49961    25904    29745    24733    65915    63860    10582    50361    27452    73183    37721    13846    68165    39802    26613    17741    27138    76255    63889    65803    65803    31621    55501    61071    60733    18314    27452    50151    55501    16422    66193    61657    41257    54286    68165    21208    12056    52655    27561    36748    22695    34721    37721        0    59865    74494    60733    25904    22695    47595    74494    32411    14793    57655    40031    31621    11099    57258    58924    63860    25904    61657    14793    27452    41257    14793    31886     4688    41595    76826    27138    12058    11099    63889    76826    68262    18314     7041    34721    73183    29745    57258    13846    31621    68423    40031 
   43510    32860    58729    36157    41169    36224    33825    46926    53349    45312    43147    61294    62420    79525    36126    66983    36181    37468    45678    74890    36181    36181    34426    67543    53189    31276    57851    45312    73732    67543    54010    35854    19298    44636    65318    79525    56186    50406    61316    50951    37083    52304    35248    61294    59865        0    44459    31276    58729    52304    12270    44459    76610    51157    68766    51736    34426    72515    47199    69826    33825    58729    19298    51157    45312    44636    51157    90202    62932    31019    88133    37468    50797    72515    74890    88133    38227    57851    49890    35248    43147    36157    47199    62420    34426    38341    51736 
   22680    26377    60459    50456    55468    13661    12879    76931    36991    47042     6466   103215    72613   133387    35015    68713    75562    57118     6751   129421    14362    14362    87557   120955    20892    16208    67982    47042   115139   120955    58422     7644    25138    38029   119849   133387    86453    62481   118441    52524    54258    54033    59454   103215    74494    44459        0    16208    60459    54033    59398        0   105660    61290   123298   105540    87557    78978    16911   124357    12879    60459    25138    61290    47042    38029    61290    96665    72247    78237   142664    57118    62513    78978   129421   142664     7357    67982    71228    59454     6466    50456    16911    72613    87557    12069   105540 
   10644    12341    46697    36579    40625    16647     5348    63159    36898    33076    14897    90042    59946   119626    22347    54951    62451    43357    22504   115660    16209    16209    66647   107193    23974        0    54220    33076   102472   107193    44661    12538    11973    27421   106087   119626    73786    48720   104679    38506    40496    40272    45711    90042    60733    31276    16208        0    46697    40272    44402    16208    92993    47959   109976    92352    66647    65217    19305   110596     5348    46697    11973    47959    33076    27421    47959    82713    57987    63241   128903    43357    48752    65217   115660   128903     9977    54220    58561    45711    14897    36579    19305    59946    66647    19156    92352 
   34792    35926        0    20815    15803    51879    49825    28701    29026    15642    59147    55226    21431    85669    25766    10179    27634    22105    62220    81440    52017    52017    39576    72973    45350    46697     8737    15642    67655    72973     9542    51689    47957    25022    71867    85669    39327    13891    70459     8641    20394     9500    26104    55226    25904    58729    60459    46697        0     9500    51215    60459    58534    13704    75160    57535    39576    31409    43223    76375    49825        0    47957    13704    15642    25022    13704    45106    22280    53813    94682    22105    14539    31409    81440    94682    54227     8737    24102    26104    59147    20815    43223    21431    39576    54388    57535 
   28479    29501     9500    11336     8244    45454    43400    24995    30915     6991    52722    51878    21781    82322    19341    17754    24286    14689    55795    78046    45343    45343    35758    69658    40611    40272    12778     6991    64307    69658     6215    45733    41497    20575    68443    82322    35622    10682    66812     7100    12868        0    18688    51878    22695    52304    54033    40272     9500        0    47916    54033    54829     9795    71812    54187    35758    26849    36798    73081    43400     9500    41497     9795     6991    20575     9795    44549    19823    50524    90982    14689    12082    26849    78046    90982    47802    12778    20397    18688    52722    11336    36798    21781    35758    47963    54187 
